total_quantity,business_quantity,personal_quantity,request_type,total_time
57,55,2,payment,205.88
44,43,1,payment,109.75
48,35,13,existence,85.45
112,88,24,debt,302.46
59,5,54,debt,130.12
134,52,82,debt,409.36
67,37,30,debt,133.43
32,32,0,payment,123.44
133,8,125,debt,197.17
56,41,15,existence,149.03
91,88,3,payment,231.59
80,46,34,payment,221.25
54,34,20,payment,121.53
51,31,20,existence,137.5
24,1,23,existence,46.59
19,14,5,existence,40.31
112,58,54,debt,231.83
134,11,123,debt,324.36
112,6,106,payment,246.38
152,103,49,debt,412.23
78,41,37,payment,208.91
31,2,29,payment,80.2
58,10,48,payment,90.09
116,112,4,debt,270.28
66,55,11,payment,219.28
9,2,7,existence,22.2
12,2,10,debt,38.06
113,66,47,debt,246.57
47,2,45,payment,127.67
88,56,32,debt,282.7
120,115,5,payment,282.95
76,50,26,existence,243.15
117,27,90,payment,205.23
106,78,28,payment,279.58
103,53,50,debt,283.98
47,27,20,existence,141.17
9,4,5,payment,31.96
11,6,5,payment,39.31
51,30,21,existence,105.4
102,2,100,payment,268.88
138,23,115,payment,270.08
84,60,24,payment,254.74
58,37,21,payment,148.77
36,2,34,existence,71.59
81,70,11,payment,237.21
23,19,4,debt,77.45
152,107,45,payment,492.1
38,3,35,debt,104.11
114,102,12,debt,273.23
50,37,13,payment,159.9
89,48,41,payment,244.35
117,31,86,debt,230.47
130,62,68,existence,353.59
74,41,33,existence,145.65
108,79,29,payment,344.55
141,8,133,payment,257.93
76,2,74,debt,187.36
31,15,16,debt,85.9
72,66,6,payment,199.85
149,119,30,debt,324.43
124,103,21,debt,353.32
81,14,67,existence,202.44
137,79,58,debt,283.38
114,95,19,payment,394.53
153,89,64,existence,435.44
123,77,46,existence,270.11
141,1,140,debt,318.61
24,17,7,payment,80.2
31,24,7,debt,80.46
34,15,19,payment,89.07
104,27,77,payment,265.35
36,1,35,payment,74.38
32,17,15,existence,63.76
4,2,2,payment,17.29
112,16,96,existence,201.49
51,50,1,debt,197.83
131,58,73,existence,236.17
6,2,4,debt,38.99
152,28,124,existence,335.4
3,2,1,existence,7.62
49,10,39,existence,128.83
68,25,43,debt,197.33
86,36,50,existence,157.85
71,39,32,debt,223.86
122,102,20,debt,413.04
53,53,0,debt,177.51
99,93,6,debt,346.03
10,1,9,debt,44.81
12,5,7,existence,19.7
44,25,19,payment,81.63
76,38,38,payment,206.61
68,9,59,debt,113.81
133,50,83,debt,333.36
50,42,8,payment,126.34
146,94,52,existence,410.02
44,1,43,payment,95.34
24,8,16,existence,56.57
78,78,0,existence,252.17
113,23,90,debt,186.62
130,9,121,debt,331.85
79,71,8,payment,284.34
67,5,62,payment,101.05
64,40,24,existence,196.2
105,91,14,payment,307.13
14,1,13,debt,46.64
55,10,45,existence,107.17
111,92,19,existence,252.39
86,24,62,payment,205.96
37,14,23,payment,86.61
44,19,25,existence,117.12
6,1,5,payment,31.64
135,82,53,payment,390.73
157,66,91,payment,449.55
144,87,57,debt,280.44
126,37,89,existence,340.38
138,17,121,debt,326.53
150,44,106,payment,326.87
63,21,42,payment,169.68
136,118,18,existence,310.03
84,4,80,existence,189.31
110,95,15,debt,300.12
67,66,1,existence,191.7
53,21,32,existence,162.58
20,4,16,debt,46.54
113,7,106,debt,192.49
118,116,2,payment,359.66
77,38,39,existence,148.76
47,1,46,existence,111.67
95,33,62,debt,277.18
2,2,0,payment,15.39
119,12,107,debt,175.63
56,48,8,payment,153.01
53,9,44,payment,88.03
134,65,69,debt,353.7
53,25,28,payment,114.12
77,30,47,existence,184.63
99,10,89,existence,223.29
157,131,26,payment,357.77
36,13,23,debt,85.93
13,6,7,existence,25.58
141,137,4,existence,431.39
153,4,149,existence,288.73
111,49,62,payment,254.5
8,6,2,payment,31.22
29,1,28,payment,77.78
132,31,101,debt,347.91
104,29,75,payment,157.31
95,19,76,payment,177.32
151,99,52,debt,486.35
129,48,81,existence,301.13
4,3,1,existence,8.55
91,70,21,existence,250.71
69,42,27,existence,168.05
56,42,14,payment,175.25
142,59,83,debt,415.87
81,74,7,payment,244.92
137,18,119,payment,334.84
42,19,23,payment,87.9
3,1,2,payment,23.73
69,14,55,debt,189.02
2,1,1,payment,16.61
118,14,104,debt,174.69
29,28,1,debt,108.62
25,8,17,existence,52.17
143,56,87,debt,286.4
57,56,1,payment,151.91
28,26,2,existence,81.27
30,19,11,existence,83.21
17,11,6,debt,60.19
92,66,26,debt,252.17
26,14,12,payment,78.48
93,58,35,debt,209.47
123,92,31,debt,387.4
131,101,30,debt,334.62
96,32,64,debt,294.2
67,4,63,debt,182.97
146,115,31,debt,439.76
10,10,0,debt,65.27
43,1,42,debt,115.45
13,11,2,debt,69
120,24,96,debt,251.98
84,32,52,debt,175.69
65,48,17,payment,194.91
20,6,14,debt,65.85
152,16,136,debt,385.33
142,132,10,existence,394.75
72,48,24,payment,218.42
125,118,7,payment,311.16
42,32,10,payment,109.99
154,83,71,debt,396.2
27,8,19,existence,40
136,13,123,existence,262.84
99,69,30,existence,283.67
31,8,23,existence,76.23
25,9,16,debt,63.96
10,6,4,debt,36.67
86,86,0,payment,286.27
1,1,0,existence,2.78
125,45,80,existence,343.69
26,17,9,payment,69.13
104,33,71,debt,290.08
128,6,122,debt,182.31
48,34,14,existence,93.61
144,73,71,existence,319.74
113,19,94,existence,181.45
155,67,88,existence,421.94
63,11,52,existence,134
150,138,12,payment,406.42
87,51,36,payment,187.01
33,19,14,payment,70.16
150,95,55,existence,270.68
117,71,46,debt,360.84
27,25,2,debt,116.51
38,38,0,payment,157.49
14,14,0,existence,45.2
75,70,5,existence,247.34
59,11,48,existence,101.5
140,44,96,debt,272.62
114,16,98,existence,151.06
24,6,18,existence,62.18
10,5,5,payment,44.33
81,55,26,existence,225.87
111,104,7,debt,368.12
70,53,17,debt,222.47
65,7,58,debt,145.13
146,93,53,debt,289.62
2,2,0,debt,34.31
40,19,21,existence,83.69
88,39,49,payment,256.76
34,28,6,debt,95.8
53,3,50,existence,85.4
156,118,38,debt,461.23
57,3,54,existence,67.93
128,21,107,payment,325.18
59,49,10,payment,192.86
86,41,45,payment,224.06
125,106,19,debt,406.74
149,67,82,existence,460.27
145,36,109,payment,336.93
155,27,128,debt,369.74
101,38,63,debt,243.46
33,14,19,payment,96.7
134,105,29,debt,396.23
84,4,80,existence,150.59
15,10,5,existence,43.32
106,31,75,debt,243.48
49,7,42,existence,107.69
136,27,109,payment,320.01
76,41,35,existence,158.84
2,1,1,payment,11.33
143,133,10,debt,316.84
144,55,89,existence,275.46
41,30,11,debt,124.52
74,29,45,payment,211.3
154,35,119,existence,310.36
61,55,6,payment,169.2
92,58,34,payment,174.88
47,29,18,existence,100.47
113,105,8,existence,302.72
94,18,76,existence,198.27
144,61,83,debt,298.28
142,139,3,existence,509.3
10,2,8,payment,24.71
32,15,17,debt,101.17
102,32,70,debt,252.86
81,33,48,debt,199.38
6,2,4,debt,26.35
46,18,28,payment,115.85
65,4,61,debt,115.43
101,14,87,debt,224.31
73,22,51,payment,141.63
73,12,61,existence,100.51
11,4,7,debt,37.28
7,7,0,existence,22.56
115,56,59,payment,271.2
137,99,38,debt,290.86
17,2,15,existence,28.92
72,48,24,debt,192.85
82,67,15,existence,244.33
138,13,125,existence,322.95
125,115,10,payment,378.63
123,65,58,debt,360.97
48,20,28,payment,97.31
142,64,78,debt,230.88
75,67,8,existence,204.35
147,105,42,debt,446.35
94,81,13,existence,281.19
61,41,20,debt,148.55
99,81,18,debt,348.29
67,28,39,debt,199.74
67,53,14,payment,178.32
126,58,68,debt,341.03
139,9,130,existence,264.31
48,45,3,debt,137.87
45,32,13,debt,140.22
6,6,0,payment,24.54
124,101,23,payment,397.07
109,54,55,debt,309.86
75,24,51,payment,181.38
56,26,30,existence,149.95
33,15,18,existence,89.63
83,74,9,existence,283.48
1,1,0,existence,2.17
28,19,9,debt,76.85
45,41,4,payment,133.42
47,39,8,payment,140.58
89,20,69,payment,230.24
66,27,39,payment,182.83
20,5,15,payment,49.96
27,20,7,payment,63.64
153,152,1,debt,384.94
119,73,46,existence,312.32
91,8,83,payment,168.67
106,72,34,existence,322.68
2,2,0,existence,4.96
12,5,7,payment,35.39
123,93,30,payment,348.9
57,24,33,payment,148.78
146,55,91,debt,310.13
125,62,63,payment,270.28
68,33,35,debt,190.92
150,18,132,debt,332.55
124,50,74,existence,379.87
124,26,98,payment,233.83
81,39,42,existence,180.85
15,7,8,existence,24.99
156,69,87,debt,307.93
90,21,69,existence,223.9
99,40,59,debt,313.4
56,23,33,payment,141.63
97,17,80,payment,181.47
93,48,45,existence,246.36
90,77,13,debt,324.35
96,60,36,debt,318.86
155,110,45,existence,481.53
66,27,39,payment,193.1
2,1,1,payment,20.14
50,44,6,existence,134.85
28,14,14,payment,71.78
143,83,60,existence,278.15
95,37,58,payment,194.59
15,12,3,payment,42.5
127,63,64,payment,247.15
12,4,8,debt,53.53
20,11,9,debt,63.29
138,16,122,existence,289.64
27,18,9,existence,85.15
157,154,3,existence,380.55
105,38,67,debt,282.41
74,45,29,debt,186.09
45,26,19,debt,143.79
53,28,25,debt,139.82
52,43,9,payment,127.57
121,63,58,debt,239
109,35,74,payment,197.9
92,76,16,payment,245.65
147,94,53,existence,345.49
44,26,18,debt,139.12
121,38,83,debt,221.72
122,80,42,existence,224.12
39,17,22,payment,79.28
148,135,13,payment,510.43
133,130,3,debt,403.36
140,48,92,debt,258.98
79,21,58,existence,151.39
121,62,59,debt,318.71
2,2,0,existence,5.26
99,99,0,payment,343.64
43,1,42,existence,98.01
102,9,93,existence,229.33
29,27,2,payment,100.03
32,25,7,existence,61.76
138,30,108,existence,335.15
38,23,15,payment,79.27
132,8,124,debt,230.32
65,14,51,debt,183.74
138,57,81,payment,416.32
70,27,43,existence,121.98
61,35,26,debt,194.29
130,18,112,existence,278.09
71,45,26,debt,199.27
124,41,83,existence,343.49
127,73,54,payment,303.77
135,133,2,existence,449.81
152,125,27,existence,365.36
153,131,22,debt,506.77
117,36,81,debt,259.37
156,129,27,existence,429.43
2,2,0,payment,16.21
92,25,67,payment,186.53
101,11,90,payment,190.51
56,24,32,payment,166.34
76,74,2,payment,275.9
66,34,32,debt,176.71
86,10,76,payment,164.39
4,4,0,debt,25.05
69,7,62,debt,120.55
11,9,2,debt,48.54
1,1,0,debt,17.08
109,71,38,existence,192.93
87,13,74,existence,227.89
76,24,52,debt,209.2
76,50,26,existence,258.2
24,5,19,payment,63.35
16,9,7,existence,44.12
87,14,73,payment,236.52
69,1,68,debt,146.47
150,17,133,existence,297.96
56,10,46,existence,104.58
27,23,4,payment,86.15
153,127,26,existence,440.72
53,35,18,debt,185.3
22,18,4,debt,86.06
151,13,138,debt,286.59
57,35,22,payment,151.4
34,1,33,existence,52.13
146,102,44,debt,420.04
1,1,0,payment,9.2
143,88,55,existence,342.49
21,9,12,payment,68.93
64,28,36,payment,136.13
24,21,3,debt,79.88
111,45,66,payment,230.23
106,102,4,payment,368.54
120,108,12,debt,332.56
149,128,21,existence,453.03
102,96,6,payment,354.67
156,16,140,payment,379.31
89,59,30,existence,279.01
89,33,56,payment,269.53
148,8,140,debt,232.02
132,93,39,debt,300.33
18,8,10,existence,33.37
44,6,38,debt,68.22
101,86,15,payment,290.43
121,66,55,existence,219.8
44,36,8,existence,120.91
19,4,15,payment,54.69
15,6,9,existence,28.82
123,44,79,debt,201.69
68,41,27,debt,217.5
6,4,2,debt,30.57
13,11,2,existence,31.05
115,35,80,debt,249.94
73,58,15,debt,215.89
86,7,79,payment,188.09
14,12,2,existence,24.74
36,23,13,debt,87.15
111,89,22,debt,284.42
132,130,2,payment,430.17
4,1,3,existence,7.23
20,14,6,existence,48.96
133,16,117,payment,359.4
50,8,42,debt,101.81
27,11,16,payment,67.99
11,8,3,debt,40.96
94,13,81,debt,168.27
111,22,89,payment,295.34
23,13,10,debt,96.75
111,97,14,payment,374.1
144,38,106,payment,338.86
7,3,4,existence,20.31
129,66,63,existence,356.31
140,49,91,existence,399.93
21,11,10,debt,60.25
130,11,119,existence,193.16
94,67,27,debt,301.19
76,14,62,debt,162.43
78,54,24,payment,237.62
155,90,65,existence,491.58
31,23,8,payment,84.51
100,83,17,payment,296.52
27,14,13,payment,79.66
93,88,5,existence,286.02
90,2,88,existence,149.97
139,138,1,debt,464.45
114,31,83,debt,213.33
40,8,32,debt,117.64
12,12,0,existence,36.38
86,38,48,debt,261.5
124,20,104,payment,311.87
37,35,2,debt,142.1
110,94,16,debt,348.93
118,102,16,existence,264.61
28,6,22,existence,40.31
75,72,3,payment,251.16
16,11,5,debt,58.55
86,12,74,existence,209.41
122,114,8,debt,392.81
3,3,0,payment,23.89
19,6,13,existence,42.52
56,23,33,existence,145.96
124,82,42,existence,259.52
107,36,71,payment,244.35
117,91,26,existence,353.14
142,50,92,debt,290.72
46,2,44,debt,98.35
69,34,35,debt,203.68
115,38,77,debt,228.65
106,17,89,debt,217.57
145,21,124,payment,249.09
80,51,29,payment,205.7
37,27,10,debt,138.57
97,42,55,existence,242.83
79,29,50,debt,181.77
62,40,22,payment,157.47
85,53,32,existence,179.12
83,68,15,existence,190.47
132,127,5,debt,441.1
144,72,72,existence,454
127,107,20,debt,363.79
61,25,36,debt,150.42
53,36,17,debt,159.4
128,86,42,debt,272.05
8,7,1,debt,32.17
51,15,36,debt,137.06
132,18,114,existence,285.87
144,65,79,debt,291.79
146,28,118,debt,336.89
120,57,63,existence,323.38
67,28,39,debt,202.33
87,18,69,existence,121.4
27,6,21,payment,77.29
104,54,50,existence,278.05
2,2,0,debt,15.58
156,95,61,payment,303.59
42,12,30,payment,94.27
111,66,45,existence,277.26
11,2,9,debt,37.03
132,128,4,debt,482.44
26,13,13,existence,49.29
40,10,30,debt,103.43
91,17,74,payment,149.86
33,4,29,debt,109.21
40,37,3,payment,150.76
55,22,33,debt,180.99
22,7,15,debt,61.14
147,94,53,payment,324.73
60,31,29,existence,141.59
63,56,7,payment,194.96
68,4,64,payment,125.78
27,9,18,payment,45.66
47,11,36,debt,85.28
118,29,89,payment,255.25
138,112,26,debt,426.29
85,82,3,debt,318.02
24,6,18,debt,67.59
84,41,43,existence,162.85
135,131,4,payment,436.92
10,10,0,existence,28.01
118,13,105,existence,250.05
9,5,4,existence,19.01
99,61,38,debt,240.56
141,7,134,existence,285.33
43,32,11,existence,119.86
125,29,96,payment,310.01
71,31,40,debt,128.93
108,42,66,payment,290.52
12,6,6,existence,20.34
12,1,11,debt,39.79
44,31,13,payment,160.88
35,1,34,debt,96.02
138,41,97,existence,383.37
15,1,14,debt,51.62
14,7,7,payment,40.89
17,16,1,debt,80.9
106,51,55,debt,260.05
23,4,19,existence,40.53
62,33,29,debt,196.28
81,66,15,existence,213.64
83,26,57,debt,152.6
138,88,50,existence,398.28
120,46,74,existence,309.37
53,28,25,existence,149.56
126,57,69,payment,313.67
78,43,35,payment,177.44
67,45,22,debt,211.2
139,105,34,payment,268.58
119,115,4,debt,350.73
12,4,8,payment,40.6
130,92,38,payment,305.21
28,16,12,payment,81.93
117,65,52,payment,217.9
16,8,8,debt,63.98
29,7,22,debt,75.85
74,49,25,payment,175.65
32,22,10,payment,68.49
130,43,87,debt,322.47
143,68,75,payment,275.65
39,10,29,debt,114.81
42,33,9,existence,115.6
127,25,102,debt,267.15
77,65,12,debt,170.53
99,82,17,existence,223.66
62,62,0,payment,169.6
34,14,20,existence,69.89
77,4,73,existence,145.88
120,91,29,debt,357.59
35,21,14,debt,121.85
143,36,107,existence,260.36
130,35,95,existence,206.04
63,38,25,payment,168.55
138,56,82,debt,328.52
11,8,3,debt,55.23
141,55,86,existence,239.75
1,1,0,debt,21.67
48,26,22,existence,129.53
141,35,106,debt,226.44
101,33,68,payment,227.36
110,104,6,debt,360.33
1,1,0,existence,3.06
6,6,0,existence,15.11
37,8,29,payment,95.88
126,91,35,existence,292.15
78,51,27,debt,266.09
97,87,10,debt,341.84
9,3,6,payment,28.95
85,53,32,debt,218.8
152,23,129,payment,293.42
71,71,0,debt,249.91
154,97,57,payment,340.54
31,16,15,existence,70.69
88,74,14,debt,192.79
144,143,1,existence,471.64
43,37,6,payment,135.06
117,87,30,existence,360.33
150,40,110,debt,252.38
123,85,38,payment,314.22
35,28,7,existence,80.43
105,38,67,payment,300
37,14,23,debt,122.94
128,113,15,existence,354.36
9,7,2,payment,37.21
39,27,12,debt,127.57
138,63,75,payment,322.3
51,44,7,payment,162.75
67,33,34,debt,226.77
98,22,76,existence,264.52
3,1,2,payment,12.96
59,34,25,debt,141.91
105,94,11,existence,235.34
109,55,54,debt,251.96
141,72,69,existence,403.42
110,9,101,existence,221.96
154,70,84,payment,442.62
42,15,27,payment,109.68
114,81,33,payment,262.08
80,19,61,payment,158.28
15,6,9,debt,58.69
75,52,23,payment,243.34
45,27,18,payment,128.87
108,77,31,payment,335.31
46,9,37,debt,106.58
156,114,42,debt,531.08
126,119,7,existence,375.01
67,35,32,existence,152.08
141,7,134,debt,238.95
147,18,129,debt,374.12
63,58,5,existence,208.31
79,35,44,debt,170.05
9,3,6,debt,44.35
145,145,0,debt,380.83
125,13,112,existence,306.41
92,36,56,existence,236.86
152,139,13,payment,555.42
147,79,68,existence,281.29
136,88,48,debt,452.1
95,81,14,payment,279.75
22,1,21,payment,51.16
81,3,78,payment,167.48
21,2,19,existence,40.51
105,84,21,payment,261.52
58,33,25,debt,115.48
2,2,0,existence,4.71
129,68,61,debt,285.02
105,66,39,existence,223.35
72,15,57,debt,115.02
120,97,23,debt,364.36
31,24,7,debt,87.19
111,38,73,debt,296.44
24,5,19,existence,49.3
12,5,7,payment,41.95
111,19,92,debt,172.15
74,50,24,payment,180.78
154,77,77,debt,464.23
70,48,22,payment,175.55
1,1,0,debt,12.22
51,31,20,existence,147.25
38,36,2,debt,137.97
105,3,102,debt,213.46
22,14,8,existence,58.29
119,36,83,existence,253.22
145,21,124,payment,263.01
93,71,22,payment,207.64
83,41,42,debt,253.58
134,91,43,debt,433.98
59,22,37,existence,121.53
28,17,11,debt,95.72
157,98,59,payment,279.68
26,22,4,existence,71.36
17,4,13,existence,29.47
53,16,37,debt,155.82
154,10,144,debt,354.9
71,23,48,existence,178.52
95,90,5,debt,332.22
115,40,75,existence,272.34
83,39,44,payment,163.63
50,24,26,debt,141.64
151,64,87,existence,409.16
69,1,68,debt,147.29
124,71,53,existence,306.61
83,27,56,debt,247.49
87,42,45,existence,254.49
92,52,40,existence,225.67
38,16,22,debt,126.86
51,32,19,payment,182.49
143,36,107,debt,236.85
152,28,124,payment,393.59
3,2,1,debt,19.78
35,8,27,payment,109.38
1,1,0,existence,2.84
64,13,51,debt,161.83
156,49,107,debt,329.24
47,2,45,existence,82.35
106,9,97,existence,143.33
119,99,20,existence,287.62
69,41,28,payment,134.33
15,13,2,debt,63.29
144,56,88,debt,292.16
16,10,6,debt,49.46
72,11,61,existence,194.31
137,125,12,debt,510.52
16,9,7,debt,46.34
92,59,33,debt,278.84
2,1,1,debt,15.03
85,33,52,payment,197.66
24,22,2,debt,75.1
1,1,0,payment,13.53
125,76,49,payment,275.49
76,40,36,payment,205.93
71,1,70,existence,162.21
13,4,9,existence,34.03
115,75,40,existence,207.05
23,9,14,existence,45.4
26,6,20,payment,75.73
115,54,61,debt,317.34
15,7,8,payment,43.91
51,35,16,payment,176.71
10,4,6,payment,32.63
57,25,32,payment,142.98
117,66,51,payment,247.33
22,12,10,payment,65.78
25,2,23,debt,74.87
26,19,7,payment,79.79
134,20,114,debt,262.82
65,48,17,debt,229.85
90,20,70,payment,139.55
122,107,15,existence,353.05
1,1,0,debt,13.15
157,113,44,payment,463.18
128,98,30,existence,241.72
153,99,54,existence,309.29
45,23,22,existence,121.39
33,28,5,payment,87.32
148,27,121,existence,373.4
8,5,3,debt,46.14
121,47,74,debt,276.38
149,147,2,existence,365.36
116,70,46,existence,328.93
38,36,2,debt,135.26
55,55,0,debt,192.2
128,5,123,debt,305.95
150,11,139,debt,392.88
103,29,74,debt,294.76
137,136,1,debt,368.6
142,25,117,payment,269.04
9,1,8,payment,28.14
73,11,62,payment,108.74
148,59,89,debt,387.61
45,7,38,debt,91.92
150,30,120,payment,346.44
90,9,81,debt,179.49
89,24,65,debt,199.49
105,73,32,payment,355.49
85,13,72,payment,231.24
107,92,15,payment,249.76
102,49,53,debt,231.89
40,22,18,existence,74.78
103,72,31,existence,274.78
91,16,75,existence,181.09
137,37,100,debt,388.68
95,89,6,payment,318.96
33,25,8,existence,83.89
147,69,78,payment,391.69
100,65,35,existence,270.72
91,4,87,existence,129.46
19,18,1,debt,76.17
52,17,35,existence,84.13
141,11,130,existence,273.49
109,57,52,payment,363.86
41,28,13,payment,132.5
21,19,2,existence,55.84
66,66,0,debt,159.34
85,68,17,existence,197.7
140,106,34,existence,319.83
103,37,66,existence,237.17
140,7,133,debt,243.15
40,24,16,payment,81.99
42,7,35,existence,81.73
51,12,39,debt,117.37
84,56,28,existence,230.02
140,114,26,payment,465.13
128,67,61,existence,243.3
4,2,2,payment,18.52
140,60,80,existence,250.82
59,50,9,debt,219.63
18,3,15,existence,36.94
109,15,94,debt,240.3
107,94,13,existence,296.9
7,4,3,existence,19.23
115,109,6,debt,270.62
32,22,10,payment,96.48
72,63,9,payment,193.29
67,41,26,existence,194.58
6,4,2,debt,21.67
35,31,4,payment,123.51
24,23,1,debt,104.19
131,20,111,debt,346.99
125,112,13,existence,446.09
69,32,37,existence,173.77
99,10,89,existence,152.07
136,32,104,existence,361.12
38,29,9,existence,93.29
64,53,11,payment,181.35
9,3,6,existence,19.46
122,116,6,existence,288.35
58,20,38,payment,134.91
47,25,22,payment,147.78
58,27,31,payment,110.56
35,34,1,payment,135.6
42,31,11,payment,146.86
29,3,26,existence,38.69
94,84,10,debt,368.64
36,33,3,existence,87.39
156,9,147,debt,248.22
16,11,5,existence,34.12
147,71,76,debt,434.05
143,70,73,debt,430.89
136,25,111,payment,347.9
77,27,50,payment,179.98
86,30,56,payment,191.33
38,8,30,debt,116.74
18,14,4,existence,54.22
10,3,7,debt,33.91
113,14,99,payment,274.06
83,64,19,existence,258.84
101,13,88,existence,142.07
4,4,0,payment,22.42
60,55,5,debt,136.35
122,121,1,existence,451.51
151,48,103,payment,363.18
112,104,8,existence,257.76
33,4,29,payment,87.06
72,32,40,debt,136.22
29,4,25,payment,51.72
78,22,56,debt,205.87
24,24,0,existence,66.54
33,19,14,existence,109.39
39,1,38,payment,78.42
52,46,6,debt,154.82
48,14,34,payment,100.3
146,37,109,existence,263.42
57,51,6,debt,210.1
30,20,10,debt,83.37
57,43,14,payment,186.47
48,37,11,payment,170.06
34,17,17,payment,123.07
35,3,32,existence,58.52
86,28,58,payment,153.36
74,27,47,existence,210.91
105,24,81,debt,174.31
147,79,68,payment,316.99
144,98,46,existence,399.65
82,67,15,debt,305.69
49,8,41,payment,101.47
138,38,100,existence,205.94
60,13,47,existence,143.47
145,72,73,existence,291.96
39,29,10,existence,129.7
61,50,11,payment,174.68
16,9,7,payment,57.32
120,9,111,payment,289.51
52,21,31,payment,109.82
30,27,3,existence,90.45
97,42,55,existence,214.95
80,29,51,debt,147.95
153,55,98,existence,296.33
72,35,37,debt,172.7
92,45,47,debt,211.73
27,23,4,existence,78.79
86,43,43,existence,177.02
107,3,104,debt,198.12
105,51,54,debt,298.89
29,27,2,payment,97.11
68,4,64,payment,131.98
45,11,34,payment,106.61
106,73,33,existence,233
65,16,49,payment,161.04
145,89,56,existence,246.97
58,49,9,debt,159.17
32,13,19,debt,96.67
105,105,0,existence,334.72
120,27,93,existence,301.14
112,95,17,debt,357.18
61,5,56,debt,139.68
34,21,13,payment,121.02
23,13,10,payment,70.96
18,15,3,debt,51.93
60,46,14,existence,172.59
106,41,65,payment,188.91
36,27,9,existence,106.63
157,31,126,debt,325.47
39,12,27,debt,110.49
6,3,3,existence,17.4
42,4,38,debt,86.59
102,83,19,debt,381.92
67,33,34,existence,111.59
14,2,12,debt,35.79
153,115,38,debt,534.72
22,21,1,existence,77.14
115,6,109,debt,290.59
70,56,14,debt,154.91
23,13,10,debt,80.21
64,50,14,existence,167.68
140,58,82,payment,325.51
15,10,5,payment,42.44
145,116,29,payment,382.29
4,3,1,existence,9.3
6,1,5,payment,26.68
3,2,1,payment,26.29
146,92,54,existence,343.09
68,64,4,debt,226.74
65,1,64,debt,134.3
107,2,105,debt,224.5
15,9,6,payment,56.49
114,111,3,debt,286.44
74,22,52,debt,235.35
2,1,1,existence,3.18
48,2,46,payment,74.04
19,8,11,payment,60.97
139,85,54,existence,326.47
123,71,52,payment,320.79
116,89,27,existence,243.44
37,28,9,payment,111.5
66,31,35,debt,186.42
84,37,47,debt,210.75
17,15,2,payment,51.94
28,19,9,existence,72.18
136,39,97,payment,218.36
116,52,64,existence,336.45
96,15,81,debt,173.21
10,2,8,existence,27.18
150,3,147,existence,261.61
80,11,69,debt,221.3
139,29,110,payment,289.78
88,38,50,debt,244.4
44,37,7,payment,114.83
31,13,18,existence,87.57
121,8,113,existence,160.43
29,2,27,payment,87.79
75,61,14,existence,186.44
10,1,9,payment,26.45
68,21,47,payment,195.38
25,9,16,payment,61.2
92,60,32,debt,260.97
141,78,63,payment,279.35
1,1,0,debt,13.46
76,6,70,payment,151.5
37,27,10,payment,106.6
7,1,6,existence,11.36
124,16,108,debt,259.7
32,18,14,existence,93.45
152,33,119,existence,229.59
106,66,40,debt,304.74
96,64,32,debt,219.05
35,23,12,debt,104.94
46,17,29,debt,113.16
156,86,70,existence,423.23
153,53,100,debt,379.78
61,34,27,debt,137.36
143,92,51,debt,269.81
36,24,12,debt,86.43
141,12,129,payment,344.18
87,34,53,payment,225.07
150,77,73,existence,372.38
74,12,62,existence,181.65
31,7,24,existence,67.77
10,2,8,existence,20.17
71,53,18,payment,199.31
81,66,15,existence,200.15
151,57,94,debt,284.17
2,1,1,existence,4.34
49,18,31,existence,143.39
157,108,49,existence,349.19
87,11,76,existence,124.84
54,30,24,existence,139.01
65,20,45,payment,170.38
59,15,44,debt,112.8
118,115,3,existence,363.97
117,93,24,payment,310.92
2,2,0,existence,5.83
123,117,6,debt,306.7
22,22,0,payment,80.98
30,9,21,payment,75.16
125,32,93,payment,322.14
31,29,2,existence,74.3
57,23,34,debt,149.09
38,38,0,existence,109.07
3,1,2,existence,6.91
129,21,108,payment,280.5
127,122,5,payment,372.72
1,1,0,debt,17.02
148,74,74,payment,391.42
148,1,147,existence,270.03
112,57,55,existence,186
109,15,94,existence,267.49
52,52,0,debt,143.3
108,71,37,existence,333.59
101,83,18,debt,228.83
80,1,79,existence,196.58
113,71,42,payment,201.98
105,7,98,existence,135.38
123,5,118,existence,189.74
37,11,26,existence,91.89
135,113,22,payment,430.09
58,7,51,payment,86.62
150,43,107,payment,403
88,70,18,payment,188.71
138,96,42,debt,379.59
89,38,51,debt,223.67
45,6,39,debt,119.76
82,76,6,payment,207.14
106,20,86,payment,161.36
136,62,74,debt,294.75
144,27,117,existence,246.81
64,59,5,existence,173.89
52,2,50,debt,141.6
56,56,0,payment,195.3
115,100,15,payment,301.86
149,58,91,existence,378.95
33,4,29,debt,65.38
153,33,120,debt,276.05
51,42,9,payment,143.86
119,51,68,debt,361.26
139,134,5,payment,354.54
26,19,7,existence,57.25
62,54,8,payment,151.77
95,8,87,payment,209.16
57,35,22,existence,113.55
84,69,15,payment,270.7
155,84,71,payment,386.28
105,4,101,existence,255.62
77,75,2,debt,207.83
68,63,5,payment,186.54
56,20,36,existence,102.56
52,1,51,debt,143.65
141,35,106,existence,275.8
59,12,47,debt,183.68
61,31,30,payment,128.97
137,21,116,existence,357.24
63,35,28,existence,155.64
3,1,2,existence,7.13
110,28,82,debt,197.11
104,99,5,debt,269.22
147,38,109,existence,378.49
157,126,31,debt,357.48
14,9,5,existence,24.62
59,34,25,debt,155.91
88,11,77,existence,180.65
82,46,36,payment,203.41
10,10,0,existence,29.27
127,11,116,existence,209.66
66,9,57,payment,120.4
71,59,12,existence,165.44
5,5,0,payment,34.62
9,6,3,debt,30.66
119,31,88,payment,308.32
62,26,36,payment,153.75
57,37,20,debt,132.48
141,135,6,debt,528.62
124,44,80,payment,261.36
115,91,24,payment,298.62
103,86,17,existence,345.91
143,105,38,debt,413.98
136,120,16,payment,475.75
77,69,8,payment,269.75
61,61,0,payment,174.47
136,124,12,existence,417.43
43,21,22,debt,102.65
47,8,39,debt,145.55
90,27,63,debt,228.78
137,108,29,debt,370.11
58,19,39,existence,120.89
93,40,53,payment,230.08
19,3,16,existence,48.05
21,1,20,existence,37.67
46,34,12,existence,153.55
54,12,42,payment,111.54
89,36,53,existence,246.32
112,90,22,debt,267.36
152,118,34,existence,376.11
37,3,34,payment,90.11
28,22,6,debt,101.24
113,13,100,debt,258.5
16,13,3,existence,34.66
109,21,88,debt,191.86
89,16,73,payment,189.13
17,16,1,payment,57.83
133,44,89,debt,257.48
118,39,79,debt,334.85
13,13,0,payment,36.59
54,38,16,payment,152.27
114,56,58,existence,231.16
128,7,121,payment,261.73
101,35,66,existence,246.44
53,9,44,debt,115.51
14,10,4,existence,37.36
10,5,5,debt,49.6
116,8,108,debt,228.82
19,15,4,existence,56.21
76,5,71,payment,131.1
72,50,22,existence,179.21
92,59,33,payment,267.63
60,16,44,existence,156.08
21,17,4,debt,94.8
91,27,64,existence,225.34
5,1,4,debt,18.2
58,43,15,debt,173.29
66,16,50,payment,191.58
92,24,68,payment,217.68
22,16,6,payment,70.98
36,9,27,payment,67.15
156,97,59,existence,490.25
108,107,1,existence,300.76
8,7,1,debt,35.94
53,43,10,debt,145.09
39,4,35,debt,106.09
138,121,17,existence,384.48
149,55,94,existence,395.24
66,16,50,payment,127.42
71,38,33,debt,176.87
120,8,112,payment,299.68
124,51,73,payment,281.95
22,1,21,payment,41.05
38,4,34,existence,62.78
81,62,19,debt,171.23
128,94,34,existence,432.32
12,12,0,existence,32.27
126,101,25,debt,300.99
103,64,39,payment,209.96
120,69,51,debt,342.33
103,63,40,payment,198.96
141,119,22,payment,525.22
139,106,33,payment,312.52
122,13,109,existence,219.23
32,10,22,debt,97.56
125,26,99,existence,281.16
148,86,62,existence,456.48
110,99,11,existence,259.98
118,101,17,payment,257.16
83,69,14,payment,267.94
141,134,7,debt,456.21
100,53,47,debt,242
23,9,14,existence,62.29
127,121,6,existence,286.8
154,111,43,payment,455.47
31,11,20,debt,86.51
141,51,90,payment,271.28
149,109,40,existence,411.6
152,115,37,payment,357.93
74,43,31,payment,163.55
89,19,70,debt,187.86
135,18,117,payment,226.74
38,31,7,debt,115.47
19,11,8,debt,80.66
87,22,65,debt,228.59
79,9,70,existence,135.99
35,27,8,existence,90.69
43,12,31,payment,92.17
105,85,20,debt,301.02
69,36,33,debt,225.58
102,61,41,existence,224.96
20,2,18,payment,43.79
44,10,34,existence,122.38
12,1,11,debt,46
143,72,71,payment,395.65
5,3,2,payment,28.46
61,7,54,debt,133.49
8,8,0,payment,29.9
62,40,22,debt,163.63
69,39,30,payment,170.96
52,19,33,existence,140.15
120,111,9,debt,336.7
39,7,32,existence,56.73
115,90,25,existence,331.19
96,17,79,debt,247.23
127,55,72,payment,263.86
125,2,123,payment,262.68
61,14,47,existence,139.01
37,15,22,debt,100.34
125,70,55,debt,394.45
134,41,93,payment,366.91
12,4,8,payment,42.11
88,86,2,existence,244.68
156,152,4,debt,609.96
153,105,48,debt,384.06
150,14,136,existence,239.26
88,19,69,payment,262.43
135,123,12,debt,390.16
95,2,93,existence,213.8
92,27,65,debt,268.44
53,48,5,existence,139.58
88,46,42,debt,214.66
125,122,3,existence,374.15
56,37,19,debt,182.64
23,5,18,payment,62.78
18,7,11,debt,55.1
140,9,131,payment,254.26
19,17,2,debt,84.77
40,2,38,payment,74.92
130,39,91,debt,294.12
152,70,82,payment,394.87
134,64,70,debt,253.88
118,100,18,debt,384.02
49,1,48,existence,109.95
146,19,127,existence,260.15
78,7,71,debt,133.04
135,92,43,existence,286.55
2,2,0,existence,4.23
106,12,94,debt,254.69
139,85,54,debt,369.26
39,5,34,existence,75.84
44,14,30,payment,138.71
87,45,42,payment,204.79
127,102,25,existence,386.41
111,4,107,debt,189.66
151,4,147,payment,390.44
68,3,65,debt,101.01
19,3,16,payment,32.17
91,86,5,debt,293.22
33,16,17,payment,89.91
34,10,24,existence,79.21
16,11,5,debt,73.86
19,12,7,debt,58.37
79,6,73,payment,201.94
94,60,34,existence,222.64
114,9,105,debt,267.4
104,33,71,payment,194.71
54,36,18,payment,161.43
113,38,75,existence,321.99
154,13,141,payment,205.49
136,106,30,existence,293.74
156,94,62,debt,339.07
11,1,10,existence,17.86
43,5,38,payment,109.75
154,43,111,payment,356.94
88,13,75,debt,153.8
147,128,19,payment,372.61
1,1,0,existence,3.58
50,22,28,payment,145.44
153,138,15,debt,453.88
31,27,4,payment,90.04
3,1,2,existence,5.09
50,1,49,debt,81.28
146,54,92,debt,272.8
155,18,137,debt,250.28
78,31,47,payment,156.45
106,78,28,existence,329.93
8,3,5,debt,33.68
30,19,11,debt,77.96
98,83,15,existence,311.6
133,12,121,existence,285.35
119,79,40,payment,284.8
91,38,53,existence,176.94
62,9,53,debt,132.46
98,46,52,existence,154.34
6,4,2,debt,36.61
78,17,61,debt,162.83
67,3,64,payment,177.22
121,90,31,existence,353.11
119,34,85,existence,220.56
32,11,21,debt,89.01
65,12,53,payment,105.37
101,47,54,payment,292.02
115,19,96,payment,299.4
131,118,13,debt,478.31
133,123,10,existence,304.63
107,34,73,existence,258.2
146,79,67,existence,370.68
22,17,5,debt,70.88
46,4,42,payment,94.43
105,39,66,existence,254.95
136,31,105,existence,212.34
113,49,64,debt,321.11
151,15,136,payment,210.87
154,73,81,existence,466.68
129,123,6,debt,357.18
55,46,9,debt,206.23
137,101,36,existence,423.83
80,58,22,existence,229.34
36,5,31,existence,55.81
155,87,68,debt,347.42
145,98,47,existence,307.09
13,8,5,existence,29.57
119,60,59,debt,309.31
134,46,88,payment,247.61
68,6,62,debt,149.05
46,20,26,existence,93.84
151,63,88,debt,311.85
96,49,47,payment,218.39
36,31,5,debt,134.61
3,2,1,debt,35.01
144,137,7,debt,423.92
81,1,80,payment,174.21
15,7,8,existence,28.28
67,56,11,payment,209.22
39,9,30,payment,121.61
106,48,58,existence,237.77
104,9,95,debt,162.1
48,41,7,debt,159.45
35,8,27,payment,82.63
80,1,79,debt,157.79
58,33,25,debt,147.01
111,69,42,debt,371.24
118,18,100,existence,203.82
71,3,68,payment,106.67
148,26,122,payment,311.04
10,2,8,debt,38.73
114,93,21,existence,264.39
80,2,78,debt,115.09
24,22,2,existence,52.52
3,3,0,payment,18.2
126,3,123,existence,284.94
113,106,7,debt,288.39
133,14,119,debt,215.03
140,139,1,existence,431.36
116,100,16,existence,390.02
112,96,16,existence,220.67
50,36,14,payment,115.97
23,8,15,existence,53.66
48,30,18,payment,160.28
33,32,1,existence,103.81
137,119,18,debt,310.29
48,10,38,payment,125.19
53,51,2,debt,180.1
49,41,8,existence,114.63
131,116,15,existence,330.23
67,10,57,existence,121.31
31,12,19,debt,99.41
49,14,35,debt,117.55
139,82,57,debt,345.65
145,105,40,payment,355.46
48,12,36,debt,123.51
10,3,7,existence,15.13
28,23,5,payment,72.02
143,43,100,existence,291.7
117,18,99,debt,194.77
72,22,50,existence,185.9
152,37,115,payment,220.98
51,28,23,existence,109.69
18,8,10,payment,40.7
4,3,1,payment,22.13
67,27,40,payment,121.94
104,14,90,payment,174.35
16,4,12,payment,45.84
93,38,55,debt,195.4
43,32,11,debt,89.94
1,1,0,existence,1.92
154,146,8,existence,431.87
37,19,18,debt,87.59
103,89,14,debt,350.83
49,27,22,debt,119.41
22,16,6,debt,73.36
32,20,12,existence,83.68
153,5,148,payment,322.75
97,44,53,payment,210.57
115,51,64,debt,226.91
108,14,94,debt,208.15
57,47,10,existence,143.72
114,7,107,debt,264.35
87,14,73,existence,137.34
150,116,34,existence,327.82
100,72,28,payment,244.77
58,19,39,debt,130.84
74,24,50,existence,156.07
69,7,62,existence,134.68
124,103,21,existence,380.34
24,12,12,payment,66.36
133,123,10,existence,412.4
141,121,20,existence,345.05
46,41,5,payment,165.91
109,38,71,existence,266.09
20,1,19,existence,48.56
103,67,36,payment,237.47
75,14,61,payment,168.23
106,1,105,existence,155.46
41,35,6,debt,161.99
10,7,3,debt,54.58
134,79,55,payment,305.42
4,4,0,payment,24.86
70,10,60,existence,143.89
57,37,20,payment,198.12
90,5,85,debt,189.35
81,67,14,debt,275.8
6,6,0,existence,18.51
114,72,42,debt,239.4
117,109,8,existence,270.65
20,11,9,existence,39.8
42,21,21,payment,127.42
79,75,4,debt,251.98
102,10,92,debt,196.38
68,14,54,payment,161.03
124,87,37,debt,393.19
108,3,105,debt,225.13
137,71,66,debt,373.46
140,29,111,existence,363.74
28,5,23,payment,91.36
135,104,31,existence,450
72,11,61,payment,192.61
104,45,59,debt,239.17
157,100,57,existence,374.52
111,45,66,debt,199.24
156,29,127,payment,335.51
12,3,9,debt,31.56
40,12,28,debt,116.15
80,35,45,debt,229.39
118,77,41,existence,239.07
9,2,7,debt,38.96
29,23,6,existence,93.76
35,35,0,payment,120.86
64,26,38,existence,140.33
24,5,19,existence,55.66
110,67,43,debt,341.73
78,36,42,debt,196.46
88,44,44,debt,176.34
76,16,60,payment,135.82
63,59,4,payment,142.74
155,55,100,existence,407.15
16,7,9,existence,28.93
8,2,6,debt,41.39
110,31,79,payment,192.53
20,8,12,payment,63.22
39,25,14,debt,134.65
46,22,24,payment,138.73
63,35,28,debt,145.12
104,100,4,existence,262.83
13,6,7,payment,36.62
38,23,15,payment,101.93
100,8,92,debt,150.26
130,85,45,existence,390.79
3,1,2,existence,5.7
45,40,5,payment,119.95
32,17,15,debt,78.93
40,11,29,existence,67.43
43,23,20,debt,111.17
122,121,1,payment,347.32
26,26,0,payment,84.22
70,37,33,payment,213.43
25,10,15,payment,80.3
125,29,96,debt,313.4
104,38,66,debt,239.05
105,100,5,existence,261.07
155,88,67,existence,300.03
38,25,13,payment,100.26
40,40,0,existence,103.1
12,11,1,existence,34.48
5,2,3,debt,30.27
55,31,24,existence,139.36
156,57,99,payment,408.25
33,20,13,existence,97.11
110,99,11,payment,239.64
25,7,18,existence,65.22
42,1,41,payment,108.58
46,46,0,existence,116.35
38,26,12,existence,73.75
69,39,30,debt,192.52
101,58,43,debt,306.27
154,20,134,payment,415.74
48,11,37,payment,141.38
110,35,75,debt,209.38
57,7,50,debt,97.69
139,128,11,existence,472.76
33,15,18,existence,74.42
22,2,20,existence,41.47
51,29,22,existence,91.84
145,38,107,debt,365.1
40,34,6,existence,116.64
105,11,94,existence,237.67
114,58,56,existence,321.79
116,11,105,payment,283.24
116,70,46,debt,373.06
115,90,25,existence,270.28
80,29,51,payment,189.23
57,11,46,debt,156.83
37,26,11,existence,100.46
145,51,94,debt,291.9
32,18,14,payment,72.44
7,3,4,payment,30.31
52,6,46,existence,73.85
153,58,95,payment,404.54
33,29,4,debt,107.56
31,10,21,debt,68.97
32,27,5,payment,88.72
78,52,26,debt,217.69
64,21,43,existence,176.45
66,52,14,payment,174.57
102,55,47,existence,222.24
19,11,8,existence,54.25
115,44,71,existence,339.69
45,45,0,debt,181.97
122,92,30,debt,293.9
114,98,16,payment,369.16
2,1,1,payment,14.61
13,13,0,existence,38
27,25,2,debt,104.83
59,48,11,payment,142.91
95,86,9,existence,341.51
111,20,91,debt,280.99
7,5,2,debt,42.43
24,2,22,existence,37.35
103,48,55,existence,206.4
110,12,98,debt,234.9
136,130,6,debt,386.77
4,4,0,debt,29.83
85,76,9,existence,290.69
134,103,31,existence,375.91
147,35,112,payment,377.68
145,125,20,payment,499.17
152,30,122,existence,386.27
12,2,10,payment,39.19
121,6,115,payment,226.84
43,43,0,payment,136.25
49,32,17,existence,103.46
15,5,10,existence,41
147,135,12,payment,390.38
42,23,19,existence,135.04
37,21,16,debt,91.7
22,17,5,payment,79.12
144,79,65,existence,376.63
106,49,57,existence,312.45
45,6,39,debt,80.36
90,85,5,payment,268.46
9,9,0,payment,48.6
58,28,30,payment,121.93
150,12,138,debt,261.19
111,53,58,debt,266.81
156,50,106,payment,280.07
60,38,22,payment,202.59
70,22,48,payment,166.45
30,24,6,existence,80.06
24,3,21,existence,45.83
85,55,30,payment,241.58
77,68,9,payment,228.2
19,8,11,payment,66.21
38,21,17,existence,93.2
34,7,27,existence,87.14
54,5,49,existence,105.7
53,30,23,existence,104.39
106,90,16,existence,307.89
33,22,11,payment,70.59
81,70,11,payment,239.88
29,5,24,existence,75.18
106,75,31,existence,253.57
12,2,10,existence,17.45
144,32,112,existence,322.38
157,44,113,payment,338.45
77,9,68,existence,118.31
82,69,13,payment,264.77
113,59,54,debt,279.99
32,6,26,debt,101.27
139,6,133,payment,221.69
147,3,144,debt,248.1
150,122,28,debt,505.99
76,74,2,existence,181.46
17,3,14,debt,45.35
32,17,15,existence,59.56
8,5,3,payment,26.54
106,82,24,debt,342.85
46,5,41,existence,68.73
91,89,2,payment,266.11
142,28,114,existence,288.14
121,85,36,debt,235.04
7,3,4,payment,33.52
30,3,27,debt,62.4
66,49,17,payment,161.96
61,33,28,payment,160.85
18,6,12,payment,51.52
47,4,43,debt,105.48
89,62,27,payment,282.98
6,4,2,existence,17.45
87,59,28,payment,192.58
30,19,11,debt,77.89
92,88,4,payment,252.94
117,38,79,existence,251.08
114,16,98,existence,259
8,3,5,payment,26.55
83,62,21,debt,236.07
106,21,85,existence,144.37
44,19,25,payment,115.61
19,14,5,debt,68.59
53,17,36,payment,141.38
145,36,109,payment,227.43
139,125,14,existence,409.53
150,49,101,debt,254.48
89,17,72,debt,270.5
18,6,12,payment,59.04
13,7,6,existence,27.15
94,35,59,existence,234.56
144,38,106,payment,268.52
117,90,27,payment,308.68
36,14,22,debt,123.62
128,99,29,payment,340.63
147,93,54,payment,347.63
31,25,6,existence,94.94
34,29,5,debt,112.39
97,66,31,payment,227.73
5,4,1,debt,36.13
119,10,109,existence,151.09
98,6,92,existence,244.94
123,104,19,debt,281.77
48,10,38,debt,92.17
118,13,105,existence,160.81
94,3,91,debt,211.32
119,12,107,debt,224.57
88,59,29,payment,220.75
112,51,61,existence,302.69
81,31,50,existence,150.54
29,7,22,debt,63.13
95,5,90,payment,239.21
60,30,30,debt,165.86
86,2,84,debt,223.02
119,97,22,payment,352.61
38,26,12,debt,102.92
30,13,17,payment,82.09
31,12,19,debt,108.85
121,5,116,payment,315.2
46,26,20,debt,138.1
41,18,23,payment,77.82
75,44,31,debt,227.1
63,63,0,existence,203.97
19,19,0,payment,65.24
97,55,42,payment,170.74
2,1,1,payment,15.06
81,9,72,debt,220.39
75,8,67,payment,190.81
128,71,57,debt,360.22
43,21,22,debt,134.06
72,51,21,payment,226.82
7,3,4,payment,28.34
59,41,18,existence,137.92
106,81,25,existence,233.58
13,5,8,debt,46.48
134,115,19,existence,460.24
135,97,38,existence,407.96
19,7,12,debt,50.08
146,8,138,debt,197.27
114,44,70,existence,199.53
40,16,24,payment,86.68
60,48,12,debt,171.22
73,29,44,debt,152.39
70,41,29,existence,206.33
134,60,74,payment,363.01
105,22,83,debt,169.04
96,15,81,payment,253.07
91,56,35,payment,284.53
137,84,53,payment,294.98
144,94,50,payment,322.2
93,88,5,debt,360.86
123,63,60,existence,367.06
107,6,101,existence,237.81
151,44,107,payment,442.49
26,9,17,payment,65.21
114,75,39,payment,283.19
145,122,23,existence,415.07
23,23,0,payment,84.55
143,24,119,debt,252.08
118,49,69,existence,220.41
48,3,45,payment,134.99
102,59,43,payment,214.61
143,91,52,debt,327.27
95,7,88,payment,231.86
96,73,23,payment,227.49
34,20,14,payment,94.71
66,23,43,debt,216.86
80,58,22,existence,228.11
38,38,0,existence,108.2
22,13,9,existence,58.65
156,60,96,payment,404.55
151,76,75,existence,416.03
92,92,0,debt,284.71
63,8,55,payment,156.78
125,28,97,debt,306.61
30,23,7,existence,93.14
90,33,57,debt,250.31
129,10,119,payment,235.16
27,8,19,existence,49.14
116,31,85,debt,182.85
14,1,13,existence,25.26
10,4,6,debt,36.06
128,58,70,payment,326.31
5,1,4,existence,13.07
51,16,35,debt,144
7,5,2,debt,26.14
55,40,15,existence,104.48
11,3,8,debt,35.01
81,1,80,existence,181.61
122,108,14,debt,378.28
14,8,6,payment,51.26
131,124,7,existence,435.13
139,136,3,debt,465.05
119,29,90,payment,211.53
12,11,1,payment,37.97
124,116,8,payment,318.26
18,1,17,payment,36.93
132,19,113,debt,289.41
86,6,80,existence,159.28
75,37,38,payment,167.32
57,55,2,payment,156.84
148,91,57,debt,311.19
12,5,7,existence,24.4
75,63,12,payment,204.1
78,56,22,payment,186.51
50,8,42,debt,138.47
67,56,11,payment,197.85
5,2,3,debt,24.83
44,39,5,debt,167.08
139,78,61,payment,466.65
18,14,4,debt,45.76
112,31,81,existence,222.84
22,12,10,debt,61.99
132,127,5,existence,366.14
71,13,58,payment,182.39
18,15,3,debt,55.26
5,2,3,debt,17.36
144,133,11,existence,511.68
8,8,0,debt,43.5
137,53,84,existence,349.45
49,37,12,debt,160.6
90,4,86,existence,127.6
46,19,27,debt,96.79
86,85,1,payment,270.18
68,32,36,existence,198.32
86,67,19,debt,252.62
26,19,7,payment,72.33
109,71,38,debt,244.15
68,51,17,payment,166.91
43,21,22,existence,100.46
35,20,15,existence,60.08
71,69,2,existence,158.33
109,74,35,payment,300.86
7,1,6,debt,42.84
46,19,27,payment,131.56
131,63,68,payment,276.99
20,17,3,debt,74.81
4,2,2,existence,11.06
32,3,29,payment,51.75
96,23,73,payment,163.57
152,20,132,existence,390.03
49,23,26,existence,91.14
39,9,30,debt,115.59
113,2,111,existence,194.44
93,66,27,debt,205.91
21,5,16,existence,32.59
65,23,42,debt,191.48
12,6,6,payment,35.34
39,6,33,debt,83.03
147,10,137,existence,312.51
129,114,15,existence,388.3
121,76,45,existence,295.78
139,65,74,debt,421.15
110,12,98,debt,235.17
130,43,87,payment,307.02
105,60,45,existence,208.7
8,5,3,payment,32.55
7,3,4,debt,44.47
122,84,38,payment,317.26
104,4,100,debt,229.24
22,7,15,payment,69.56
123,77,46,debt,291.97
43,34,9,existence,140.93
30,3,27,existence,40.23
32,8,24,existence,51.46
10,7,3,payment,30.72
79,2,77,payment,162.14
61,48,13,debt,210.54
19,2,17,debt,67.34
87,51,36,debt,231.57
107,74,33,payment,240.98
48,39,9,payment,103.65
137,40,97,debt,298.78
16,1,15,payment,47.59
84,2,82,debt,190.04
138,69,69,payment,406.19
150,41,109,debt,284.61
98,52,46,debt,313.34
72,17,55,payment,171.87
50,46,4,debt,143.5
26,26,0,existence,84.14
146,101,45,payment,401.51
146,82,64,debt,356.99
99,10,89,payment,202.57
100,84,16,existence,371.49
56,20,36,existence,126.33
31,15,16,existence,56.88
37,19,18,debt,73.52
33,1,32,existence,69.09
76,9,67,existence,106.08
25,25,0,payment,88.7
78,67,11,payment,227.69
7,3,4,payment,28.56
149,123,26,debt,397.65
45,45,0,existence,118.73
111,78,33,existence,330.23
30,26,4,existence,58.49
120,99,21,payment,258.57
77,58,19,existence,193.5
69,8,61,existence,116.73
108,93,15,existence,298.79
33,10,23,debt,93.49
111,71,40,payment,231.1
38,20,18,debt,130.96
113,29,84,payment,264.77
61,47,14,existence,174.31
126,39,87,existence,299.69
147,88,59,debt,376.37
128,26,102,payment,202.22
152,73,79,existence,303.46
31,5,26,payment,50.31
94,49,45,payment,194.79
54,9,45,existence,76.51
133,78,55,debt,410.89
92,45,47,existence,151.06
112,68,44,payment,277.94
47,18,29,debt,107.16
93,27,66,payment,200.16
2,2,0,payment,11.67
30,13,17,existence,62.23
4,3,1,debt,28.24
98,62,36,debt,220.54
41,12,29,payment,134.59
82,42,40,existence,132.31
156,72,84,debt,310.45
149,104,45,payment,445.56
121,78,43,payment,353.51
75,11,64,payment,177.3
39,33,6,debt,119.74
43,34,9,debt,158.53
57,46,11,payment,185.38
15,10,5,debt,39.13
126,3,123,debt,238.56
58,4,54,debt,108.56
143,91,52,debt,438.53
55,13,42,debt,109.37
15,6,9,debt,51.97
7,3,4,debt,43.58
140,110,30,debt,501.01
15,9,6,debt,61.75
91,4,87,payment,130.21
1,1,0,debt,29.17
54,7,47,existence,87.19
128,9,119,payment,272.45
21,4,17,payment,57.82
129,89,40,existence,296.83
56,5,51,existence,73.46
128,127,1,debt,372.13
73,2,71,debt,165.19
125,4,121,debt,223.35
134,90,44,payment,309.42
42,29,13,existence,80.08
135,26,109,existence,213.97
136,114,22,debt,373.41
115,35,80,debt,294.6
51,34,17,payment,146.48
96,27,69,debt,270.55
7,7,0,payment,32.8
80,51,29,debt,186.27
125,90,35,payment,335.86
34,32,2,existence,101.63
74,39,35,debt,184.91
102,4,98,payment,255.16
18,14,4,existence,57.32
31,6,25,payment,62.31
16,5,11,debt,54.68
143,76,67,existence,330.49
150,62,88,debt,315.64
7,2,5,existence,11.61
49,48,1,payment,139
32,8,24,debt,87.93
70,9,61,existence,131.39
131,1,130,debt,285.43
2,2,0,payment,25.74
147,101,46,existence,518.14
114,59,55,payment,341.41
93,87,6,debt,305.61
43,39,4,existence,152.84
22,15,7,debt,77.04
43,26,17,existence,111.24
5,3,2,payment,24.65
53,43,10,payment,177.73
87,6,81,payment,141.14
62,39,23,existence,123.4
17,2,15,payment,42.45
140,94,46,debt,291.57
148,148,0,payment,294.32
27,17,10,payment,67.08
156,58,98,payment,332.16
122,96,26,payment,359.75
103,17,86,existence,247.01
92,41,51,existence,215.33
72,36,36,existence,191.17
10,5,5,payment,37.64
26,4,22,existence,36.69
19,2,17,payment,36.32
92,31,61,debt,276.15
94,64,30,existence,265.79
26,21,5,payment,67.92
140,76,64,existence,270.69
12,5,7,payment,37.31
55,36,19,existence,100.87
20,13,7,debt,61.56
129,105,24,debt,471.29
28,2,26,debt,72.92
84,75,9,existence,230.32
115,15,100,existence,288.98
124,12,112,debt,305.52
45,40,5,existence,128.95
36,34,2,payment,110.58
55,39,16,debt,170.19
105,20,85,debt,237.33
61,12,49,existence,93.17
59,24,35,existence,153.38
123,52,71,existence,192.65
12,12,0,debt,59.51
20,14,6,debt,96.55
60,36,24,existence,129.69
9,7,2,payment,31.47
150,126,24,debt,293.22
54,40,14,existence,112.29
134,77,57,payment,400.99
128,34,94,debt,286.42
127,109,18,payment,402.05
117,99,18,debt,392.88
7,4,3,debt,47.51
36,21,15,existence,66
132,83,49,payment,401.4
26,25,1,payment,106.75
12,7,5,existence,28.41
28,1,27,existence,53.63
112,97,15,existence,299.21
143,11,132,debt,326
88,15,73,payment,211.5
96,40,56,payment,257.75
29,1,28,payment,44.2
105,26,79,existence,184.93
49,35,14,debt,170.94
137,22,115,payment,238.53
56,36,20,debt,165.3
51,31,20,payment,108.65
50,35,15,existence,127.12
105,42,63,existence,183.09
130,39,91,existence,225.91
43,20,23,payment,94.69
118,64,54,existence,217.47
118,34,84,existence,267.82
30,3,27,payment,76.59
39,5,34,debt,91.27
15,11,4,payment,51.95
49,21,28,debt,159.14
89,36,53,debt,214.94
71,53,18,existence,179.6
1,1,0,existence,2.49
16,14,2,existence,45.94
93,69,24,payment,262.99
18,3,15,existence,35.67
113,83,30,debt,248.51
156,129,27,payment,342.9
57,12,45,debt,139.19
126,47,79,existence,254.44
73,54,19,debt,273
91,23,68,payment,215.81
53,46,7,existence,138.3
131,26,105,existence,332.63
40,2,38,payment,75.62
93,85,8,existence,330.39
103,39,64,existence,232.22
76,9,67,debt,132.75
150,85,65,debt,517.33
133,105,28,payment,316.14
133,119,14,payment,362.49
141,71,70,existence,384.73
95,11,84,existence,192.4
94,35,59,existence,195.38
127,61,66,debt,385.4
112,37,75,payment,173.51
111,51,60,payment,259.43
43,10,33,debt,106.78
129,125,4,debt,496.65
20,16,4,debt,66.38
41,34,7,payment,147.03
4,1,3,debt,27.86
79,79,0,existence,165.65
154,70,84,existence,328.28
52,24,28,existence,120.12
76,47,29,existence,186.68
128,121,7,existence,486.64
119,57,62,payment,302.4
74,70,4,debt,222.91
10,10,0,payment,37.59
37,27,10,debt,113.12
131,128,3,debt,407.6
83,17,66,existence,115.94
84,70,14,existence,308.86
124,47,77,debt,231.17
102,31,71,payment,283.79
80,33,47,payment,201.4
151,124,27,payment,355.52
78,19,59,debt,185.93
90,66,24,existence,265.24
20,4,16,existence,34.35
33,29,4,debt,109.25
126,46,80,debt,247.77
90,7,83,payment,163.5
17,3,14,payment,46.71
85,82,3,existence,194.28
52,21,31,payment,145.59
151,105,46,existence,463.47
155,108,47,existence,470.57
19,4,15,existence,46.86
9,4,5,payment,28.58
99,62,37,existence,232.26
100,81,19,debt,282.24
106,70,36,debt,337.3
38,25,13,debt,134.15
11,5,6,existence,25.08
143,57,86,existence,253.74
148,10,138,existence,328.9
84,54,30,payment,265.14
44,36,8,payment,143.17
111,105,6,debt,359.15
110,20,90,existence,212.86
33,23,10,existence,83.62
37,20,17,debt,134.4
29,20,9,debt,81.25
33,21,12,existence,80.75
81,42,39,debt,140.72
88,50,38,existence,239
69,9,60,payment,124.06
138,14,124,debt,219.85
141,33,108,existence,287.28
14,3,11,debt,45.12
71,14,57,payment,142.84
154,152,2,payment,386.3
149,9,140,existence,317.68
78,1,77,debt,134.79
96,25,71,existence,237.36
63,56,7,debt,219
34,8,26,existence,72.51
95,25,70,payment,213.43
133,128,5,debt,393.12
111,4,107,debt,289.17
87,54,33,existence,271.83
77,25,52,payment,228.15
24,9,15,debt,52.35
98,47,51,existence,273.75
33,22,11,debt,121.83
47,34,13,payment,125.7
54,49,5,debt,180.08
71,19,52,payment,144.97
37,3,34,payment,90.12
24,19,5,debt,96.04
83,49,34,existence,165.37
15,15,0,existence,33.34
97,74,23,existence,276.23
90,29,61,existence,154.98
120,114,6,existence,343.6
60,53,7,existence,148.37
114,24,90,debt,313.03
147,77,70,payment,406.9
6,6,0,payment,22.58
146,103,43,debt,441.74
134,16,118,debt,217.96
65,28,37,debt,163.76
107,12,95,debt,191.61
128,24,104,debt,206.17
152,40,112,debt,424.76
90,38,52,existence,196.99
49,2,47,existence,86.43
3,1,2,payment,12.65
152,47,105,payment,362.74
1,1,0,existence,2.73
9,3,6,debt,45.59
61,16,45,existence,99.25
15,8,7,existence,31.4
24,9,15,existence,45.23
93,4,89,existence,148.98
98,52,46,payment,307.78
42,13,29,debt,139.09
128,37,91,payment,228.67
22,10,12,debt,60.14
124,73,51,debt,273.87
149,86,63,payment,387.11
41,21,20,existence,102
78,21,57,existence,144.99
133,24,109,existence,320.01
116,37,79,payment,330.09
27,15,12,existence,73.37
89,28,61,payment,219.8
46,4,42,existence,112.11
23,4,19,debt,55.84
136,1,135,debt,238.02
156,78,78,payment,456.59
84,48,36,payment,265.71
100,80,20,payment,311.92
21,8,13,payment,43.04
38,24,14,payment,126
134,16,118,debt,346.02
147,53,94,payment,297.55
143,81,62,payment,313.85
137,110,27,debt,461.8
91,15,76,payment,188.64
97,61,36,debt,194.22
94,76,18,existence,190.53
2,1,1,debt,17.83
116,15,101,debt,221.17
116,24,92,payment,196.3
144,3,141,existence,235.42
33,29,4,existence,118.38
59,19,40,existence,103.49
142,91,51,payment,364.3
18,5,13,existence,28.77
119,7,112,existence,189.39
144,142,2,existence,342.62
98,33,65,payment,214.91
49,28,21,payment,152.59
146,3,143,existence,192.37
135,83,52,debt,285.06
19,16,3,debt,54.09
157,31,126,payment,276.1
4,3,1,debt,26.9
138,122,16,existence,370.19
49,2,47,payment,111.47
127,80,47,debt,321.95
139,127,12,debt,463.43
137,132,5,debt,485.61
30,19,11,debt,80.67
55,50,5,payment,119.09
99,11,88,debt,181.63
145,124,21,debt,478.54
52,40,12,debt,132.96
106,7,99,debt,198.72
85,59,26,debt,290.48
36,22,14,payment,121.14
136,57,79,debt,346.22
12,4,8,debt,52.23
13,8,5,debt,48.53
89,58,31,debt,282.79
16,6,10,existence,43.99
33,32,1,existence,72.81
123,8,115,payment,237.6
18,17,1,payment,59.64
119,41,78,debt,205.6
101,1,100,existence,152.22
27,13,14,payment,67.16
61,31,30,debt,153.5
71,29,42,payment,157.59
82,54,28,debt,212.21
78,21,57,payment,143.29
32,26,6,payment,94.13
122,6,116,debt,274.68
4,2,2,debt,25.04
30,6,24,existence,54.81
152,53,99,payment,432.86
117,48,69,existence,240.53
51,24,27,payment,130.19
80,66,14,debt,244.95
3,2,1,debt,35.15
40,33,7,payment,135.02
112,66,46,debt,317.77
114,25,89,debt,292.16
112,90,22,existence,291.57
56,20,36,existence,96.67
119,32,87,existence,332.59
1,1,0,debt,29.96
149,56,93,payment,367.15
73,35,38,existence,199.57
120,35,85,payment,241.03
139,4,135,payment,317.79
103,102,1,debt,337.2
60,33,27,debt,137.67
143,80,63,debt,422.42
65,34,31,debt,148.49
38,19,19,debt,111.9
70,9,61,debt,172.42
84,74,10,payment,262.11
32,20,12,payment,65.55
55,25,30,payment,140.97
40,40,0,payment,145.22
157,87,70,existence,320.58
70,43,27,existence,212.29
25,8,17,debt,62.82
113,25,88,payment,196.27
83,71,12,debt,214.77
125,37,88,debt,259.13
64,9,55,existence,153.7
118,17,101,debt,310.12
131,32,99,payment,229.55
124,96,28,existence,314.87
70,11,59,payment,187.13
65,63,2,existence,140.11
18,2,16,debt,60.42
152,33,119,payment,357.85
130,47,83,existence,234.47
69,58,11,payment,153.77
63,50,13,debt,212.31
98,95,3,payment,364.32
111,71,40,debt,318.27
4,3,1,existence,9.78
11,3,8,payment,26.27
92,49,43,existence,192.31
15,9,6,debt,54.78
154,107,47,existence,384.53
151,84,67,debt,382.67
96,63,33,existence,282.15
70,25,45,payment,167.09
103,79,24,debt,316.87
116,49,67,existence,233.26
108,68,40,debt,279.52
104,36,68,existence,240.95
16,9,7,payment,52.06
10,4,6,debt,53.28
142,130,12,existence,461.69
126,113,13,existence,470.04
43,6,37,debt,114.63
63,3,60,payment,151.37
109,64,45,debt,340.96
140,74,66,payment,300.59
68,19,49,payment,147.46
93,41,52,payment,207
156,130,26,existence,415.57
61,1,60,existence,129.62
86,4,82,existence,135.29
144,71,73,existence,401.37
36,33,3,payment,108.35
97,20,77,existence,145.88
65,16,49,payment,178.4
58,45,13,existence,143.81
19,3,16,existence,37.08
130,97,33,existence,296.83
128,56,72,debt,314.28
69,26,43,payment,113.79
148,6,142,existence,212.65
86,40,46,payment,270.12
84,68,16,payment,249.97
95,76,19,debt,227.11
103,94,9,existence,287.2
104,67,37,payment,209.88
129,105,24,debt,320.94
59,50,9,payment,204.34
134,93,41,existence,348.49
9,3,6,payment,22.53
4,2,2,payment,18.01
95,90,5,existence,243.65
82,66,16,debt,250.26
102,40,62,debt,222.51
59,41,18,existence,149.21
46,10,36,debt,148.02
113,21,92,existence,238.06
1,1,0,existence,3.38
103,79,24,existence,318.42
67,38,29,payment,179.8
99,45,54,existence,162.39
119,38,81,existence,310.13
136,107,29,debt,466.13
67,60,7,existence,161.4
89,35,54,existence,243.79
56,24,32,payment,98.9
115,82,33,existence,245.54
34,33,1,existence,114.04
13,1,12,existence,17.5
65,45,20,existence,182.1
102,62,40,debt,343.9
34,30,4,existence,79.19
5,5,0,debt,25.57
89,6,83,existence,123.23
148,23,125,debt,210.68
146,44,102,payment,257.55
142,65,77,debt,406.26
20,15,5,payment,62.06
31,15,16,payment,76.56
125,66,59,debt,296.34
30,3,27,debt,83
17,3,14,debt,40.79
58,5,53,payment,86.5
139,134,5,existence,356.83
75,21,54,payment,146.03
36,12,24,debt,117.28
43,4,39,existence,68.76
47,14,33,payment,144.12
9,7,2,debt,25.22
33,28,5,payment,81.33
85,67,18,debt,222.28
25,8,17,debt,65.46
128,50,78,existence,316.55
149,64,85,debt,367.37
46,5,41,debt,125.93
147,31,116,debt,337.63
3,3,0,debt,20.93
119,65,54,payment,276.97
104,99,5,existence,271.94
74,74,0,debt,226.13
38,1,37,payment,67.83
35,25,10,existence,115.25
115,103,12,existence,263.69
102,82,20,debt,251.05
134,122,12,payment,390.03
31,21,10,payment,80.29
128,94,34,existence,292.97
34,12,22,payment,93.91
8,4,4,debt,47.85
4,4,0,payment,28.61
9,9,0,debt,46.74
3,1,2,existence,8.38
150,21,129,payment,348.55
39,34,5,debt,107.24
88,44,44,debt,223.56
21,7,14,existence,39.56
9,5,4,payment,23.11
76,40,36,debt,159.76
36,36,0,existence,91.69
106,70,36,debt,249.8
59,46,13,payment,185.32
126,101,25,payment,450.33
144,35,109,payment,317.22
25,20,5,debt,78.74
139,47,92,debt,258.67
122,109,13,existence,356.35
106,43,63,payment,309.42
101,66,35,payment,291.12
116,53,63,existence,270.6
129,62,67,existence,304.81
66,4,62,existence,145.85
16,8,8,debt,65.13
134,80,54,payment,250.97
20,3,17,debt,46.32
110,19,91,debt,213.94
54,12,42,debt,118.16
11,6,5,debt,46.78
143,10,133,payment,218.12
26,14,12,existence,77.16
57,41,16,debt,181.08
105,55,50,debt,222.05
46,19,27,debt,144.07
139,84,55,payment,441.59
22,1,21,existence,30.08
7,7,0,debt,42.66
45,23,22,payment,117.16
144,136,8,debt,439.09
27,4,23,payment,62.93
58,13,45,payment,150.37
56,54,2,existence,165.63
45,16,29,payment,108.22
39,15,24,existence,90.97
4,2,2,debt,31.78
107,104,3,debt,264.02
69,59,10,payment,176.73
22,4,18,payment,47.56
10,10,0,debt,50.32
79,23,56,payment,173.29
32,27,5,existence,83.43
134,37,97,payment,334.27
95,14,81,existence,178.12
20,12,8,existence,48.28
82,82,0,existence,274.3
95,51,44,payment,251.09
19,11,8,debt,68.64
150,116,34,payment,442.33
10,1,9,existence,18.87
26,13,13,debt,100.31
131,4,127,debt,339.72
52,28,24,existence,99.19
35,4,31,debt,113.57
38,16,22,existence,96.28
2,2,0,existence,6.26
38,18,20,existence,78.57
49,40,9,payment,132.18
157,41,116,debt,255.08
130,83,47,debt,436.02
35,10,25,existence,87.14
66,15,51,debt,171.53
86,3,83,debt,174.34
126,38,88,payment,324.42
106,27,79,payment,222.52
120,87,33,debt,319.21
138,89,49,existence,287.92
131,115,16,existence,457.75
71,22,49,payment,155.68
124,63,61,existence,258.19
3,3,0,existence,7.52
69,10,59,debt,154.61
100,27,73,debt,257.67
101,1,100,payment,189.57
86,37,49,existence,163.18
85,13,72,payment,213.93
140,60,80,existence,354.28
112,32,80,existence,190.22
134,118,16,existence,368.84
149,30,119,existence,346.97
45,16,29,existence,103.3
37,13,24,payment,106.28
76,22,54,debt,137.03
56,15,41,existence,110.15
14,4,10,payment,41.18
79,63,16,payment,164.59
67,11,56,debt,169.1
121,91,30,payment,251.49
140,75,65,existence,327.58
77,38,39,payment,160.12
115,47,68,existence,248.48
107,94,13,debt,362.29
39,21,18,payment,95.96
45,14,31,payment,84.59
24,24,0,payment,90.23
47,28,19,payment,152.26
37,21,16,existence,70.51
152,78,74,existence,371.65
24,17,7,debt,88.08
16,1,15,existence,40.89
49,1,48,existence,105.6
102,76,26,debt,318.82
87,64,23,existence,208.7
71,70,1,payment,215.06
52,17,35,debt,124.94
87,19,68,debt,145.55
14,8,6,payment,41.02
8,2,6,debt,24.24
89,16,73,debt,254.44
65,64,1,existence,231.8
119,113,6,existence,304.21
42,7,35,payment,74.72
132,12,120,existence,247.76
31,19,12,existence,88.57
30,29,1,debt,114.31
156,151,5,debt,483.57
47,42,5,existence,117.93
77,66,11,existence,231.79
39,4,35,debt,115.28
81,10,71,payment,125.91
118,46,72,payment,256.93
71,37,34,existence,178.31
155,129,26,debt,549.33
36,27,9,payment,87.53
96,39,57,debt,226.49
41,40,1,debt,155.67
150,134,16,debt,437.53
117,15,102,existence,247.42
46,17,29,debt,103.26
7,1,6,existence,13.87
84,13,71,payment,197.25
135,93,42,existence,319.17
149,67,82,existence,352.03
127,80,47,payment,342.29
5,1,4,existence,9.35
24,12,12,debt,73.56
145,15,130,existence,323.54
89,29,60,payment,251.33
125,107,18,debt,460.04
10,5,5,existence,27.59
80,2,78,payment,188.89
43,38,5,debt,161.37
134,15,119,payment,187.91
94,68,26,payment,230.66
94,8,86,existence,183.65
47,28,19,existence,75.83
58,29,29,payment,186.84
32,21,11,existence,73.65
38,20,18,existence,96.55
42,16,26,debt,135.09
17,16,1,debt,79.33
64,63,1,debt,195.88
102,91,11,existence,349.89
94,63,31,existence,258.57
6,6,0,existence,15.29
115,28,87,existence,239.75
90,48,42,debt,264.43
48,48,0,payment,145.65
59,50,9,payment,193.58
56,35,21,payment,107.65
113,35,78,existence,202.32
86,36,50,debt,217.73
100,75,25,existence,277.88
111,93,18,debt,422.09
29,9,20,existence,82.48
91,46,45,existence,185.18
140,91,49,existence,448.56
107,107,0,existence,373.9
96,20,76,existence,258.92
58,10,48,payment,100.28
89,51,38,payment,211.04
144,89,55,existence,314.43
132,97,35,payment,312.9
70,70,0,debt,259.77
57,3,54,existence,130.02
136,3,133,payment,229.6
135,92,43,payment,377.56
114,56,58,payment,297.99
6,5,1,debt,28.5
152,74,78,debt,309.41
8,4,4,payment,30.02
155,62,93,existence,424.81
133,28,105,payment,265.93
39,28,11,existence,121.49
41,9,32,payment,77.39
46,18,28,payment,111.87
22,17,5,payment,64.97
111,85,26,existence,269.78
37,29,8,existence,96.07
98,31,67,existence,196.85
2,2,0,existence,5.4
156,106,50,debt,453.96
57,14,43,existence,110.32
31,5,26,payment,71.3
97,65,32,debt,206.67
124,21,103,payment,227.12
108,96,12,debt,283.69
12,10,2,existence,31.17
113,69,44,existence,257.52
119,39,80,debt,301.67
62,25,37,debt,170.12
75,69,6,debt,199.9
78,4,74,debt,177.24
50,11,39,existence,75.53
69,24,45,debt,196.41
25,21,4,debt,70.99
63,63,0,payment,194.5
153,49,104,payment,267.11
106,49,57,payment,226.78
38,35,3,existence,108.92
86,28,58,debt,177.6
44,11,33,existence,70.93
28,11,17,existence,50.45
68,20,48,existence,180.95
31,10,21,debt,82.89
2,1,1,existence,5.96
84,60,24,payment,217.7
143,14,129,debt,277.37
51,7,44,debt,104.29
57,40,17,payment,148.62
127,22,105,debt,223.72
133,118,15,existence,260.93
33,12,21,debt,83.77
145,64,81,payment,353.09
61,42,19,payment,132.34
149,76,73,debt,439.8
140,66,74,existence,417.06
144,117,27,debt,390.46
89,12,77,debt,201.03
110,105,5,debt,394.51
133,50,83,existence,349.42
68,39,29,debt,214.09
35,31,4,payment,145.66
91,43,48,debt,200.54
47,34,13,existence,106.65
150,116,34,payment,464.08
127,48,79,payment,258.4
45,7,38,existence,95.66
140,87,53,existence,368.49
55,17,38,payment,127.71
144,30,114,existence,288.98
65,36,29,existence,162.54
39,23,16,debt,91.94
104,16,88,debt,147.58
118,68,50,debt,323.87
113,36,77,existence,256.54
114,20,94,existence,296.81
122,23,99,existence,194.77
30,13,17,payment,91.49
110,92,18,existence,277.48
1,1,0,payment,9.32
60,31,29,payment,185.76
109,99,10,debt,378.56
40,2,38,debt,71.92
152,50,102,existence,278.31
156,90,66,existence,412.56
9,5,4,debt,52.19
18,9,9,debt,50.93
5,1,4,debt,18.76
13,12,1,existence,43.72
51,29,22,existence,107.33
75,64,11,debt,158.73
145,95,50,existence,440.16
70,31,39,existence,143.83
116,48,68,payment,247.71
36,16,20,existence,88.99
28,5,23,payment,72.17
35,32,3,existence,110.43
5,3,2,payment,31.49
141,7,134,payment,213.86
133,53,80,debt,378.48
103,55,48,debt,324.46
85,51,34,payment,191.34
130,98,32,debt,418.22
19,10,9,debt,58.46
11,5,6,existence,34.27
145,139,6,payment,507.35
26,25,1,payment,93.01
28,2,26,existence,54.81
51,24,27,debt,115.77
67,40,27,payment,154.79
65,46,19,existence,141.8
16,13,3,existence,45.34
4,4,0,existence,10.89
136,6,130,payment,296.71
4,4,0,debt,24.56
33,3,30,existence,70.88
2,2,0,debt,27.43
122,109,13,existence,377.24
28,6,22,debt,85.54
17,1,16,payment,27.53
146,88,58,payment,268.7
91,91,0,payment,329.1
10,8,2,debt,46.46
28,5,23,existence,57.5
91,85,6,payment,248.83
111,90,21,existence,261.32
54,27,27,debt,162.51
108,33,75,payment,171.81
155,115,40,existence,366.11
98,61,37,debt,296.1
126,97,29,payment,284.94
31,6,25,existence,48.2
50,29,21,debt,146.51
122,41,81,existence,341.67
24,9,15,payment,64.66
123,94,29,debt,340.15
53,14,39,debt,116.84
59,38,21,payment,186.16
84,47,37,debt,175.25
149,135,14,debt,438.75
77,44,33,existence,180.06
42,15,27,debt,149.34
29,18,11,existence,66.58
107,24,83,payment,206.73
88,15,73,payment,220.63
108,106,2,payment,400.92
56,8,48,payment,142.05
25,18,7,debt,95.53
60,60,0,existence,170.3
72,16,56,existence,139.84
127,81,46,payment,322.56
22,12,10,debt,71.88
135,111,24,payment,394.58
26,22,4,payment,72.93
52,51,1,existence,197.87
123,67,56,existence,313.56
147,135,12,payment,313.25
133,133,0,payment,330.77
124,47,77,existence,214.27
3,1,2,existence,4.69
87,18,69,debt,244.68
66,5,61,debt,113.02
67,65,2,payment,208.72
41,31,10,existence,80.52
28,21,7,debt,92.13
51,17,34,debt,156.55
71,1,70,existence,89.81
143,75,68,payment,373.05
61,60,1,debt,184.69
107,56,51,payment,267.64
38,8,30,debt,108.91
87,51,36,debt,199
136,34,102,debt,247.54
23,12,11,payment,84.42
25,24,1,debt,106.71
115,47,68,debt,363.88
46,4,42,existence,83.85
59,14,45,debt,147.74
69,5,64,payment,123.31
153,9,144,existence,388.02
142,110,32,existence,285.57
58,54,4,debt,141.09
104,94,10,payment,291.62
124,30,94,existence,340.17
4,2,2,payment,18.21
30,9,21,debt,94.56
23,4,19,debt,62.49
8,1,7,existence,19.18
103,98,5,existence,268.65
80,8,72,payment,172.06
26,21,5,payment,75.13
78,75,3,payment,239.74
12,8,4,payment,40.76
84,46,38,existence,222.97
153,74,79,debt,477.13
16,11,5,existence,37.9
89,43,46,payment,226.56
100,11,89,existence,251.37
109,54,55,payment,336.07
139,122,17,debt,399.33
3,1,2,payment,17.31
149,7,142,existence,267.96
69,64,5,existence,229.27
103,48,55,existence,322.5
110,62,48,payment,314.76
116,7,109,debt,281.02
52,23,29,payment,119.85
8,8,0,existence,26.11
154,151,3,existence,467.7
152,84,68,existence,434.61
9,6,3,existence,23.53
150,119,31,debt,302.08
4,4,0,existence,9.79
32,30,2,existence,103.8
58,31,27,payment,179
14,7,7,debt,46.24
110,20,90,debt,313.23
116,23,93,payment,283.1
89,82,7,debt,318.59
68,50,18,debt,172.64
137,71,66,debt,402.46
72,55,17,existence,229.27
1,1,0,existence,3.88
135,91,44,debt,389.45
10,2,8,debt,50.55
37,7,30,payment,84.29
104,66,38,payment,281.62
117,20,97,debt,212.93
127,9,118,debt,201.99
140,53,87,existence,263.73
42,36,6,payment,147.05
111,83,28,debt,370.82
103,15,88,debt,198.04
101,13,88,existence,216.48
8,7,1,payment,37.36
62,19,43,existence,135.8
145,85,60,payment,358.87
118,105,13,payment,338.55
29,1,28,payment,73.3
19,17,2,debt,69.57
8,5,3,debt,25.36
122,52,70,existence,309.3
68,44,24,existence,147.65
129,30,99,debt,223.61
57,8,49,payment,115.67
21,15,6,debt,83.88
51,30,21,debt,143.21
156,126,30,payment,383.34
17,11,6,payment,52.4
137,88,49,payment,331.39
75,27,48,payment,223.23
114,23,91,debt,288
10,6,4,existence,29.43
128,80,48,debt,312.85
145,29,116,debt,373.36
51,38,13,existence,145.89
151,119,32,payment,457.14
20,7,13,payment,55.59
90,26,64,payment,190.62
49,47,2,debt,175.13
24,10,14,payment,74.15
83,62,21,payment,258.32
125,111,14,payment,399.66
154,116,38,existence,278.02
36,17,19,payment,86.26
84,70,14,existence,283.97
128,74,54,payment,239.86
119,75,44,debt,375.43
96,92,4,debt,350.8
137,35,102,existence,370.42
63,36,27,existence,161.1
117,41,76,existence,309.01
134,3,131,existence,192.87
138,47,91,debt,333.97
39,31,8,existence,97.28
10,2,8,debt,51.79
15,7,8,payment,50.33
22,20,2,debt,77.07
74,43,31,existence,193.42
93,33,60,existence,235.4
89,35,54,existence,201.23
41,28,13,debt,124.64
157,22,135,payment,292.71
98,16,82,existence,216.97
151,93,58,payment,340.98
9,3,6,existence,24.31
88,35,53,payment,227.74
113,2,111,existence,168.85
95,29,66,existence,178.13
84,83,1,payment,222.27
64,32,32,debt,151.58
38,6,32,payment,95.74
29,2,27,existence,72.02
83,72,11,existence,289.84
99,93,6,debt,347.48
143,130,13,payment,470.37
65,19,46,existence,160.62
83,61,22,payment,280.96
31,18,13,existence,69.28
41,38,3,existence,136.98
70,43,27,debt,232.01
144,76,68,payment,291.58
23,3,20,payment,54.47
118,11,107,existence,199.82
14,6,8,payment,33.77
109,23,86,payment,256.94
78,49,29,debt,246.1
132,99,33,debt,423
4,3,1,existence,10.96
110,79,31,debt,252.51
25,8,17,debt,95.68
136,28,108,payment,309.21
53,13,40,debt,147.88
79,79,0,existence,213.36
152,12,140,existence,358.54
123,18,105,existence,221.11
3,2,1,existence,6.63
89,81,8,existence,221.46
141,33,108,existence,361.29
41,40,1,existence,91.46
14,7,7,existence,27.29
116,71,45,payment,377.87
47,27,20,existence,81.46
100,38,62,debt,232.39
103,66,37,debt,255.83
48,10,38,debt,94.03
80,1,79,debt,193.94
121,93,28,existence,265.27
54,34,20,payment,175.84
101,75,26,debt,294.56
135,43,92,debt,354.52
57,12,45,existence,144.88
147,72,75,existence,277.67
4,2,2,debt,17.99
148,108,40,existence,403.77
48,39,9,existence,157.39
112,61,51,existence,211.21
83,4,79,payment,217.43
116,78,38,payment,324.15
107,19,88,debt,253.29
110,46,64,existence,307.37
75,6,69,existence,189.84
14,13,1,debt,46.15
28,28,0,payment,91.63
18,17,1,existence,50.59
32,28,4,debt,103.86
50,10,40,existence,105.35
42,21,21,payment,107.51
47,8,39,debt,120.74
52,33,19,payment,118.56
85,11,74,debt,208.82
29,10,19,payment,59.96
18,5,13,existence,36.14
151,12,139,existence,342.32
109,65,44,debt,313.91
121,96,25,existence,403.34
58,14,44,debt,128.98
31,21,10,existence,73.11
43,15,28,existence,115.46
126,74,52,debt,292.11
143,17,126,existence,247.73
103,5,98,debt,152.69
96,14,82,debt,239.38
124,39,85,existence,293.39
9,6,3,debt,49.85
156,155,1,existence,394.59
11,9,2,payment,52.73
80,60,20,payment,196.26
9,8,1,payment,42.52
135,74,61,debt,238.08
81,59,22,existence,223.99
112,33,79,existence,316.59
11,5,6,payment,33.63
121,120,1,payment,406.96
48,48,0,payment,145.15
91,8,83,existence,196.34
124,120,4,payment,345.94
134,63,71,debt,268.86
69,68,1,existence,186.61
62,41,21,existence,180.48
100,13,87,debt,262.25
155,18,137,existence,401.38
71,51,20,payment,195.2
47,44,3,existence,179.37
71,31,40,payment,208.15
34,23,11,debt,93.43
127,13,114,debt,201.05
108,77,31,debt,295.73
3,3,0,debt,19.28
66,2,64,debt,117.24
127,68,59,debt,294.19
131,40,91,debt,243.66
68,33,35,existence,184.26
5,2,3,existence,11.14
42,4,38,payment,67.8
33,5,28,debt,65.6
86,36,50,debt,208.15
116,52,64,payment,314.1
1,1,0,debt,29.98
77,42,35,payment,195.08
31,13,18,debt,62.18
94,12,82,debt,208.29
18,13,5,debt,47.24
110,51,59,payment,339.46
21,10,11,payment,56.58
14,1,13,debt,38.28
119,69,50,debt,322.98
50,12,38,debt,128.49
103,45,58,debt,223.72
135,18,117,payment,236.58
27,3,24,debt,52.2
116,110,6,payment,350.2
110,56,54,existence,331.34
6,3,3,payment,28.32
104,49,55,existence,298.96
58,40,18,payment,129.98
88,51,37,existence,227.29
50,38,12,debt,124.11
63,18,45,debt,119.25
82,19,63,debt,153.99
11,8,3,existence,27.16
102,26,76,payment,246.71
137,25,112,payment,355.53
61,58,3,debt,237.13
94,5,89,existence,179.8
122,90,32,debt,298.69
10,9,1,existence,34.02
46,16,30,existence,96.98
141,123,18,debt,457.97
156,122,34,debt,493.87
125,71,54,debt,374.21
27,9,18,debt,80.96
147,57,90,payment,347.9
58,25,33,existence,172.43
122,4,118,payment,270.18
87,42,45,debt,192.42
76,20,56,existence,119.51
49,21,28,existence,85.94
117,73,44,debt,368.81
149,117,32,payment,317.9
124,95,29,existence,288.91
71,67,4,existence,249.57
155,32,123,payment,420.9
156,156,0,payment,463.68
127,44,83,payment,265.76
14,11,3,existence,43.78
104,38,66,payment,228.24
33,26,7,payment,83.99
54,12,42,payment,131.46
151,138,13,existence,444.14
66,25,41,debt,162.52
42,6,36,payment,122.82
45,39,6,existence,129.49
109,39,70,payment,253.72
65,40,25,payment,216.36
88,57,31,debt,256.8
66,14,52,debt,184.63
41,24,17,debt,109.65
90,34,56,payment,181.97
82,61,21,debt,263.1
64,45,19,existence,187.12
135,1,134,existence,159.84
84,8,76,existence,129.84
23,1,22,payment,49.67
127,79,48,existence,288.43
150,52,98,debt,320.66
10,1,9,existence,17.57
102,63,39,payment,205.74
66,13,53,payment,169.83
90,71,19,payment,230.91
97,87,10,debt,389.7
149,6,143,debt,278.81
7,1,6,payment,25.66
15,10,5,debt,62.72
88,41,47,debt,298
78,73,5,payment,237.43
79,19,60,debt,179.04
82,59,23,existence,268.89
87,48,39,payment,254.78
58,20,38,payment,149.25
102,96,6,existence,302.33
37,31,6,debt,110.21
116,67,49,payment,255.29
80,75,5,debt,240.69
126,12,114,existence,222.7
14,2,12,payment,26.77
79,60,19,payment,223.49
109,88,21,debt,310.75
128,119,9,debt,466.06
153,132,21,existence,495.2
143,65,78,debt,365.39
47,35,12,existence,140.7
66,58,8,payment,172.85
54,10,44,payment,154.02
38,7,31,payment,98.74
133,133,0,payment,395.59
109,102,7,debt,306.12
113,55,58,payment,255.69
93,89,4,debt,234.69
77,41,36,debt,189.55
116,78,38,debt,250.51
154,131,23,existence,460.54
122,84,38,existence,245.91
119,65,54,existence,338.96
39,32,7,existence,131.3
136,120,16,payment,506.97
131,113,18,existence,311.89
2,2,0,payment,18.6
121,103,18,debt,459.53
41,26,15,existence,122.87
1,1,0,payment,20.7
93,50,43,debt,208.87
21,7,14,existence,46.82
48,44,4,payment,177.54
126,53,73,existence,246.54
53,35,18,payment,179.36
65,27,38,debt,177.94
10,6,4,payment,34.58
36,32,4,debt,127.69
148,130,18,debt,410.22
53,42,11,payment,160.24
130,4,126,payment,228.18
133,125,8,debt,303.56
87,84,3,existence,272.68
143,54,89,payment,287.09
11,8,3,debt,38.84
17,1,16,payment,53.08
14,6,8,payment,28.91
35,24,11,existence,74.65
97,52,45,payment,277.65
78,72,6,existence,268.83
150,25,125,debt,357.16
116,48,68,debt,228.96
74,55,19,debt,175.05
157,119,38,existence,422.77
20,4,16,existence,46.66
94,74,20,debt,246.14
118,94,24,debt,387.71
120,67,53,debt,418.35
107,5,102,existence,236.56
120,118,2,existence,446.97
46,26,20,payment,156.69
39,29,10,payment,154.34
67,50,17,payment,166.08
96,85,11,debt,248.42
46,6,40,debt,121.77
64,38,26,payment,205.09
125,78,47,payment,402.27
39,2,37,payment,90.57
71,59,12,debt,172.63
27,5,22,debt,73.9
63,27,36,existence,107.52
138,49,89,existence,392.18
8,6,2,debt,35.91
122,35,87,existence,197.16
71,63,8,payment,179.01
100,23,77,debt,233.03
126,66,60,existence,378.98
144,63,81,existence,380.25
36,25,11,existence,107.21
31,19,12,existence,89.53
112,75,37,payment,370.23
140,104,36,existence,289.04
138,90,48,payment,423.02
142,109,33,debt,350.08
157,82,75,debt,473.24
32,21,11,debt,122.4
108,104,4,debt,302.55
19,17,2,debt,56.1
56,29,27,debt,200.19
3,2,1,existence,7.93
43,43,0,existence,87.2
77,69,8,debt,227.08
84,24,60,debt,187.61
147,31,116,existence,315.9
145,15,130,existence,308.44
73,69,4,payment,238.51
108,91,17,existence,341.2
3,3,0,payment,14.6
100,74,26,payment,231.75
56,41,15,debt,173.59
25,19,6,existence,71.85
125,88,37,payment,287.56
64,45,19,debt,163.58
3,2,1,existence,8.03
84,71,13,existence,284.37
55,46,9,debt,212.19
63,51,12,debt,191.06
109,57,52,existence,330.44
69,40,29,payment,151.62
141,35,106,debt,229.45
57,36,21,payment,155.47
110,34,76,debt,193.44
19,4,15,debt,47.9
140,6,134,debt,352.52
115,93,22,debt,398.28
156,137,19,existence,470.9
8,5,3,payment,26.12
105,1,104,debt,216.05
142,73,69,payment,375.72
61,50,11,existence,174.95
67,39,28,payment,166.48
113,18,95,debt,273.89
28,7,21,existence,61.79
101,13,88,payment,213.73
54,9,45,payment,142.98
149,7,142,debt,213.58
67,40,27,existence,162.9
155,137,18,existence,319.08
21,10,11,payment,53.48
78,70,8,debt,291.53
12,12,0,debt,61.46
114,1,113,payment,239.24
151,35,116,existence,240.7
120,54,66,payment,274.13
144,39,105,existence,217.14
61,59,2,debt,166.28
56,43,13,payment,173.35
111,99,12,payment,347.69
3,1,2,payment,19.28
84,10,74,existence,174.37
157,35,122,existence,405.59
102,70,32,debt,246.95
58,17,41,debt,184.06
101,90,11,existence,367.05
6,6,0,payment,20.83
95,15,80,debt,189.98
3,2,1,debt,20.29
90,15,75,payment,231.6
29,7,22,existence,59.05
50,22,28,existence,117.28
52,51,1,payment,153.99
52,3,49,payment,99.79
95,85,10,existence,253.58
96,23,73,existence,166.92
13,6,7,payment,51.16
48,2,46,debt,137.48
32,21,11,payment,109.35
71,28,43,existence,189.8
120,103,17,debt,294.76
45,28,17,existence,98.05
114,97,17,existence,341.01
46,11,35,existence,86.37
42,42,0,existence,131.56
68,40,28,payment,205.53
60,50,10,existence,164.85
43,29,14,existence,103.36
144,55,89,existence,376.62
35,17,18,existence,61.82
148,26,122,payment,219.1
132,66,66,debt,301.49
68,39,29,payment,175.49
96,68,28,debt,267.47
39,38,1,debt,94.5
87,49,38,debt,300.24
99,65,34,existence,219.84
6,3,3,existence,9.65
46,35,11,debt,128.73
55,1,54,payment,128.37
41,27,14,payment,95.8
149,145,4,payment,465.79
44,20,24,debt,105.75
118,17,101,debt,219.07
77,18,59,payment,159.43
46,35,11,existence,98.53
12,6,6,debt,48.15
71,50,21,debt,236.98
31,26,5,payment,96.75
97,17,80,existence,263.03
17,14,3,existence,44.46
21,1,20,payment,39.48
143,70,73,debt,321.86
38,22,16,existence,114.92
7,1,6,payment,15.06
20,17,3,payment,71.62
32,15,17,existence,73.85
107,19,88,payment,237.58
143,70,73,debt,375.75
38,31,7,debt,96.73
17,13,4,existence,49.34
20,20,0,debt,85.25
137,50,87,payment,377.89
49,20,29,existence,123.76
23,5,18,payment,65.75
86,37,49,payment,189.79
90,17,73,existence,214.48
139,31,108,debt,386.53
28,21,7,debt,83.92
69,37,32,payment,144.49
122,2,120,payment,220.45
83,83,0,debt,317.43
120,40,80,debt,222.98
29,19,10,existence,68.11
48,42,6,existence,116.33
28,24,4,payment,88.87
115,55,60,existence,254.73
116,32,84,payment,272.75
116,78,38,existence,284.79
41,5,36,payment,95.87
68,18,50,payment,177.33
131,125,6,existence,348.63
13,10,3,existence,39.54
9,3,6,payment,37.24
145,111,34,debt,390.06
12,9,3,existence,35.89
150,83,67,payment,372.36
45,28,17,payment,123.47
8,8,0,debt,47.75
35,32,3,payment,95.62
135,10,125,debt,298.45
49,32,17,existence,125.09
1,1,0,existence,2.76
92,55,37,payment,260.53
15,12,3,debt,54.62
2,1,1,payment,12.25
25,18,7,debt,83.66
19,14,5,debt,80.41
106,1,105,existence,198.44
143,44,99,payment,353.92
138,45,93,payment,342.06
37,8,29,existence,71.66
106,64,42,payment,319.42
57,56,1,payment,147.54
26,11,15,payment,80.87
81,23,58,payment,178.31
4,2,2,debt,34.22
154,27,127,debt,380.95
118,16,102,debt,234.6
133,63,70,debt,258.22
9,1,8,debt,50.59
43,11,32,payment,107.71
16,14,2,payment,39.91
63,50,13,debt,187.67
36,27,9,debt,91.83
57,40,17,existence,137.17
92,49,43,payment,172.94
77,24,53,debt,189.49
1,1,0,existence,2.81
18,2,16,existence,27.69
14,13,1,existence,46.59
33,12,21,payment,107.03
121,91,30,payment,373.05
63,46,17,payment,196.32
21,19,2,payment,83.71
112,86,26,existence,353.72
119,116,3,debt,367.92
9,7,2,debt,40.53
124,14,110,debt,180.44
118,4,114,debt,205.85
96,67,29,payment,267.56
20,20,0,payment,68.08
79,65,14,existence,220.2
10,2,8,existence,16.32
89,49,40,payment,269.29
104,41,63,existence,158.35
133,65,68,existence,281.83
60,6,54,payment,154.51
42,35,7,payment,123.68
110,68,42,debt,326.88
72,47,25,payment,194.43
54,11,43,existence,96.97
98,63,35,payment,238.98
62,23,39,payment,146.46
120,73,47,payment,246.57
136,13,123,existence,272.87
128,58,70,debt,372.04
34,27,7,existence,89.02
18,5,13,payment,45.3
157,82,75,debt,310.46
78,20,58,payment,180.57
48,47,1,debt,112.74
67,11,56,payment,141.49
66,46,20,existence,175.6
107,42,65,debt,250.94
111,84,27,payment,223.79
149,33,116,payment,426.81
24,24,0,payment,86.96
16,2,14,debt,52.52
80,57,23,existence,265.37
96,59,37,existence,232.15
105,99,6,existence,309.01
76,30,46,payment,223.4
60,28,32,debt,193.94
45,1,44,existence,78.14
144,12,132,debt,272.54
2,1,1,debt,23.26
112,60,52,payment,341.17
151,136,15,payment,493.98
124,115,9,existence,392.76
81,78,3,debt,293.43
10,5,5,existence,26.59
71,35,36,existence,167.67
96,92,4,payment,197.36
39,4,35,existence,51.08
72,57,15,debt,227.32
40,31,9,debt,141.66
91,83,8,debt,303.55
8,7,1,debt,43.14
46,2,44,payment,116.1
22,10,12,payment,57.54
120,54,66,payment,237.31
82,42,40,payment,269.43
130,37,93,existence,203.74
14,6,8,existence,33.08
146,3,143,debt,214.49
84,21,63,debt,148.37
35,1,34,debt,94.61
94,61,33,debt,298.07
5,1,4,payment,22.48
57,25,32,debt,133.23
51,16,35,payment,109.77
126,117,9,payment,347.92
48,15,33,debt,111.47
14,4,10,payment,39.28
122,45,77,payment,302.6
119,97,22,debt,366.93
142,5,137,payment,288.57
147,36,111,debt,328.65
79,78,1,payment,258.47
151,57,94,payment,368.53
148,76,72,debt,350.43
131,43,88,debt,266.74
153,74,79,existence,436.53
151,60,91,debt,356.74
18,17,1,payment,51.73
78,76,2,debt,224.57
128,119,9,debt,393.94
81,3,78,existence,108
99,20,79,payment,159.23
129,9,120,debt,205.55
101,22,79,payment,259.02
6,4,2,payment,22.08
117,77,40,payment,332.74
2,2,0,existence,6.5
112,109,3,payment,348.7
1,1,0,debt,18.18
6,5,1,payment,40.03
123,89,34,debt,388.46
33,17,16,payment,111.39
115,78,37,existence,266.13
84,56,28,debt,194.45
141,119,22,debt,337.46
65,8,57,payment,165.19
23,10,13,existence,45.14
37,14,23,existence,104.55
137,109,28,debt,325.96
23,5,18,debt,78.58
38,38,0,payment,130.93
90,81,9,existence,243.95
120,58,62,payment,319.81
9,2,7,debt,42.39
108,107,1,debt,280.53
114,81,33,debt,257.46
119,6,113,existence,292.45
134,8,126,existence,272.65
17,7,10,debt,69.41
30,13,17,debt,111.17
98,92,6,existence,241.6
96,16,80,payment,167.87
114,65,49,existence,266.87
44,27,17,existence,135.38
156,1,155,payment,326.82
97,47,50,debt,197.54
98,85,13,existence,283.29
36,15,21,payment,109.59
55,14,41,payment,143.86
140,37,103,debt,401.68
126,54,72,existence,332.8
41,13,28,payment,119.38
16,10,6,existence,46.45
21,1,20,payment,35.83
119,47,72,payment,205.28
94,83,11,existence,309.3
63,1,62,existence,106.55
114,113,1,payment,256.31
30,8,22,existence,58.67
85,77,8,debt,311.05
104,78,26,existence,275.8
91,4,87,debt,154.41
104,30,74,existence,192.56
26,8,18,existence,41.16
33,27,6,debt,128.29
121,37,84,existence,300.05
129,90,39,payment,367.75
113,42,71,existence,230.73
106,86,20,payment,369.67
156,67,89,existence,392.04
9,1,8,payment,32.79
130,104,26,debt,367.78
110,56,54,debt,194.87
105,90,15,debt,264.93
31,8,23,payment,56.86
129,74,55,payment,314.52
53,13,40,debt,117.07
120,112,8,payment,245.97
154,144,10,debt,569.53
24,10,14,payment,56.87
83,37,46,existence,192.26
3,3,0,payment,27.06
1,1,0,payment,17.29
110,70,40,payment,318.01
26,16,10,existence,54.01
40,23,17,existence,128.25
145,144,1,debt,499.78
154,116,38,existence,339.81
20,7,13,payment,58.23
70,22,48,debt,179.65
137,9,128,debt,328.28
20,12,8,payment,42.26
66,35,31,existence,134.82
54,44,10,debt,139.19
151,18,133,existence,277.74
141,56,85,debt,285.48
28,16,12,existence,61.26
72,44,28,payment,149.24
32,27,5,payment,112.05
22,18,4,existence,59.83
71,37,34,debt,176.41
125,17,108,existence,242.28
110,68,42,debt,231.33
140,95,45,existence,380.29
78,76,2,debt,301.93
44,37,7,payment,154.19
121,72,49,payment,313.32
118,96,22,existence,339.43
133,70,63,payment,370.32
70,19,51,payment,200
74,45,29,existence,216.72
148,104,44,payment,436.94
59,22,37,existence,110.14
103,71,32,payment,333.1
26,26,0,payment,71.98
39,29,10,existence,86.45
146,63,83,existence,415.09
99,56,43,existence,202.82
57,51,6,existence,118.14
111,67,44,payment,289.11
62,19,43,debt,141.66
6,6,0,payment,35.98
125,27,98,existence,297.48
109,61,48,debt,323.04
68,45,23,payment,220.44
100,40,60,existence,232.05
113,96,17,debt,343.58
100,55,45,payment,242.58
2,1,1,payment,10.46
1,1,0,payment,8.59
62,47,15,existence,116.78
63,12,51,debt,126.54
100,22,78,existence,244.63
21,8,13,existence,39.68
79,9,70,debt,174.57
89,17,72,existence,197.75
92,57,35,payment,198.73
14,8,6,existence,32.33
79,13,66,existence,205.88
136,68,68,payment,400.18
64,3,61,debt,91.94
147,131,16,debt,342.98
156,77,79,existence,351.24
30,23,7,debt,96.33
66,17,49,debt,101.81
129,38,91,debt,286.49
14,6,8,debt,50.54
47,41,6,debt,136.72
28,17,11,debt,94.91
74,42,32,existence,139.4
4,2,2,existence,9.92
61,36,25,existence,129.03
89,82,7,debt,252.06
27,24,3,debt,88.15
89,78,11,existence,232.03
58,51,7,payment,174.65
127,124,3,debt,376.32
125,8,117,payment,257.85
76,22,54,payment,210.12
1,1,0,existence,3.54
118,65,53,debt,349.77
38,27,11,debt,103.66
61,9,52,payment,106.78
52,45,7,payment,138.71
97,9,88,debt,219.19
87,80,7,debt,253.61
140,26,114,payment,252.4
46,29,17,existence,116.13
132,93,39,debt,341.84
83,28,55,debt,216.69
85,56,29,existence,178.19
67,35,32,existence,173.91
66,45,21,existence,178.68
24,14,10,payment,64.61
142,125,17,existence,320.67
36,8,28,debt,98.41
101,96,5,debt,374.29
69,30,39,existence,208.81
11,9,2,existence,28.98
32,23,9,payment,107.53
91,27,64,payment,257.34
16,2,14,debt,39.27
52,19,33,payment,141.43
133,44,89,payment,379.09
60,20,40,payment,164.71
71,42,29,existence,131.83
19,19,0,debt,59.28
4,4,0,payment,24.27
41,18,23,existence,100.81
95,75,20,existence,205.06
103,13,90,existence,238.39
103,78,25,existence,234.76
82,16,66,existence,184.41
71,3,68,payment,141.66
23,20,3,existence,53
20,10,10,debt,59.79
75,73,2,existence,216.96
89,27,62,existence,223.33
31,4,27,debt,83.55
42,21,21,debt,130.96
89,74,15,payment,208.22
132,46,86,debt,295.3
122,76,46,debt,366.2
42,36,6,existence,121.01
110,64,46,debt,332.7
16,7,9,debt,51.13
114,92,22,existence,362.5
109,66,43,existence,282.85
153,71,82,debt,311.16
134,104,30,existence,411.58
97,37,60,existence,221.46
145,103,42,debt,384.65
118,68,50,debt,261.47
55,11,44,existence,151.67
60,20,40,payment,148.03
33,12,21,payment,92.24
77,24,53,payment,182.07
27,3,24,payment,62.72
144,87,57,existence,399.59
66,42,24,payment,179.4
119,92,27,debt,412.95
31,15,16,existence,91.17
96,51,45,payment,193.48
95,6,89,existence,173.87
134,80,54,payment,340.31
23,16,7,payment,53.53
20,13,7,debt,62.47
114,44,70,existence,282.51
135,7,128,payment,196.62
107,49,58,payment,200.7
33,18,15,debt,113.4
24,20,4,payment,71.95
84,2,82,existence,211.46
154,80,74,debt,486.5
38,18,20,existence,62.37
51,23,28,debt,142.08
138,123,15,debt,399.92
81,66,15,debt,195.04
110,12,98,payment,211.98
93,18,75,payment,223.25
118,1,117,existence,240.07
30,30,0,payment,94.63
125,66,59,payment,383.34
140,31,109,debt,311.2
89,69,20,existence,266.25
105,90,15,existence,348.09
122,64,58,existence,192.67
42,29,13,existence,118.49
140,103,37,payment,317.2
155,21,134,debt,279.89
125,9,116,existence,219.65
31,8,23,existence,51.17
136,120,16,existence,426.61
101,23,78,payment,199.07
80,20,60,debt,233.97
20,15,5,existence,49.98
155,62,93,existence,381.83
112,37,75,payment,230.99
68,17,51,existence,173.36
127,98,29,existence,403.82
129,69,60,payment,385.16
23,6,17,debt,79.82
3,1,2,payment,19.99
26,12,14,payment,77.82
92,8,84,debt,211.7
29,29,0,debt,101.4
71,1,70,debt,157.52
47,20,27,debt,123.25
108,50,58,existence,293.19
156,111,45,debt,514.55
1,1,0,payment,16.63
83,40,43,payment,233.74
157,86,71,payment,443.63
6,6,0,existence,18.37
73,65,8,existence,205.96
27,7,20,debt,48.53
107,68,39,existence,213.53
14,2,12,existence,24.49
30,23,7,existence,78.73
46,42,4,debt,181.49
49,27,22,existence,111.88
57,43,14,existence,98.21
123,121,2,existence,474.14
121,45,76,existence,314.29
95,30,65,debt,242.64
127,52,75,existence,245.74
64,47,17,debt,156.77
56,43,13,debt,166.05
88,19,69,debt,160.83
10,2,8,payment,30.11
82,40,42,debt,248.52
66,6,60,existence,152.97
42,6,36,debt,73.51
91,17,74,existence,123.79
67,62,5,debt,155.89
91,80,11,debt,225.98
144,62,82,debt,278.09
49,7,42,debt,111.73
30,18,12,debt,80.57
125,69,56,existence,289.94
37,36,1,payment,136.96
122,46,76,debt,264.67
146,41,105,existence,257.7
88,46,42,payment,225.79
23,13,10,debt,76.34
35,23,12,existence,74.56
85,20,65,payment,209.62
67,51,16,existence,145.99
38,6,32,existence,95.42
68,66,2,debt,190.69
23,17,6,debt,83.01
91,39,52,existence,252.89
153,5,148,existence,230.97
21,3,18,existence,43.37
126,34,92,existence,285.11
151,34,117,existence,364.55
140,34,106,payment,201.43
30,29,1,existence,89.78
113,97,16,debt,323.18
78,56,22,payment,202.89
46,24,22,payment,124.54
44,18,26,existence,121.27
146,35,111,payment,291.86
7,6,1,payment,29.85
20,3,17,payment,47.45
2,1,1,debt,28.16
75,50,25,debt,204.61
32,21,11,debt,94.74
98,2,96,debt,135.66
47,7,40,debt,121.34
82,37,45,payment,212.78
57,25,32,payment,111.23
113,56,57,payment,273.41
40,8,32,existence,94.09
26,21,5,payment,78.88
97,81,16,payment,203.72
135,94,41,payment,378.17
91,31,60,payment,245.05
38,35,3,existence,107.53
7,3,4,debt,25.57
138,93,45,existence,363.27
54,30,24,existence,174.96
112,42,70,existence,207.8
67,5,62,existence,141.25
133,14,119,debt,263.26
75,63,12,payment,249.26
74,59,15,debt,198.04
62,34,28,payment,157.12
70,17,53,debt,152.91
125,42,83,existence,314.77
34,4,30,existence,65.32
80,30,50,existence,227.08
26,2,24,payment,45.3
79,44,35,debt,177.62
35,8,27,payment,92.74
86,25,61,existence,214.87
63,7,56,payment,116.78
152,141,11,existence,443.96
108,95,13,payment,371.84
57,55,2,existence,125.71
35,21,14,existence,96.7
89,79,10,existence,217.36
139,55,84,debt,365.76
131,109,22,debt,445.48
49,27,22,debt,117.09
92,3,89,debt,169.57
23,15,8,payment,50.58
140,74,66,existence,405.16
100,22,78,debt,236.88
121,39,82,debt,268.91
157,136,21,payment,383.96
64,35,29,existence,113.59
122,100,22,existence,254.52
151,54,97,debt,291.92
1,1,0,existence,2.92
144,127,17,payment,424.38
106,58,48,existence,310.45
145,125,20,debt,401.06
146,8,138,existence,305.81
94,92,2,existence,256.52
34,30,4,existence,97.1
108,85,23,payment,355.93
117,61,56,existence,369.11
64,46,18,payment,229.56
157,143,14,debt,500.3
78,22,56,existence,146.29
28,28,0,existence,92.64
42,28,14,debt,122.11
70,33,37,debt,153.99
48,22,26,existence,98.28
107,60,47,existence,293.07
95,53,42,payment,227.46
12,6,6,debt,48.35
99,26,73,debt,225.55
19,4,15,payment,51.47
67,30,37,existence,152.25
155,144,11,debt,443.37
110,42,68,existence,228.63
64,28,36,debt,187.58
90,42,48,existence,259.55
143,91,52,payment,377.19
141,25,116,debt,224.27
74,24,50,existence,206.14
37,18,19,debt,79.27
119,26,93,payment,260.98
39,20,19,debt,118.69
21,11,10,existence,40.18
100,67,33,existence,289.64
155,82,73,payment,334.25
45,39,6,payment,147.09
11,11,0,debt,63.3
133,31,102,payment,385.22
61,46,15,existence,151.56
103,25,78,debt,283.16
65,37,28,existence,193.48
110,13,97,payment,216.98
97,96,1,existence,218.43
15,3,12,existence,20.59
32,16,16,debt,81.6
53,43,10,existence,161.69
136,94,42,existence,384.74
48,47,1,payment,138.26
59,54,5,existence,214.44
78,71,7,payment,274.57
14,5,9,debt,48.45
141,105,36,debt,338.36
122,9,113,debt,296.82
75,27,48,debt,197.01
118,51,67,payment,321.55
155,114,41,existence,366.64
157,57,100,existence,312.73
130,66,64,payment,383.49
136,23,113,debt,296.7
28,12,16,payment,88.18
68,67,1,payment,201.07
87,85,2,payment,240.67
149,6,143,debt,201.97
54,34,20,existence,135.39
88,30,58,payment,165.66
105,75,30,debt,216.15
75,57,18,debt,231.08
79,3,76,payment,111.74
62,2,60,debt,108.27
136,28,108,payment,198.47
125,66,59,existence,302.06
126,35,91,payment,323.21
92,52,40,debt,228.06
140,24,116,debt,319.74
22,12,10,payment,60.13
24,3,21,payment,46.92
104,26,78,payment,228.95
8,1,7,payment,26.29
31,3,28,existence,70.85
2,2,0,payment,18.83
61,1,60,debt,114.42
94,52,42,payment,265.6
27,26,1,payment,79.62
145,48,97,debt,401.02
43,10,33,existence,106.97
150,100,50,payment,331.38
150,81,69,debt,405.64
32,21,11,debt,115.03
140,101,39,payment,491.61
90,9,81,payment,218.33
78,40,38,debt,174.81
112,102,10,payment,346.13
15,9,6,existence,28.61
73,41,32,debt,144.84
77,28,49,payment,202.91
119,91,28,debt,286.68
105,39,66,payment,240.68
83,6,77,existence,211.44
128,16,112,payment,303.61
2,2,0,debt,18.04
59,1,58,debt,114.24
149,127,22,debt,449.79
19,15,4,debt,79
6,1,5,existence,10.32
40,40,0,payment,149.58
115,102,13,existence,327.22
153,146,7,payment,470.46
76,2,74,payment,163.21
150,136,14,existence,389.89
29,25,4,existence,72.77
102,43,59,payment,252.33
135,15,120,payment,220.55
46,34,12,existence,137.34
35,13,22,debt,94.23
32,29,3,debt,101.77
35,19,16,existence,81.86
90,35,55,debt,225.59
17,8,9,existence,40.04
49,18,31,debt,157.37
8,6,2,existence,20.57
138,130,8,debt,536.05
23,5,18,existence,45.13
93,30,63,existence,158.18
89,8,81,debt,225.72
103,86,17,existence,336.96
22,8,14,debt,71.64
130,120,10,debt,461.03
71,12,59,debt,126.58
140,59,81,debt,344.31
151,113,38,existence,516.47
66,2,64,existence,78.95
104,12,92,payment,252.01
154,110,44,payment,392.99
20,3,17,debt,61.25
34,11,23,payment,77.78
106,36,70,existence,200.66
27,19,8,debt,82.38
11,1,10,payment,39.53
19,10,9,existence,48.87
42,11,31,existence,102.35
7,1,6,payment,31.27
122,13,109,payment,283.17
157,87,70,debt,507.06
90,45,45,existence,163.56
116,77,39,existence,253.89
139,8,131,debt,360.04
26,7,19,payment,85.67
96,19,77,debt,193.18
49,44,5,payment,128.6
124,96,28,payment,393.21
67,19,48,payment,175.96
97,46,51,payment,271.94
28,5,23,debt,69.07
122,21,101,payment,344.66
157,29,128,payment,306.95
129,37,92,debt,272.88
45,31,14,existence,74.67
107,31,76,payment,210.04
125,88,37,debt,358.63
25,12,13,existence,57.72
41,16,25,payment,80.37
106,96,10,existence,276.49
48,16,32,existence,114.48
40,10,30,debt,125.71
72,51,21,existence,200.2
67,26,41,existence,128.13
93,88,5,payment,241.25
68,3,65,debt,162.58
5,4,1,existence,14.75
110,15,95,existence,182.61
151,23,128,existence,345.43
44,41,3,existence,147.98
107,102,5,payment,332.92
107,38,69,payment,244.63
63,42,21,debt,201.93
8,7,1,existence,20.44
42,40,2,debt,125.81
77,35,42,existence,114.63
89,45,44,existence,184.41
40,38,2,payment,137.12
30,10,20,debt,86.01
49,47,2,payment,158.65
87,15,72,debt,232.58
127,21,106,payment,297.48
56,42,14,debt,177.83
57,18,39,debt,128.31
27,5,22,payment,72.23
113,47,66,existence,285.89
19,17,2,existence,50.42
11,11,0,payment,43.73
18,4,14,debt,75.27
41,12,29,payment,118.73
38,29,9,payment,107.08
35,34,1,payment,128.54
112,64,48,payment,256.89
141,102,39,debt,356.62
46,14,32,existence,75.41
84,6,78,payment,164.02
28,10,18,payment,60.82
60,31,29,debt,159.47
70,56,14,existence,131.83
65,35,30,payment,130.09
143,1,142,debt,311.61
13,9,4,existence,24.33
59,59,0,debt,212.22
94,34,60,existence,179.61
45,35,10,existence,137.03
53,31,22,existence,94.13
85,50,35,existence,180.79
65,29,36,existence,128.5
1,1,0,payment,18.53
74,48,26,debt,257.54
128,125,3,existence,314.09
157,79,78,payment,477.62
110,25,85,existence,253.38
69,21,48,payment,200.04
118,51,67,payment,360.73
43,33,10,payment,130.82
141,41,100,existence,196.68
148,35,113,payment,286.29
85,36,49,debt,241.16
11,2,9,debt,39.61
27,19,8,debt,103.31
11,8,3,existence,22.36
100,15,85,debt,247.92
26,24,2,payment,98.79
144,6,138,debt,370.15
130,27,103,debt,292.85
5,5,0,existence,16.46
147,106,41,existence,492.76
58,24,34,existence,105.06
4,3,1,existence,10.19
26,5,21,payment,46.55
98,80,18,existence,256.38
39,16,23,payment,103.31
121,97,24,existence,292.47
52,13,39,debt,142.34
86,65,21,debt,278.25
152,32,120,existence,384.44
64,43,21,existence,153.54
126,107,19,debt,330.02
81,25,56,existence,147.75
11,5,6,existence,30.38
54,39,15,payment,174.82
51,30,21,debt,131.75
96,71,25,existence,229.33
77,62,15,payment,146.35
111,4,107,debt,223.17
151,69,82,existence,347.62
91,52,39,payment,213.56
151,70,81,debt,447.45
154,17,137,existence,357.01
95,39,56,existence,156.94
97,83,14,existence,243.05
87,39,48,existence,165.25
116,95,21,payment,300.03
129,114,15,existence,371.16
118,42,76,existence,227.94
20,13,7,debt,58.7
156,153,3,payment,502.27
97,54,43,existence,264.3
102,64,38,existence,242.07
90,20,70,existence,132.14
43,6,37,payment,120.32
112,92,20,existence,360.81
43,43,0,payment,169.1
154,137,17,debt,362.05
89,85,4,debt,200.32
39,26,13,payment,81.75
25,12,13,existence,58.58
128,122,6,payment,445.05
145,8,137,payment,222.64
137,54,83,payment,258.66
39,12,27,debt,95.37
80,58,22,debt,168.85
31,7,24,existence,81.36
119,59,60,payment,252.49
25,24,1,debt,83.96
42,9,33,existence,77.08
150,46,104,debt,274.51
64,30,34,existence,133.89
50,15,35,debt,124.65
30,11,19,existence,80.57
88,55,33,payment,273.72
103,3,100,debt,192.81
133,71,62,existence,355.39
12,1,11,payment,37.45
53,37,16,debt,176.41
19,13,6,payment,46.6
131,22,109,debt,365.62
9,3,6,payment,35.4
52,5,47,payment,122.45
104,76,28,debt,296.05
147,23,124,existence,269.72
41,23,18,debt,141.37
138,42,96,payment,286.99
52,14,38,payment,91.89
140,64,76,payment,259.85
51,20,31,debt,111.4
133,24,109,debt,383.36
134,73,61,debt,273.37
144,4,140,payment,211.73
41,7,34,existence,95.38
76,56,20,existence,206.53
85,24,61,existence,217.3
57,25,32,payment,148.46
106,49,57,payment,216.84
34,6,28,existence,70.34
96,25,71,payment,265.87
32,11,21,debt,73.32
63,18,45,existence,171.03
35,20,15,payment,115.18
21,8,13,debt,65.15
117,65,52,payment,257.43
50,25,25,payment,93.23
58,26,32,payment,172.99
79,15,64,payment,196.14
13,3,10,payment,52.04
105,77,28,payment,234.29
108,34,74,existence,252.52
62,29,33,debt,145.13
18,1,17,debt,59.46
39,23,16,payment,120.54
29,25,4,debt,100.81
19,3,16,existence,42.98
101,97,4,debt,294.68
35,4,31,existence,69.1
35,11,24,payment,101.26
39,21,18,existence,97.09
100,57,43,existence,270.87
133,71,62,debt,246.11
120,21,99,debt,338.8
25,15,10,existence,78.99
108,42,66,payment,230.58
34,28,6,payment,87.61
21,7,14,debt,70.6
67,16,51,debt,160.64
26,8,18,existence,68.06
23,21,2,debt,63.7
51,34,17,debt,137.92
148,67,81,existence,358.55
1,1,0,debt,28.3
151,131,20,payment,462.83
75,21,54,payment,203.02
78,42,36,payment,176.75
154,100,54,payment,363.77
142,84,58,payment,432.76
121,10,111,existence,204.63
17,9,8,payment,63.15
69,47,22,existence,189.77
90,57,33,payment,221.87
134,62,72,debt,263.92
21,8,13,debt,62.35
116,10,106,payment,286.59
26,9,17,existence,62.23
111,71,40,existence,248.15
123,36,87,debt,360.68
145,90,55,payment,415.4
56,39,17,debt,146.17
126,12,114,debt,309.18
17,4,13,existence,33.21
120,68,52,existence,322.81
1,1,0,debt,23.07
112,55,57,payment,275.55
73,2,71,existence,93.89
119,6,113,existence,257.79
142,137,5,payment,372.6
106,17,89,payment,144.28
17,13,4,existence,37.88
145,106,39,payment,278.29
30,16,14,debt,71.07
61,2,59,existence,144.14
43,8,35,existence,95.74
145,139,6,existence,279.02
15,13,2,existence,51.82
148,74,74,existence,263.64
152,39,113,existence,364.74
6,2,4,payment,33.25
71,37,34,existence,128.71
124,87,37,debt,373.01
123,87,36,payment,359.13
111,46,65,payment,312.6
108,37,71,debt,302.51
70,60,10,payment,237.59
108,108,0,existence,319.94
28,22,6,payment,95.19
152,57,95,existence,275.99
93,45,48,existence,251.38
15,2,13,debt,41.14
118,18,100,payment,211.85
156,65,91,existence,260.81
140,122,18,payment,430.82
153,14,139,existence,397.71
22,22,0,existence,67.09
71,52,19,payment,196.52
1,1,0,existence,2.48
103,99,4,debt,270.95
89,16,73,existence,125.32
146,25,121,payment,347.39
137,89,48,payment,429.86
17,15,2,debt,70.1
62,55,7,existence,121.15
20,6,14,existence,39.64
8,8,0,debt,34.59
125,107,18,debt,391.84
31,7,24,existence,57.48
79,31,48,payment,233.94
76,8,68,existence,139.73
81,34,47,existence,221.83
57,1,56,payment,115.57
120,73,47,existence,235.59
86,68,18,existence,184.98
84,2,82,debt,185.19
149,87,62,payment,422.35
42,23,19,debt,118.16
52,49,3,debt,150.37
152,149,3,payment,554.56
28,9,19,existence,38.96
83,64,19,existence,225.17
15,9,6,debt,52.77
80,34,46,debt,128.07
61,19,42,debt,115.84
44,15,29,existence,106.05
62,27,35,debt,165.64
96,59,37,existence,262.64
80,30,50,debt,171.44
150,5,145,payment,225.91
157,69,88,debt,306.95
15,15,0,debt,63.28
100,72,28,debt,339.07
28,6,22,existence,51.18
30,21,9,debt,111.95
126,80,46,existence,298.54
128,113,15,payment,478.34
118,4,114,payment,227.19
31,27,4,payment,93.71
21,19,2,debt,75.05
152,111,41,payment,339.19
136,47,89,debt,378.23
15,7,8,payment,48.43
32,18,14,existence,88.71
6,2,4,payment,18.63
131,53,78,existence,272.54
113,77,36,payment,351.37
2,1,1,debt,29.04
138,96,42,debt,400.29
49,30,19,debt,129.22
128,59,69,existence,303.58
32,26,6,existence,75.42
114,67,47,existence,232.04
78,71,7,debt,249.24
117,43,74,payment,306.86
43,42,1,debt,138.23
119,57,62,existence,321.77
93,43,50,payment,248.1
124,50,74,payment,302.13
62,40,22,debt,188.51
67,33,34,debt,215.91
73,15,58,existence,116.84
84,46,38,existence,153.65
134,99,35,debt,411.48
67,41,26,debt,188.13
2,1,1,payment,14.86
134,58,76,existence,343.63
39,33,6,debt,132.69
50,12,38,debt,110.04
78,39,39,existence,158.93
157,3,154,debt,199.2
117,3,114,existence,185.03
141,54,87,payment,298.22
108,28,80,payment,261.42
88,41,47,payment,275.75
49,17,32,debt,142.53
136,115,21,existence,380.3
102,31,71,payment,208.05
92,10,82,payment,150.58
74,32,42,existence,162.32
132,80,52,debt,299.57
40,10,30,existence,64.34
150,22,128,debt,348.97
39,35,4,existence,99.16
7,5,2,debt,38.68
73,65,8,existence,237.35
35,5,30,debt,108.7
57,55,2,debt,148.63
83,5,78,payment,176.39
9,8,1,payment,41.07
60,45,15,payment,191.32
94,55,39,debt,299.33
80,6,74,payment,177.86
121,6,115,debt,176.77
55,42,13,payment,183.7
76,38,38,debt,211.05
17,13,4,debt,63.13
42,25,17,payment,107.47
74,62,12,debt,214.03
145,132,13,payment,350.36
73,45,28,existence,175.11
101,74,27,payment,244.87
116,46,70,existence,338.82
45,38,7,payment,114.57
152,18,134,debt,334.6
111,37,74,debt,285.3
83,18,65,existence,167.31
10,10,0,debt,40.38
34,1,33,debt,70
30,1,29,payment,51.09
77,25,52,existence,211.51
101,19,82,existence,167.19
119,98,21,existence,359.62
102,65,37,payment,232.07
102,35,67,debt,262.63
125,79,46,payment,320.33
93,16,77,payment,145.06
1,1,0,debt,13.77
5,3,2,payment,17.39
66,43,23,existence,204.75
49,29,20,debt,130.53
119,61,58,existence,295.19
99,90,9,payment,309.03
19,6,13,existence,41.01
35,13,22,payment,77.09
16,16,0,existence,49.07
111,45,66,existence,329.76
50,39,11,debt,155.28
113,113,0,existence,384.81
73,60,13,debt,230.92
101,71,30,existence,187.72
100,47,53,payment,296.02
131,104,27,existence,403.26
140,25,115,payment,391.5
83,50,33,payment,232.41
17,13,4,debt,68.41
72,41,31,debt,153.38
54,45,9,payment,187.19
155,83,72,payment,339.69
111,92,19,payment,389.25
126,18,108,payment,275.77
42,31,11,existence,98.95
77,15,62,existence,127.08
14,13,1,existence,31.93
59,36,23,existence,174.95
149,97,52,existence,401.75
21,14,7,existence,54.61
92,67,25,payment,328.74
138,70,68,payment,280.21
66,13,53,existence,98.33
146,30,116,payment,334
10,4,6,debt,44.14
32,32,0,debt,104.12
156,156,0,debt,462.52
128,34,94,debt,373.06
30,9,21,payment,81.78
149,35,114,debt,259.67
93,58,35,payment,200.85
156,116,40,debt,447.89
2,1,1,debt,14.18
147,44,103,payment,394.03
106,93,13,existence,259.36
7,5,2,payment,22.76
100,12,88,payment,197.7
107,81,26,debt,273.4
141,93,48,payment,354.88
46,39,7,payment,149.36
117,50,67,payment,221.67
16,2,14,payment,51.09
90,30,60,debt,270.77
139,78,61,payment,427.86
157,46,111,existence,364.42
32,4,28,existence,83.12
74,7,67,payment,207.89
96,52,44,payment,246.8
70,67,3,debt,218.22
58,28,30,payment,172.84
119,5,114,debt,224.46
8,8,0,existence,20.94
98,80,18,payment,332.61
141,6,135,debt,210.09
64,6,58,existence,110.33
77,10,67,existence,170.84
75,64,11,payment,234.27
96,25,71,debt,223.6
44,4,40,existence,75.21
117,113,4,debt,252.18
124,26,98,debt,338.49
136,117,19,payment,416.12
127,6,121,existence,225.76
48,8,40,existence,125.02
20,20,0,debt,84
68,20,48,debt,187.92
117,54,63,payment,368.52
44,10,34,debt,129.36
60,5,55,existence,87.95
5,5,0,existence,11.33
29,17,12,debt,94.99
65,44,21,payment,199.21
61,43,18,existence,194.55
29,3,26,existence,73.14
4,2,2,existence,10.11
37,12,25,debt,115.6
106,30,76,payment,215.95
110,44,66,debt,220.33
150,131,19,payment,446.66
77,54,23,payment,205.1
25,22,3,existence,81.39
4,1,3,debt,35.66
42,19,23,payment,116.42
52,21,31,debt,112.97
76,57,19,debt,262.52
48,9,39,existence,95.79
77,20,57,debt,230.38
37,4,33,existence,96.48
13,7,6,debt,58.47
90,82,8,payment,234.48
109,72,37,existence,262.13
38,3,35,payment,91.84
68,2,66,debt,125.49
22,10,12,existence,44.7
149,9,140,payment,348.35
52,4,48,existence,64.32
74,10,64,existence,159.38
128,22,106,debt,241.94
70,3,67,payment,140.41
64,37,27,debt,129.03
38,2,36,payment,58.06
136,101,35,existence,415.28
9,8,1,payment,36
23,14,9,payment,76.51
29,17,12,payment,95.46
106,57,49,debt,326
144,61,83,payment,423.64
23,18,5,payment,64.93
9,3,6,existence,20.61
96,14,82,existence,167.25
87,22,65,payment,146.11
115,61,54,existence,238.06
65,50,15,payment,207.23
142,138,4,payment,405.11
19,10,9,debt,58.43
65,44,21,payment,170.97
113,7,106,existence,218.72
99,68,31,payment,299.43
54,10,44,existence,126.53
23,2,21,debt,54.78
92,51,41,debt,194.47
98,90,8,existence,291.04
41,8,33,payment,93.91
134,31,103,payment,366.17
119,24,95,debt,229.97
47,42,5,payment,107.76
3,3,0,payment,18.27
47,31,16,payment,122.06
117,10,107,debt,169.47
45,15,30,payment,135.5
47,31,16,payment,126.4
99,96,3,existence,262.34
153,98,55,debt,358.48
96,33,63,payment,229.72
70,37,33,payment,130.88
92,25,67,payment,196.89
38,2,36,debt,77.23
109,68,41,debt,327.87
17,12,5,debt,68.12
108,8,100,existence,139.86
119,99,20,debt,265.33
114,80,34,payment,335.07
10,4,6,existence,18.66
33,7,26,existence,84.4
87,56,31,existence,217.33
74,22,52,existence,161.2
65,55,10,existence,171.23
118,6,112,existence,303.02
122,37,85,debt,361.26
62,36,26,existence,132.54
66,43,23,existence,185.89
23,16,7,debt,61.91
33,33,0,existence,104.42
130,22,108,payment,311.56
122,119,3,payment,435.5
70,62,8,existence,222.84
60,4,56,debt,135.93
13,1,12,existence,27.82
4,4,0,existence,13.62
21,14,7,debt,67.1
105,1,104,existence,124.76
9,7,2,payment,30.99
2,1,1,existence,3.37
38,14,24,payment,106.6
6,2,4,payment,18.63
73,34,39,existence,167.77
29,4,25,debt,92.36
106,31,75,payment,178.78
135,92,43,existence,274.66
62,30,32,debt,127.1
65,40,25,debt,152.5
33,26,7,payment,89.05
58,44,14,payment,148.42
9,2,7,payment,19.6
107,88,19,payment,283.92
108,80,28,existence,300.04
5,4,1,payment,25.86
9,6,3,payment,29.91
77,68,9,existence,262.23
23,14,9,debt,49.35
137,6,131,payment,221.63
69,31,38,payment,179.93
110,91,19,payment,277.85
148,19,129,existence,369.83
52,47,5,debt,163.22
19,14,5,existence,40.97
120,41,79,debt,233.78
83,79,4,debt,276.87
70,6,64,payment,176.61
62,24,38,debt,155.65
22,10,12,debt,71.2
23,15,8,existence,51.18
43,6,37,existence,88.39
58,42,16,payment,153.26
147,140,7,payment,482.18
32,1,31,existence,55.12
101,76,25,payment,326.21
11,4,7,existence,22.34
67,45,22,payment,204.42
39,26,13,payment,125.78
97,1,96,existence,144.52
86,59,27,debt,259.41
88,21,67,payment,255.34
155,111,44,existence,497.13
75,8,67,payment,133.85
99,91,8,debt,397.88
69,19,50,debt,199.29
18,16,2,debt,70.95
45,32,13,debt,151.05
96,68,28,existence,259.71
27,21,6,payment,83.36
29,9,20,payment,74.91
138,137,1,payment,442.06
85,25,60,payment,183.38
138,105,33,existence,494.38
21,20,1,payment,55.22
138,122,16,existence,418.81
155,74,81,debt,279.21
89,53,36,debt,238.61
21,10,11,existence,55.86
90,34,56,payment,279.97
73,40,33,debt,233.87
143,59,84,debt,378.11
19,3,16,payment,42.68
28,13,15,existence,77.39
35,13,22,payment,79.66
91,19,72,payment,208.73
144,79,65,existence,378.63
60,12,48,payment,171.08
61,61,0,payment,156.88
153,151,2,existence,381.73
136,112,24,debt,382.53
146,119,27,debt,434.28
70,67,3,debt,258.38
151,144,7,payment,474.92
65,61,4,payment,193.41
115,41,74,existence,230.68
56,56,0,payment,183.76
141,139,2,debt,370.94
147,36,111,existence,341.84
25,23,2,debt,90.98
138,26,112,existence,306.73
100,31,69,existence,273.3
140,64,76,debt,347.17
39,11,28,payment,74.78
90,86,4,existence,239.17
111,37,74,payment,251.74
17,8,9,debt,54.87
14,2,12,existence,23.64
49,27,22,debt,121.28
64,25,39,existence,153.36
54,12,42,payment,120.97
39,16,23,payment,74.78
105,104,1,debt,279.77
129,127,2,payment,297.32
152,128,24,debt,552.78
24,12,12,debt,68.4
108,63,45,debt,239.45
26,15,11,debt,81.68
26,10,16,existence,59.59
60,28,32,payment,183.41
59,52,7,debt,174.57
52,46,6,existence,163.91
55,52,3,payment,196.8
138,27,111,payment,237.07
94,11,83,existence,186.1
2,1,1,payment,20.99
71,14,57,debt,187.93
96,76,20,payment,227.53
3,1,2,payment,21.93
42,10,32,existence,72.86
119,43,76,debt,363.4
118,56,62,debt,327.46
96,7,89,existence,141.75
138,113,25,existence,350.02
99,54,45,debt,295.44
93,66,27,payment,233.85
100,89,11,debt,282.35
103,99,4,existence,257.31
142,116,26,existence,421.06
147,95,52,debt,355.84
142,67,75,payment,318.4
123,26,97,debt,341.85
48,14,34,debt,125.35
129,23,106,existence,172.2
154,95,59,existence,446.12
95,67,28,existence,179.62
109,4,105,debt,279.4
108,102,6,payment,269.01
126,18,108,existence,247.01
72,52,20,existence,212.55
33,3,30,debt,74.73
104,3,101,debt,272.26
134,2,132,payment,169.61
156,82,74,payment,365.18
67,41,26,debt,146.74
149,90,59,payment,338.14
82,61,21,existence,220.38
52,2,50,existence,68.59
127,88,39,existence,385.51
9,6,3,debt,49.16
42,29,13,payment,113.67
83,82,1,payment,242.62
65,28,37,debt,209.15
55,13,42,payment,118.46
80,77,3,debt,180.48
25,6,19,existence,41.32
99,42,57,existence,185.7
131,20,111,payment,275.87
19,6,13,existence,46.58
132,69,63,payment,246.78
116,33,83,debt,281.35
157,125,32,payment,520.76
4,4,0,existence,10.25
151,112,39,existence,458.39
43,14,29,existence,79.93
118,55,63,existence,374.84
11,1,10,payment,34.3
1,1,0,payment,13.53
34,10,24,payment,88.74
84,33,51,existence,243.77
19,4,15,existence,37.86
133,66,67,existence,283.4
125,36,89,existence,273.05
43,41,2,existence,113.66
31,3,28,payment,75.38
155,88,67,payment,385.76
30,8,22,existence,76.2
72,65,7,debt,224.18
5,4,1,payment,19.73
64,43,21,payment,160.77
89,36,53,debt,291.07
67,66,1,existence,144.91
57,50,7,debt,197.86
92,67,25,existence,311.94
22,2,20,existence,31.06
58,24,34,debt,158.02
25,10,15,payment,85.29
46,19,27,existence,77.46
23,16,7,existence,43.28
111,84,27,existence,354.34
40,28,12,existence,125.5
92,14,78,debt,235.27
96,37,59,payment,290.91
105,67,38,payment,302.76
66,58,8,existence,184.53
33,26,7,debt,90.05
60,41,19,debt,153.61
55,51,4,debt,182.79
121,92,29,existence,405.7
120,54,66,existence,238.32
11,4,7,payment,35.76
50,7,43,existence,100.81
77,54,23,payment,204.88
57,13,44,existence,149.48
22,5,17,payment,48.21
3,2,1,existence,8.38
134,90,44,debt,446.06
25,13,12,payment,60.38
56,40,16,payment,173.37
134,57,77,existence,407.03
39,7,32,payment,112.11
115,109,6,payment,307.84
72,16,56,existence,110.41
15,5,10,debt,50.14
146,75,71,payment,313.5
105,15,90,payment,192
25,21,4,existence,81.81
23,4,19,debt,61.78
137,52,85,payment,333.31
7,2,5,existence,11.43
85,66,19,debt,211.35
105,88,17,debt,312.97
3,3,0,existence,6.98
26,17,9,debt,81.29
117,43,74,payment,189.09
5,1,4,existence,9.06
156,94,62,payment,408.85
84,49,35,existence,189.45
35,18,17,existence,87.86
150,13,137,payment,384.55
146,72,74,existence,349.44
32,5,27,debt,78.04
93,53,40,payment,219.93
19,19,0,payment,69.32
36,19,17,existence,87.54
109,108,1,payment,363.02
62,30,32,payment,168.25
28,14,14,existence,75.7
115,97,18,payment,425.17
98,84,14,debt,251.3
115,77,38,payment,319.28
151,95,56,existence,424.13
121,59,62,existence,282.36
47,13,34,debt,108.28
152,139,13,debt,418.95
157,13,144,existence,243.7
16,3,13,existence,32.87
33,24,9,existence,92.52
53,43,10,debt,129.61
53,16,37,existence,74.83
153,23,130,debt,382.66
3,3,0,payment,20
10,9,1,debt,48.21
68,20,48,payment,126.59
85,75,10,payment,246.59
122,118,4,payment,419.47
29,21,8,payment,83.94
126,74,52,payment,357.71
145,142,3,debt,479.82
141,23,118,debt,238.21
144,118,26,debt,398
50,3,47,existence,105.86
48,23,25,payment,104.93
35,24,11,payment,110.91
40,38,2,debt,170.25
63,57,6,debt,236.44
118,26,92,debt,288.93
136,95,41,payment,314.13
122,34,88,debt,244.89
111,75,36,payment,318.08
134,91,43,payment,388.74
26,23,3,existence,66.72
69,66,3,debt,233.24
47,31,16,debt,123.11
66,66,0,existence,178.16
141,90,51,existence,263.04
51,49,2,existence,119.32
102,93,9,existence,360.07
102,75,27,existence,232.88
132,40,92,existence,263.22
101,71,30,existence,279.44
59,52,7,debt,162.83
55,12,43,payment,159.07
61,11,50,payment,169.51
7,5,2,debt,27.62
108,105,3,debt,248.78
29,5,24,existence,50.82
148,6,142,debt,324.77
105,78,27,debt,253.47
137,81,56,payment,386.11
15,1,14,payment,41.05
123,35,88,existence,215.92
3,2,1,payment,13.16
23,10,13,debt,64.29
8,4,4,debt,45.77
2,1,1,existence,3.95
154,137,17,payment,463.59
116,79,37,existence,344.87
74,31,43,existence,188.48
138,61,77,payment,291.02
12,10,2,debt,50.01
27,9,18,debt,70.2
63,10,53,existence,168.03
89,89,0,existence,229.3
37,22,15,payment,128.97
150,110,40,existence,478.12
140,134,6,debt,474.75
133,51,82,payment,235.89
61,17,44,debt,188.1
10,9,1,debt,47.82
37,9,28,payment,113.38
35,10,25,debt,86.81
50,42,8,existence,152.74
31,13,18,debt,85.8
57,24,33,debt,135.32
60,18,42,debt,135.72
75,41,34,existence,155.61
76,28,48,debt,191.9
92,11,81,debt,143.19
64,57,7,existence,199.33
112,66,46,payment,354.92
54,23,31,payment,144.87
14,2,12,existence,20.2
31,25,6,existence,56.66
155,112,43,existence,388.61
126,92,34,payment,400.26
50,40,10,debt,122.04
101,30,71,debt,181.9
142,80,62,debt,460.84
83,78,5,existence,264.19
56,36,20,payment,158.12
102,37,65,debt,168.57
82,34,48,existence,211.89
25,16,9,debt,78.06
126,57,69,debt,297.45
38,11,27,payment,101.15
9,2,7,existence,23.77
156,100,56,existence,428.7
142,26,116,payment,351.38
21,14,7,payment,66.56
72,66,6,debt,201.85
119,21,98,payment,255.78
52,2,50,payment,116.2
105,35,70,payment,283.74
147,135,12,existence,450.72
26,19,7,payment,68.66
37,1,36,debt,70.12
53,34,19,debt,127.62
113,98,15,existence,287.15
56,16,40,debt,144.24
58,34,24,payment,133.46
32,12,20,debt,83.52
48,30,18,payment,118
46,23,23,payment,128.3
39,39,0,existence,138.33
95,43,52,payment,180.42
44,10,34,debt,111.7
41,26,15,existence,83.7
63,22,41,existence,165.05
140,24,116,debt,368.76
80,47,33,payment,232.38
6,1,5,payment,22.06
57,35,22,existence,160.29
60,55,5,debt,193.76
111,18,93,payment,226.23
74,10,64,existence,186.6
22,16,6,payment,63.61
41,23,18,payment,120.78
113,79,34,existence,211.37
134,59,75,debt,348.03
151,1,150,existence,201.24
68,23,45,payment,177.81
93,11,82,existence,197.67
16,14,2,debt,44.08
55,21,34,existence,120.02
10,3,7,payment,35.76
157,106,51,payment,397.31
69,25,44,existence,174.79
67,29,38,existence,152.44
125,53,72,payment,358.82
109,3,106,payment,280.57
108,73,35,debt,293.44
9,5,4,existence,17.75
13,7,6,existence,30.51
53,14,39,existence,88.35
8,6,2,debt,31.71
87,76,11,debt,187.71
99,23,76,existence,161.23
58,51,7,debt,165.02
15,10,5,existence,35.77
24,13,11,existence,56.87
18,10,8,existence,49.92
17,1,16,debt,47.89
6,5,1,existence,17.92
130,35,95,existence,229.33
140,60,80,debt,340.16
25,12,13,debt,96.03
152,116,36,existence,467.86
126,48,78,existence,333.02
139,136,3,debt,329.54
130,93,37,existence,437.16
12,12,0,debt,55.54
127,38,89,debt,341.5
139,29,110,debt,375.26
74,69,5,debt,197.92
15,9,6,debt,53.51
94,59,35,debt,237.99
124,113,11,payment,356.9
57,18,39,existence,105.39
66,27,39,debt,133.92
74,44,30,debt,247.9
139,46,93,debt,370.57
146,110,36,debt,421.04
85,28,57,existence,150.41
139,132,7,payment,445.43
112,99,13,debt,426.44
84,3,81,debt,186.01
29,23,6,existence,90.47
138,4,134,existence,295.18
155,90,65,payment,378.37
108,74,34,payment,346.19
65,56,9,payment,214.29
91,48,43,existence,162.84
46,29,17,debt,148.74
64,60,4,payment,221.73
110,45,65,debt,312.7
130,30,100,payment,259.25
136,10,126,payment,212.74
73,34,39,existence,180.1
154,37,117,debt,358.56
98,96,2,debt,211.49
11,11,0,existence,29.07
6,4,2,payment,19.92
61,47,14,existence,189.6
101,100,1,debt,351.68
119,72,47,existence,309.35
85,82,3,debt,233.1
125,38,87,existence,183.43
122,98,24,debt,279.58
73,27,46,payment,131.04
142,80,62,existence,297.53
22,20,2,debt,95.39
97,90,7,payment,228.81
130,92,38,existence,328.03
77,32,45,payment,222
20,19,1,existence,43.25
69,62,7,existence,168.35
37,26,11,payment,111.88
101,81,20,payment,281.01
83,4,79,debt,204.2
136,136,0,existence,432.69
134,17,117,debt,242.95
51,40,11,payment,167.17
91,28,63,existence,255.44
109,84,25,existence,349.52
16,15,1,existence,53.73
143,96,47,debt,508.05
37,5,32,debt,102.98
1,1,0,payment,9.61
52,5,47,existence,107.02
45,29,16,existence,128.24
58,34,24,debt,128.44
54,41,13,existence,162.15
38,26,12,existence,105.24
156,8,148,existence,320.29
42,26,16,existence,81.29
133,51,82,existence,370.21
118,65,53,existence,259.11
138,132,6,payment,355.34
32,6,26,existence,64.35
89,65,24,debt,276.95
95,34,61,existence,197.34
111,89,22,existence,337.6
149,132,17,debt,387.85
9,8,1,debt,48.48
68,32,36,payment,187.52
25,13,12,payment,75.29
62,3,59,payment,111
86,38,48,debt,228.28
92,16,76,payment,170.18
117,40,77,payment,349.08
14,4,10,existence,36.29
14,14,0,payment,57.96
125,64,61,debt,243.24
5,5,0,existence,17.75
69,48,21,payment,188.64
46,45,1,debt,142.83
96,49,47,debt,293.39
142,131,11,payment,426.6
149,61,88,debt,259.42
17,16,1,existence,53.37
115,64,51,existence,275.06
22,19,3,payment,85.56
85,49,36,existence,192.83
36,36,0,debt,150.7
116,68,48,payment,220.1
156,25,131,payment,403.89
145,72,73,payment,447.71
153,45,108,debt,373.51
109,36,73,debt,320.62
10,8,2,payment,35.23
47,7,40,existence,62.35
121,35,86,debt,274.7
73,49,24,existence,206.91
73,17,56,existence,186.45
119,60,59,existence,340.62
154,69,85,payment,353.08
114,60,54,payment,277.41
41,32,9,existence,104.46
157,35,122,payment,258.55
148,69,79,existence,270.81
11,7,4,payment,30
31,19,12,existence,72.92
1,1,0,payment,11.66
38,14,24,debt,113.39
119,85,34,existence,278.33
129,22,107,debt,337.72
106,54,52,debt,233.19
152,63,89,payment,375.43
122,122,0,debt,435.16
4,1,3,existence,6.36
28,16,12,payment,90.15
20,7,13,debt,77.91
37,32,5,debt,131.79
142,92,50,debt,453.87
35,25,10,payment,98.62
16,12,4,payment,53.2
123,93,30,payment,273.05
28,7,21,existence,52.53
23,16,7,existence,64.13
107,104,3,existence,328.54
28,10,18,existence,63.33
83,12,71,debt,175.52
18,4,14,payment,52.25
66,19,47,payment,131.69
32,15,17,existence,90.27
27,15,12,payment,87.09
65,58,7,debt,230.36
40,27,13,existence,123.66
119,75,44,debt,283.16
37,11,26,existence,70.63
9,6,3,existence,15.21
129,121,8,existence,340.46
64,46,18,payment,166.47
11,2,9,existence,29.96
62,53,9,payment,177.88
7,2,5,existence,19.22
79,27,52,debt,221.07
78,69,9,payment,259.63
110,25,85,payment,183.2
43,41,2,payment,131.2
117,38,79,debt,297.05
52,8,44,existence,129.97
38,19,19,payment,85.21
79,51,28,payment,245.84
61,46,15,debt,132.75
96,91,5,debt,325.08
70,19,51,debt,176.03
101,27,74,debt,228.95
69,29,40,debt,214.28
31,29,2,existence,90.79
105,104,1,debt,331
16,5,11,payment,51.8
6,2,4,debt,24.15
128,18,110,payment,207.99
43,10,33,existence,73.48
73,58,15,existence,250.77
8,4,4,existence,19.46
149,59,90,existence,396.41
62,14,48,debt,151.82
143,109,34,debt,432.23
38,23,15,existence,107
71,24,47,debt,156.98
131,45,86,payment,202.49
156,8,148,payment,300.92
26,10,16,payment,89.68
137,35,102,debt,314.94
138,126,12,existence,342.03
4,3,1,payment,22.97
79,48,31,existence,187.69
156,31,125,existence,358.01
134,89,45,payment,299.12
3,3,0,existence,10.24
24,19,5,debt,99.59
24,17,7,existence,52.57
53,28,25,debt,99.23
85,48,37,existence,190.15
55,23,32,debt,130.95
17,6,11,existence,46.72
138,17,121,payment,191.61
2,2,0,payment,20.94
48,41,7,existence,159.43
3,1,2,existence,6.35
55,1,54,debt,85.67
153,6,147,existence,200.59
154,150,4,debt,437.68
42,37,5,payment,97.34
19,15,4,debt,89.16
68,34,34,existence,192.39
149,31,118,payment,353.84
25,25,0,existence,58.81
147,93,54,existence,242.76
37,26,11,payment,118.12
102,66,36,payment,230.92
145,140,5,existence,358.34
110,89,21,debt,293.45
60,53,7,debt,137.97
157,94,63,payment,349.01
3,1,2,payment,24.64
125,8,117,debt,203.4
26,5,21,payment,50.94
44,38,6,debt,149.64
41,41,0,payment,123.05
63,45,18,payment,147.39
128,9,119,payment,179.05
138,81,57,existence,316.95
10,1,9,payment,41.67
65,12,53,payment,134.1
69,28,41,existence,130.36
78,22,56,payment,139.41
55,36,19,debt,125.91
110,72,38,existence,375.8
46,34,12,payment,141.59
93,46,47,payment,220.84
14,14,0,payment,40.9
93,50,43,payment,236.47
47,17,30,payment,111.53
12,1,11,debt,33.51
47,16,31,debt,108.16
8,3,5,payment,33.24
147,55,92,existence,297.01
23,2,21,payment,66.4
61,1,60,payment,167.15
14,7,7,existence,24.88
16,11,5,payment,60.59
86,21,65,existence,197.05
60,40,20,debt,195.23
135,128,7,payment,433.95
95,56,39,existence,242.14
37,4,33,existence,70.74
48,33,15,payment,110.26
65,18,47,existence,169.71
141,19,122,existence,343.44
32,19,13,debt,113.16
6,5,1,debt,30.99
17,16,1,debt,73.25
154,105,49,debt,424.21
148,39,109,existence,342.52
94,31,63,existence,182.25
69,55,14,debt,191.31
151,124,27,existence,447.37
21,19,2,debt,57.59
141,29,112,debt,301.16
133,75,58,debt,296.9
76,71,5,debt,198.21
6,1,5,debt,28.54
49,43,6,existence,107.05
2,1,1,existence,5.49
104,48,56,debt,221.46
100,92,8,existence,258.08
84,15,69,payment,226.47
75,32,43,debt,191.9
101,16,85,debt,170.43
27,14,13,payment,95.36
4,1,3,existence,7.7
94,72,22,debt,208.03
92,81,11,debt,274.08
147,79,68,debt,448.39
116,97,19,existence,266.49
136,30,106,existence,242.28
38,3,35,existence,72.66
70,27,43,debt,191
12,7,5,debt,56.14
50,33,17,existence,140.38
6,6,0,existence,18.07
98,8,90,existence,121.16
93,5,88,payment,172.44
138,97,41,payment,259.54
52,15,37,debt,118.41
128,50,78,existence,244.01
110,7,103,existence,277.95
104,1,103,payment,163.08
116,90,26,existence,394.17
20,3,17,existence,43.53
30,7,23,payment,97.53
148,89,59,payment,437.86
14,7,7,debt,36.11
109,101,8,existence,342.84
10,4,6,payment,42.39
73,45,28,payment,221
135,36,99,existence,375.14
4,2,2,payment,24.91
146,116,30,debt,397.78
7,3,4,debt,38.56
22,3,19,existence,41.17
54,13,41,existence,120.14
134,85,49,payment,384
40,8,32,debt,108.4
3,1,2,existence,6.91
9,2,7,payment,20.33
69,3,66,existence,114.29
156,53,103,payment,428.21
7,2,5,debt,27.5
46,17,29,debt,124.98
123,1,122,debt,279.42
77,35,42,debt,166.28
69,39,30,existence,150.08
66,63,3,debt,205.17
39,11,28,payment,80.13
133,100,33,payment,239.53
128,1,127,existence,282.47
144,127,17,payment,399.47
31,15,16,existence,74.74
23,4,19,existence,39.46
126,117,9,existence,343.04
101,66,35,existence,214.01
33,31,2,debt,139.39
84,40,44,debt,256.46
61,4,57,debt,131.83
16,10,6,existence,46.75
90,74,16,existence,184.99
112,17,95,existence,147.35
149,79,70,payment,477.54
57,37,20,payment,180.68
50,35,15,payment,144.44
5,5,0,debt,27.95
148,148,0,existence,515.18
28,4,24,existence,57.41
53,32,21,existence,88.94
61,55,6,debt,231.74
65,61,4,debt,167.29
49,28,21,payment,130.6
82,22,60,existence,201.88
18,1,17,existence,44.59
64,9,55,existence,91.78
25,15,10,payment,69.18
21,7,14,payment,53.14
96,70,26,payment,305.53
46,18,28,existence,111.95
153,31,122,payment,337.29
103,81,22,existence,265.29
26,23,3,debt,102.47
76,22,54,debt,222.2
130,68,62,payment,354.59
7,7,0,existence,18.03
123,79,44,payment,282.55
115,16,99,existence,202.06
41,5,36,debt,74.42
156,4,152,existence,304.03
139,46,93,payment,295.51
14,3,11,debt,54.01
75,43,32,payment,176.45
34,25,9,payment,119.89
109,53,56,debt,294.34
5,4,1,payment,25.3
64,14,50,existence,167.87
135,5,130,payment,284.98
48,30,18,debt,150.38
136,118,18,payment,344.39
58,23,35,debt,134.79
10,5,5,debt,45.92
2,2,0,payment,16.71
65,40,25,existence,166.5
128,123,5,existence,305.68
30,16,14,existence,55.78
155,83,72,payment,350.8
95,33,62,existence,223.57
82,67,15,payment,290.23
105,45,60,payment,244.64
70,56,14,existence,152.68
93,21,72,existence,143.45
54,5,49,payment,85.43
103,3,100,debt,209.77
47,30,17,payment,132.77
11,3,8,existence,17.41
80,80,0,existence,212.6
9,7,2,payment,33.69
73,19,54,payment,168.49
88,75,13,payment,162.67
130,119,11,debt,380.24
156,28,128,payment,255.06
14,5,9,existence,34.78
154,152,2,existence,498.88
9,2,7,debt,46.44
124,89,35,debt,433.69
110,2,108,existence,216.7
5,2,3,payment,22.03
10,10,0,existence,24.42
43,8,35,payment,101.88
39,12,27,debt,96
45,40,5,existence,125.23
66,28,38,debt,178.59
151,70,81,existence,301.69
120,111,9,debt,373.9
87,28,59,debt,213.26
42,24,18,debt,153.22
106,74,32,debt,250.06
47,23,24,debt,138.09
14,13,1,existence,30
81,56,25,debt,206.76
124,31,93,payment,214.1
125,44,81,payment,296.51
10,4,6,debt,36.45
138,49,89,payment,311.22
141,39,102,payment,357.39
41,12,29,payment,115.53
10,4,6,debt,34.4
138,9,129,payment,302.54
109,73,36,payment,295.46
91,26,65,debt,256.2
10,5,5,debt,42.67
146,108,38,existence,424.72
87,59,28,payment,238.65
76,20,56,existence,146.87
129,117,12,debt,455.19
17,8,9,debt,61.56
68,32,36,debt,203.29
42,18,24,payment,93.21
83,67,16,debt,284.51
62,5,57,payment,133.37
115,51,64,existence,341.41
153,48,105,debt,408.18
38,7,31,payment,115.11
102,40,62,existence,270.57
33,7,26,debt,78.05
141,38,103,payment,376.83
136,113,23,payment,364.77
107,12,95,debt,255.37
133,30,103,debt,260.73
47,24,23,debt,136.22
108,55,53,debt,335.39
56,2,54,debt,130.42
119,80,39,existence,229.69
2,2,0,existence,4.31
79,38,41,debt,202.32
114,13,101,payment,231.94
99,52,47,payment,215.14
63,35,28,existence,115.81
48,16,32,debt,102.72
36,28,8,existence,79.68
62,3,59,payment,137.88
83,2,81,payment,143.03
50,8,42,payment,137.1
59,38,21,existence,174.37
75,10,65,payment,155.58
115,78,37,existence,231.3
27,11,16,existence,62.54
11,8,3,payment,41.76
61,60,1,debt,253.64
94,35,59,debt,227.34
6,3,3,payment,30.79
48,30,18,existence,93.61
23,23,0,debt,82.27
105,39,66,debt,234.52
130,103,27,debt,282.89
107,30,77,debt,317.71
144,82,62,debt,345.24
52,3,49,debt,85.91
132,34,98,payment,261.75
100,61,39,existence,215
68,56,12,existence,159.37
91,58,33,payment,233.67
62,22,40,debt,123.54
77,74,3,existence,219.1
146,81,65,payment,286.93
18,1,17,debt,66.6
102,32,70,debt,198.69
96,88,8,payment,295.96
46,14,32,payment,85.23
88,38,50,existence,239.01
123,69,54,debt,347.61
129,26,103,existence,325.55
88,25,63,payment,220.51
145,25,120,payment,225.7
11,9,2,payment,33.12
125,109,16,payment,406.95
57,55,2,existence,135.91
77,12,65,existence,136.06
149,118,31,payment,463.17
52,38,14,existence,105.1
131,109,22,payment,406.64
137,97,40,payment,430.22
111,103,8,debt,247.19
12,6,6,debt,56.43
139,122,17,payment,357.47
91,20,71,debt,184.2
53,8,45,existence,94.66
94,30,64,debt,161.02
125,51,74,payment,364.74
146,122,24,debt,313.57
8,2,6,payment,27.94
148,86,62,payment,364.86
17,12,5,existence,31.71
116,93,23,existence,363.97
61,36,25,existence,201.36
42,32,10,existence,127.81
144,100,44,payment,346.64
30,3,27,payment,51.24
60,18,42,existence,101.45
150,56,94,existence,406.37
40,36,4,payment,123.76
87,70,17,debt,233.3
147,18,129,debt,369.38
30,16,14,payment,65.73
115,43,72,existence,200.79
35,32,3,payment,117.22
61,6,55,payment,117.1
153,27,126,payment,357.25
124,25,99,existence,279.79
69,31,38,payment,186.23
144,82,62,payment,295.09
42,24,18,existence,106.36
95,82,13,existence,304.4
146,85,61,payment,358.05
148,36,112,payment,321.15
98,66,32,payment,288.44
37,10,27,payment,92.4
121,117,4,debt,325.73
108,73,35,existence,216.27
65,61,4,debt,171.47
107,64,43,payment,299.96
125,100,25,payment,288.1
10,5,5,debt,43.98
44,21,23,debt,108.74
145,11,134,debt,294.11
53,41,12,existence,141.79
21,2,19,existence,29.74
54,49,5,payment,162.57
155,60,95,debt,445.13
156,63,93,debt,381.37
15,14,1,existence,50.25
18,18,0,existence,51.83
60,51,9,existence,108.67
79,24,55,existence,136.89
96,92,4,existence,198.77
60,28,32,payment,143.03
146,43,103,debt,390.03
132,103,29,existence,373.44
65,13,52,payment,165.75
125,39,86,payment,337.32
115,75,40,debt,353.42
143,9,134,debt,298.33
152,62,90,existence,409.36
120,91,29,debt,282.81
44,44,0,payment,149.18
145,5,140,debt,256.55
4,4,0,payment,26.51
45,28,17,existence,144.87
85,23,62,existence,221.13
122,89,33,payment,328.75
73,37,36,debt,158.38
73,65,8,debt,223.87
10,7,3,existence,30.73
6,2,4,existence,8.88
98,4,94,payment,151.32
2,1,1,payment,20.01
144,124,20,payment,358.09
71,64,7,debt,189.75
123,106,17,payment,378.32
26,7,19,payment,89.13
113,55,58,existence,267.99
92,76,16,debt,247.64
84,79,5,payment,256.31
135,93,42,existence,413.64
128,97,31,debt,365.11
119,108,11,payment,397.02
45,10,35,debt,106.15
101,87,14,existence,251.01
4,4,0,payment,28.54
8,1,7,debt,35.92
5,2,3,existence,13.8
11,6,5,debt,34.78
38,5,33,debt,104.48
20,20,0,payment,53.4
142,118,24,debt,390.6
71,22,49,existence,160.09
30,30,0,debt,108.83
140,125,15,payment,371.58
142,52,90,debt,313.22
11,1,10,debt,39.85
52,25,27,debt,166.9
3,1,2,payment,18.79
81,31,50,debt,182.44
73,48,25,debt,205.09
67,9,58,existence,91.38
141,30,111,payment,301.26
36,30,6,debt,136.08
38,21,17,existence,91
23,17,6,payment,60.07
155,67,88,existence,338.07
22,3,19,payment,59.06
92,61,31,existence,287.52
145,81,64,payment,394.27
36,16,20,payment,108.38
80,32,48,existence,209.82
114,67,47,debt,301.91
149,76,73,debt,434.1
95,59,36,existence,242.05
18,11,7,payment,55.58
44,27,17,existence,126.29
40,3,37,existence,56.86
8,8,0,payment,28.73
97,56,41,existence,264.63
122,61,61,debt,211.14
31,28,3,existence,87.66
100,37,63,debt,249.07
100,54,46,payment,256.12
80,6,74,existence,123.25
5,5,0,existence,12.33
48,6,42,payment,83.66
105,57,48,payment,295.01
58,17,41,debt,148.14
2,2,0,payment,17.79
55,14,41,existence,125.69
72,26,46,payment,192.89
95,27,68,payment,277.5
144,91,53,existence,457.44
157,55,102,existence,378.95
111,61,50,payment,345.54
102,68,34,existence,229.13
147,64,83,existence,394.83
86,57,29,existence,277.63
80,4,76,existence,155.53
122,83,39,debt,238.9
56,36,20,payment,199.09
154,153,1,existence,422.99
101,2,99,debt,184.56
13,11,2,payment,49.49
138,119,19,existence,468.31
144,82,62,debt,456.52
126,2,124,existence,244.38
131,30,101,existence,316.84
41,24,17,existence,91.79
133,115,18,existence,380.74
26,19,7,payment,69.12
139,59,80,existence,386.16
144,122,22,existence,517.65
7,5,2,existence,15.61
108,100,8,debt,225.42
152,71,81,debt,408.36
139,23,116,existence,272.34
117,33,84,existence,282.72
92,57,35,existence,270.51
19,17,2,existence,56.82
70,45,25,debt,194.85
31,3,28,existence,63.42
134,46,88,payment,309.77
17,16,1,debt,83.99
52,18,34,existence,146.21
95,53,42,payment,197.47
27,27,0,payment,91.2
120,12,108,payment,186.69
20,20,0,payment,76.05
129,55,74,payment,357.06
34,28,6,existence,81.13
39,8,31,debt,104.4
16,10,6,existence,36.77
147,53,94,debt,260.98
96,62,34,payment,218.12
65,10,55,debt,147.98
15,6,9,payment,50.88
153,122,31,debt,363.41
114,41,73,debt,339.48
156,135,21,existence,518.71
35,15,20,existence,60.72
126,18,108,existence,301.45
96,43,53,debt,259.75
153,90,63,debt,411.06
108,91,17,payment,271.96
8,8,0,debt,51.11
33,20,13,payment,81.5
151,23,128,payment,358.47
9,4,5,payment,25.56
22,3,19,payment,68.46
107,98,9,payment,312.09
58,4,54,debt,121.15
87,48,39,existence,200.82
139,26,113,existence,301.73
22,18,4,payment,62.96
63,30,33,existence,144.32
54,30,24,existence,107.57
152,17,135,existence,342.44
40,34,6,existence,121.23
59,28,31,existence,131.85
109,2,107,payment,266.27
90,59,31,existence,272.25
60,35,25,existence,114.14
32,27,5,debt,91.18
45,15,30,debt,122.63
55,37,18,payment,165.26
83,49,34,payment,233.95
58,58,0,payment,212.25
21,4,17,payment,71.1
32,4,28,existence,69.88
99,67,32,debt,220.91
10,2,8,debt,48.73
141,91,50,existence,349.74
145,99,46,existence,314.37
7,1,6,payment,31.81
52,5,47,existence,113.39
98,42,56,payment,230.99
62,14,48,existence,166.32
74,57,17,existence,203.83
35,5,30,payment,99.21
9,7,2,payment,23.4
41,33,8,debt,147.79
121,115,6,existence,340.06
56,20,36,debt,97.93
14,3,11,existence,24.37
128,77,51,payment,302.93
33,14,19,existence,64.36
19,13,6,debt,91.96
57,10,47,payment,160.73
145,109,36,existence,393.98
56,35,21,debt,115.5
110,85,25,payment,272.97
88,35,53,existence,185.19
25,18,7,debt,73.24
54,2,52,payment,96.75
99,18,81,debt,266.67
55,46,9,debt,192.83
11,7,4,payment,41.83
153,56,97,existence,344.87
97,60,37,debt,234.9
113,58,55,existence,312.85
104,101,3,payment,257.55
59,39,20,existence,125.03
130,7,123,debt,270.17
153,151,2,existence,409
121,47,74,existence,311.4
36,32,4,payment,131.48
1,1,0,debt,29.52
82,73,9,debt,291.92
124,102,22,existence,314.49
27,12,15,debt,78.75
5,5,0,existence,17.9
135,29,106,debt,355.09
30,11,19,payment,71.54
121,100,21,debt,349.36
61,51,10,existence,167.82
96,38,58,payment,192.3
21,3,18,payment,46.58
100,5,95,payment,212.62
50,11,39,existence,120.51
102,24,78,debt,209.09
47,21,26,debt,117.49
131,64,67,debt,297.69
16,4,12,existence,25.87
122,93,29,existence,361.16
70,12,58,existence,134.18
62,18,44,debt,149.54
43,29,14,debt,134.8
6,4,2,existence,14.85
89,33,56,payment,259.05
51,21,30,existence,84.2
114,82,32,debt,362.41
101,96,5,debt,339.54
124,12,112,payment,235.76
49,41,8,existence,147.43
103,19,84,debt,192.46
109,33,76,payment,318.46
85,79,6,existence,171.85
90,15,75,debt,149.3
112,93,19,existence,302.66
59,46,13,existence,135.36
106,1,105,existence,196.06
155,98,57,payment,266.6
61,53,8,payment,186.03
35,21,14,payment,108.56
72,58,14,payment,155.79
26,15,11,payment,73.81
145,106,39,existence,334.19
81,61,20,existence,244.47
121,66,55,payment,270.22
134,127,7,existence,510.45
155,7,148,debt,330.41
33,26,7,existence,112.5
129,41,88,existence,357.48
140,12,128,payment,278.74
18,6,12,debt,58.52
151,144,7,existence,387.31
153,134,19,debt,447.92
99,26,73,existence,266.61
152,47,105,existence,269.67
32,3,29,debt,71.16
142,4,138,existence,346.46
39,22,17,existence,126.56
14,7,7,existence,27.46
139,69,70,existence,280.15
34,32,2,debt,108.77
48,47,1,existence,151.68
53,29,24,existence,152.84
37,10,27,debt,98.63
100,78,22,debt,268.15
89,12,77,payment,156.4
142,26,116,payment,374.03
92,58,34,debt,237.4
14,2,12,payment,45.2
114,87,27,debt,322.04
46,24,22,existence,123.83
150,69,81,debt,268.49
41,8,33,existence,80.49
52,20,32,payment,159.07
121,22,99,debt,271.06
102,13,89,debt,222.47
22,15,7,existence,48.77
11,2,9,debt,48.81
127,21,106,payment,297.16
58,28,30,payment,189.89
86,69,17,payment,247.21
106,38,68,debt,277.97
145,17,128,debt,353.52
142,61,81,existence,403.67
85,15,70,existence,158.54
132,4,128,debt,198.25
15,10,5,existence,47
90,74,16,payment,260.55
62,36,26,payment,190.61
135,78,57,debt,308.97
73,34,39,existence,171.19
104,22,82,payment,200.52
44,23,21,payment,120.07
105,8,97,existence,237.91
123,110,13,payment,330.68
35,23,12,existence,81.1
126,16,110,debt,352.55
51,38,13,existence,118.25
93,60,33,payment,249.71
107,77,30,payment,248.94
121,38,83,existence,205.67
58,22,36,existence,105.96
7,1,6,payment,20.29
89,75,14,debt,235.87
67,16,51,existence,138.85
90,43,47,payment,192.84
114,97,17,debt,316.26
87,20,67,existence,166.08
129,61,68,debt,290.88
51,50,1,payment,149.37
143,47,96,existence,376.29
110,81,29,debt,379.9
92,49,43,existence,249.88
77,29,48,payment,184.82
46,2,44,existence,70.78
90,35,55,debt,263.34
27,1,26,existence,50.23
129,41,88,existence,210.39
120,15,105,payment,160.84
131,56,75,debt,400.96
149,70,79,debt,304.62
2,1,1,payment,13.9
16,13,3,payment,52.36
34,6,28,debt,66.27
52,9,43,existence,108.55
141,49,92,debt,354.95
130,66,64,debt,353.84
39,22,17,existence,108.76
90,90,0,payment,333.98
97,88,9,existence,282.71
15,11,4,existence,38.22
74,72,2,debt,239.49
5,5,0,existence,16.59
111,103,8,existence,292.33
111,66,45,debt,234.16
144,17,127,payment,293.94
87,40,47,debt,179.29
94,64,30,debt,230.04
93,56,37,existence,271.39
100,73,27,debt,263.73
83,68,15,existence,247.52
156,104,52,payment,440.67
60,16,44,existence,165.85
111,15,96,payment,285.37
58,52,6,payment,163.36
26,9,17,payment,54.9
132,38,94,existence,241.1
75,47,28,existence,221.48
153,54,99,existence,279.91
66,39,27,payment,194.43
58,4,54,existence,81.9
127,71,56,payment,283.54
141,117,24,debt,418.33
60,27,33,debt,136.95
125,37,88,existence,217.94
47,13,34,debt,118.16
120,25,95,payment,218.05
95,31,64,existence,254.36
82,5,77,existence,191.07
157,122,35,payment,373.76
62,30,32,existence,162.5
100,49,51,existence,195.61
21,8,13,existence,59.23
1,1,0,debt,14.68
26,2,24,existence,36.01
124,20,104,debt,334.62
45,42,3,existence,141.46
116,90,26,existence,227.59
140,129,11,debt,356.91
147,91,56,existence,442.79
43,27,16,debt,123.09
154,103,51,existence,314.17
58,40,18,payment,158.35
65,29,36,existence,98.91
44,35,9,existence,112.1
57,3,54,payment,143.54
66,6,60,existence,165.88
157,53,104,existence,339.22
128,126,2,debt,334.77
58,58,0,existence,203.98
57,37,20,existence,116.14
3,3,0,existence,7.72
51,22,29,debt,137.81
49,10,39,payment,120.22
65,43,22,debt,204.94
25,24,1,payment,66.11
68,1,67,existence,109.56
128,38,90,existence,226.46
52,13,39,existence,88.85
9,2,7,payment,21.3
110,42,68,existence,220.29
133,46,87,existence,239.12
74,6,68,existence,170.1
68,48,20,payment,219.07
152,139,13,debt,508.05
116,92,24,existence,290.95
55,31,24,payment,151.3
44,2,42,existence,93.66
127,46,81,debt,251.13
102,77,25,debt,309.96
56,26,30,existence,155.85
38,25,13,debt,116.23
144,7,137,existence,300.46
133,41,92,payment,233.61
130,106,24,existence,259.78
86,76,10,payment,317.4
60,47,13,payment,124.82
137,1,136,existence,231.3
121,115,6,debt,286.81
49,4,45,payment,134.57
102,99,3,debt,388.22
129,1,128,debt,220.78
125,80,45,existence,335.25
85,80,5,existence,194.85
67,33,34,existence,150.89
155,58,97,debt,456.41
129,102,27,debt,273.99
132,116,16,payment,436.41
114,84,30,payment,265.2
20,1,19,debt,39.83
44,2,42,debt,81.5
116,72,44,debt,293.37
20,1,19,existence,49.26
117,9,108,debt,209.67
146,40,106,existence,293.01
28,24,4,existence,57.21
132,14,118,debt,185.32
118,81,37,debt,401.74
141,35,106,debt,290.11
133,75,58,debt,264.56
52,17,35,existence,118.14
51,22,29,debt,125.62
48,27,21,payment,165.39
116,57,59,debt,275.78
83,57,26,payment,246.3
107,35,72,debt,260.44
49,42,7,existence,183.79
2,1,1,debt,20.93
121,13,108,payment,230.5
82,18,64,existence,173.78
135,22,113,debt,209.85
101,43,58,payment,189.45
6,4,2,payment,27.41
131,54,77,payment,261.49
11,8,3,existence,23.87
108,74,34,payment,372.73
51,43,8,debt,172.19
116,3,113,existence,177.29
74,12,62,payment,116.07
50,26,24,existence,85.91
87,58,29,payment,289.84
24,24,0,existence,68.25
41,8,33,debt,82.81
43,42,1,debt,120.03
4,2,2,existence,7.35
63,44,19,existence,142.55
5,1,4,existence,10.54
150,15,135,existence,280.8
86,43,43,payment,175.64
18,3,15,existence,28.3
3,3,0,debt,21.82
105,96,9,payment,306.32
44,44,0,debt,163.13
115,41,74,existence,199.81
47,35,12,debt,120.64
116,63,53,existence,279.01
86,81,5,payment,306.12
35,1,34,payment,85.86
128,114,14,payment,411.53
157,5,152,existence,349.8
13,13,0,existence,47.39
26,6,20,existence,39.52
4,2,2,payment,26.67
157,76,81,existence,286.01
20,19,1,existence,51.86
71,43,28,payment,230.79
23,21,2,payment,68.84
8,7,1,debt,29.57
107,75,32,debt,276.73
65,64,1,existence,173.41
24,22,2,debt,68.55
127,65,62,existence,367.1
59,28,31,existence,156.99
37,13,24,payment,88.12
15,12,3,existence,45.97
36,21,15,debt,109.54
38,26,12,debt,108.53
141,48,93,payment,251.05
45,34,11,existence,132.85
34,5,29,payment,96.69
54,26,28,payment,159.96
59,1,58,existence,86.85
87,28,59,existence,184.9
58,53,5,debt,223.63
74,74,0,debt,262.36
102,30,72,payment,270.84
56,29,27,debt,172.34
10,4,6,debt,23.15
136,44,92,existence,239.37
110,25,85,payment,176.38
42,8,34,payment,83.79
119,75,44,existence,356.53
93,47,46,debt,245.02
147,64,83,debt,373.9
156,53,103,debt,434.62
5,2,3,debt,36.17
44,38,6,payment,140.33
17,14,3,payment,54.68
53,4,49,debt,123.42
93,23,70,payment,215.81
24,20,4,debt,75.97
68,20,48,debt,176
86,10,76,payment,216.31
128,72,56,payment,413.16
140,13,127,payment,277.29
14,11,3,existence,38.51
57,27,30,existence,88.12
10,2,8,existence,18.23
21,5,16,debt,61.37
82,1,81,debt,215.85
104,56,48,debt,209.86
151,22,129,payment,356.22
85,43,42,debt,152.81
55,7,48,existence,100.23
81,70,11,existence,222.33
19,4,15,existence,47.12
137,87,50,debt,300.13
118,116,2,debt,392.98
53,29,24,payment,141.91
52,21,31,existence,113.21
83,34,49,existence,210.18
154,27,127,existence,239.36
23,11,12,existence,54.29
155,6,149,payment,234.41
39,17,22,payment,111.42
21,21,0,debt,70.88
81,68,13,existence,192.6
40,25,15,payment,97.13
121,67,54,debt,217.67
39,3,36,existence,53.67
37,23,14,payment,101.03
32,8,24,existence,53.75
127,42,85,payment,355.57
62,35,27,payment,136.98
63,29,34,existence,147.66
26,5,21,debt,62.75
48,26,22,debt,142.22
20,6,14,debt,80.27
85,5,80,payment,214.98
110,86,24,existence,246.7
73,58,15,payment,253.91
32,24,8,debt,109.53
57,28,29,debt,139.18
106,57,49,payment,332.15
6,2,4,debt,42.56
22,10,12,payment,50.84
30,19,11,debt,84.98
52,4,48,existence,112.09
25,8,17,debt,49.74
54,1,53,debt,117.54
78,33,45,payment,231.95
52,38,14,payment,175.4
28,26,2,existence,82.71
45,45,0,debt,163.83
125,124,1,payment,449.16
100,45,55,existence,262.13
43,23,20,existence,95.05
91,62,29,payment,252.92
39,21,18,existence,83.18
121,39,82,debt,215.35
33,5,28,existence,80.11
21,3,18,existence,50.48
108,62,46,payment,209.42
113,113,0,debt,360.18
130,56,74,payment,364.14
87,29,58,payment,192.53
103,11,92,existence,213.82
3,1,2,payment,21.02
43,29,14,existence,86.08
86,1,85,payment,184.71
82,15,67,debt,179.16
110,86,24,payment,342.37
149,115,34,existence,329.25
99,49,50,existence,217.2
135,98,37,debt,402.17
114,40,74,existence,283.94
94,77,17,debt,227.59
35,27,8,existence,91.73
43,31,12,debt,149.26
10,5,5,debt,44.87
121,105,16,existence,367.66
49,19,30,debt,151.56
142,15,127,debt,277.65
107,91,16,existence,328.53
78,18,60,existence,183.57
97,36,61,debt,243.76
30,16,14,existence,63.47
121,52,69,payment,313.68
143,71,72,payment,264.46
130,30,100,debt,245.54
54,24,30,payment,170.64
110,49,61,existence,295.32
22,12,10,debt,69.05
74,3,71,existence,160.63
139,117,22,payment,426.44
137,20,117,existence,336.1
65,7,58,existence,168.07
63,12,51,payment,141.68
96,53,43,existence,292.05
75,75,0,payment,265.62
100,85,15,payment,304.3
71,31,40,debt,233.88
13,5,8,payment,45.28
11,6,5,debt,51.28
25,5,20,debt,83.03
139,100,39,payment,441.04
45,40,5,debt,103.47
74,10,64,debt,143.38
135,48,87,debt,350.23
53,9,44,debt,134.59
108,107,1,existence,272.13
7,3,4,payment,37.91
65,14,51,debt,155.95
82,75,7,existence,189.27
32,25,7,existence,85.16
141,100,41,existence,429.87
7,3,4,existence,15.25
81,45,36,existence,216.53
94,4,90,debt,141.05
144,67,77,debt,458.14
55,4,51,payment,145.23
73,65,8,payment,249.61
100,61,39,payment,287.48
40,35,5,payment,153.95
103,99,4,existence,327.13
128,107,21,debt,379.67
35,1,34,existence,56.06
38,6,32,debt,90.63
156,101,55,debt,414.41
37,17,20,payment,89.34
106,3,103,payment,248.34
15,14,1,debt,59.31
93,7,86,existence,169.5
40,28,12,debt,113.49
26,1,25,existence,44.02
90,71,19,payment,296.88
45,21,24,payment,92.3
95,89,6,existence,286.33
78,41,37,existence,128.21
103,81,22,payment,243.45
53,40,13,payment,125.72
61,47,14,payment,156.41
60,20,40,payment,164.55
7,3,4,debt,23.87
110,35,75,payment,302.59
58,32,26,debt,120.85
93,69,24,existence,308.07
75,3,72,existence,90.14
101,3,98,existence,251.02
89,76,13,payment,182.85
123,89,34,existence,370.2
107,78,29,debt,357.63
80,16,64,payment,153.7
116,73,43,debt,333.6
133,81,52,payment,291.15
45,20,25,debt,128.75
77,30,47,payment,125.42
60,7,53,existence,119.21
109,109,0,debt,359.08
67,16,51,debt,194.83
27,24,3,debt,76.2
49,14,35,existence,91.57
78,16,62,payment,134
62,59,3,debt,228.06
75,52,23,debt,234.93
36,5,31,debt,84.25
59,46,13,debt,220.54
148,37,111,existence,227.2
44,38,6,existence,160.79
95,93,2,existence,209.41
110,60,50,payment,281.11
14,7,7,existence,32.44
123,114,9,debt,365.02
63,38,25,debt,148.87
71,47,24,payment,193.64
65,9,56,payment,173.42
100,18,82,existence,197.58
81,30,51,existence,187.02
76,12,64,debt,157.84
140,135,5,payment,354.4
35,20,15,payment,93.25
24,10,14,payment,69.05
22,21,1,debt,80.8
136,122,14,debt,330.99
7,5,2,debt,42.94
102,58,44,payment,307.53
21,17,4,debt,72.66
93,66,27,debt,219.95
86,32,54,existence,216.73
125,55,70,payment,277.77
148,131,17,payment,464.75
31,4,27,existence,57.23
23,3,20,debt,56.62
81,17,64,payment,143.62
21,3,18,debt,72.52
156,92,64,debt,387.97
102,94,8,existence,325.39
128,120,8,debt,427.57
66,39,27,debt,214.42
79,64,15,existence,196.06
127,15,112,existence,251.03
46,34,12,debt,108.91
140,41,99,existence,216.46
17,11,6,debt,79.21
32,15,17,existence,72.85
112,82,30,debt,304.92
60,16,44,existence,154.4
143,65,78,existence,320.76
75,46,29,payment,200.89
153,92,61,existence,422.84
81,80,1,payment,197.12
53,21,32,debt,148.1
73,26,47,payment,219.18
74,29,45,existence,139.77
115,105,10,existence,259.7
50,37,13,payment,181.47
86,83,3,existence,240.42
98,10,88,payment,190.42
82,62,20,payment,251.7
157,53,104,debt,424.8
88,44,44,payment,271.59
78,30,48,payment,246.15
26,21,5,payment,77.98
126,119,7,existence,422.4
155,116,39,debt,491.6
57,5,52,existence,93.14
75,68,7,existence,237.02
11,10,1,debt,49.86
47,25,22,debt,127.35
34,18,16,debt,86.82
107,51,56,debt,226
57,46,11,payment,149.71
17,12,5,debt,57.43
58,11,47,existence,132.38
114,76,38,payment,349.67
49,15,34,payment,105.03
5,4,1,existence,13.04
83,23,60,debt,166.21
154,77,77,payment,357.74
51,30,21,payment,132.46
73,63,10,existence,233.36
66,20,46,existence,183.23
151,59,92,existence,387.16
40,19,21,payment,94.59
157,78,79,payment,463
102,82,20,payment,309.07
6,4,2,existence,19.34
1,1,0,existence,2.73
94,19,75,debt,254.18
21,18,3,debt,75.45
24,6,18,debt,89.55
150,61,89,existence,417.5
13,5,8,payment,40.96
143,64,79,payment,286.97
148,25,123,payment,363.94
108,43,65,debt,281.01
124,93,31,debt,346.25
48,35,13,debt,192.95
53,46,7,payment,191.93
149,39,110,debt,414.66
9,8,1,debt,31.1
111,45,66,debt,312.79
7,7,0,existence,17.14
134,126,8,existence,404.6
144,87,57,payment,452.46
3,1,2,payment,24.42
27,1,26,payment,48.69
117,84,33,debt,369.07
12,2,10,existence,17.15
35,12,23,debt,100.53
56,30,26,existence,178.94
76,36,40,debt,187.24
33,16,17,existence,71.65
64,51,13,payment,145.61
150,81,69,existence,436.27
21,8,13,debt,70
88,55,33,payment,289.42
36,10,26,debt,74.85
46,38,8,debt,90.2
21,3,18,existence,30.06
30,9,21,payment,76.48
35,14,21,existence,96.25
30,28,2,debt,103.47
142,19,123,debt,347.43
58,41,17,payment,193.15
128,20,108,existence,328.77
80,7,73,debt,184.84
151,53,98,debt,397.67
66,62,4,existence,206.12
18,1,17,payment,40.5
44,6,38,existence,60.78
92,55,37,existence,194.74
92,8,84,existence,187.35
5,2,3,debt,21.88
94,16,78,debt,152.51
8,5,3,debt,36.57
62,57,5,existence,157.13
43,11,32,debt,118.44
91,6,85,debt,220.15
130,107,23,existence,313.48
42,32,10,debt,136.11
71,11,60,existence,97.04
40,36,4,existence,138.43
29,19,10,payment,81.57
114,98,16,existence,332.19
157,97,60,debt,480.5
73,41,32,existence,165.06
146,12,134,existence,266.48
155,148,7,existence,459.36
132,81,51,payment,401.09
58,56,2,debt,228.06
143,91,52,payment,412.44
64,23,41,debt,166.41
100,3,97,existence,183.98
1,1,0,payment,17.79
5,3,2,payment,27.84
134,28,106,existence,248.93
63,63,0,existence,223.4
38,26,12,debt,124.27
43,7,36,existence,94.4
48,40,8,debt,194.74
26,12,14,payment,67.75
52,45,7,payment,151.64
36,24,12,debt,128.63
43,16,27,payment,109.1
45,16,29,payment,148.2
142,57,85,existence,294.71
56,53,3,debt,192.8
61,54,7,existence,135.68
60,34,26,payment,191.58
29,9,20,debt,73.24
138,115,23,existence,468.37
138,129,9,payment,329.02
150,137,13,payment,469.39
129,93,36,existence,347.37
110,77,33,debt,338.88
46,45,1,existence,122.75
128,76,52,payment,342.56
120,59,61,existence,258.67
68,2,66,payment,164.55
136,118,18,debt,473.58
23,1,22,existence,52.44
120,98,22,payment,244.99
86,31,55,payment,184.82
79,78,1,debt,316.88
55,13,42,payment,94.84
102,39,63,debt,288.58
138,120,18,existence,427.79
111,53,58,payment,282.7
8,1,7,debt,33.04
2,1,1,debt,18.8
120,3,117,payment,256.32
68,21,47,payment,143.06
25,2,23,debt,87.57
112,99,13,payment,382.62
123,26,97,debt,347.31
72,12,60,payment,157.31
80,20,60,existence,201.42
42,24,18,payment,133.36
85,75,10,debt,249.82
122,95,27,debt,388
60,40,20,existence,153.98
31,15,16,debt,95.71
53,39,14,debt,191.16
123,45,78,debt,213.83
152,119,33,debt,497.52
39,10,29,payment,116.01
44,2,42,payment,77.26
107,8,99,existence,157.93
121,27,94,debt,364.9
52,46,6,existence,165.25
11,3,8,payment,37.07
125,1,124,payment,243.07
112,79,33,payment,228.67
93,38,55,payment,226.51
83,32,51,existence,224.81
90,57,33,existence,233.6
15,4,11,payment,49.88
156,14,142,debt,247.69
78,36,42,existence,168.13
16,13,3,payment,51.07
154,98,56,payment,405.75
13,8,5,debt,45.14
34,25,9,debt,90.43
137,79,58,existence,421.47
103,32,71,payment,187.43
30,3,27,payment,82.78
113,93,20,debt,284.7
94,93,1,existence,270.45
92,7,85,debt,183.19
113,55,58,payment,266.02
24,5,19,debt,59.76
36,28,8,debt,86.65
43,22,21,payment,88.03
146,33,113,payment,250.74
9,3,6,payment,40.49
37,13,24,debt,120.56
8,6,2,debt,33.47
151,84,67,payment,451.93
129,79,50,payment,340.53
147,100,47,payment,444.34
69,34,35,debt,131.04
152,102,50,existence,404.26
10,5,5,existence,18.55
91,70,21,debt,256.69
149,63,86,debt,438.07
45,44,1,payment,143.05
13,5,8,payment,32.48
118,82,36,existence,222.85
52,37,15,payment,149.2
25,20,5,debt,98.75
63,48,15,payment,166.17
53,33,20,existence,117.09
23,5,18,debt,55.69
90,5,85,existence,125.56
23,14,9,existence,56.11
132,57,75,existence,337.33
65,20,45,payment,114.66
6,6,0,payment,30.75
96,12,84,debt,152.13
36,36,0,debt,97.63
19,5,14,payment,44.03
75,55,20,payment,207.26
11,2,9,existence,24.97
22,17,5,debt,74.89
122,45,77,debt,283.55
78,17,61,debt,133.26
139,124,15,debt,365.06
36,20,16,payment,98.98
29,18,11,debt,81.21
41,3,38,debt,78.71
77,26,51,payment,144.11
103,18,85,debt,235.12
19,4,15,payment,61.59
107,59,48,payment,218.55
42,12,30,payment,80.91
59,2,57,existence,132.87
129,58,71,debt,262.52
153,125,28,payment,498.58
14,14,0,existence,48.39
23,20,3,existence,77.08
14,7,7,payment,49.94
14,9,5,debt,53.48
122,35,87,existence,270.65
4,1,3,existence,8.48
24,20,4,payment,76.47
4,4,0,debt,37.95
120,4,116,debt,168.29
154,92,62,payment,323.57
44,15,29,existence,122.27
128,46,82,existence,284.36
16,3,13,debt,42.75
46,7,39,debt,119.55
32,15,17,debt,105.92
25,2,23,debt,57.48
149,146,3,existence,505.39
26,14,12,existence,53.63
91,57,34,payment,245.49
16,4,12,debt,50.77
141,115,26,payment,289.45
28,14,14,payment,52.24
90,11,79,existence,141.2
154,65,89,debt,301.33
61,24,37,debt,146.6
114,67,47,payment,325.53
89,57,32,debt,224.87
78,63,15,debt,311.58
37,25,12,debt,97.24
151,78,73,debt,358.38
67,24,43,debt,180.99
77,16,61,payment,195.57
11,6,5,debt,54.12
47,5,42,existence,112.21
40,22,18,debt,132.85
143,58,85,debt,433.12
141,49,92,debt,275.39
120,69,51,payment,297.75
22,15,7,debt,63.46
99,83,16,debt,359.58
143,82,61,existence,386.08
77,11,66,debt,221.45
52,7,45,debt,150.97
54,29,25,payment,146.06
25,18,7,existence,62.51
113,14,99,existence,192.31
73,38,35,existence,199.07
37,6,31,debt,75.82
151,64,87,debt,414.83
75,40,35,debt,211.58
138,112,26,existence,341.84
154,47,107,existence,415.75
141,49,92,existence,221.73
81,22,59,existence,127.68
103,49,54,debt,226.77
40,22,18,existence,101.2
32,22,10,existence,61.38
138,49,89,payment,348.41
28,10,18,debt,76.89
39,1,38,debt,89.87
27,11,16,debt,59.93
69,40,29,existence,198.4
43,31,12,existence,99.97
8,5,3,payment,32.7
107,9,98,debt,196.31
6,3,3,debt,41.24
79,62,17,existence,202.91
122,44,78,debt,328.27
38,4,34,existence,54.93
100,40,60,debt,283.41
126,42,84,debt,224.81
84,76,8,debt,313.22
126,67,59,payment,351.8
109,20,89,payment,220.16
117,52,65,debt,284.82
76,76,0,existence,223.99
77,35,42,existence,153.59
3,1,2,existence,6
43,20,23,debt,108.55
126,106,20,payment,316.14
73,56,17,existence,220.87
79,19,60,existence,120.3
36,4,32,existence,61.22
100,69,31,debt,354.29
44,38,6,debt,125.84
16,2,14,payment,45.93
19,17,2,payment,56.09
150,101,49,debt,328.21
157,16,141,existence,357.47
87,84,3,payment,269.39
38,26,12,debt,133.98
105,65,40,payment,323.27
32,10,22,debt,73.87
57,48,9,debt,135.72
127,103,24,existence,280.77
116,48,68,existence,325.31
68,22,46,existence,130.51
116,87,29,payment,381.29
10,6,4,payment,37.96
120,3,117,debt,203.57
4,3,1,debt,16.41
72,57,15,existence,189.35
35,31,4,payment,98.36
10,7,3,payment,46.47
121,101,20,existence,405.64
106,27,79,debt,173.26
31,3,28,payment,80.38
96,20,76,debt,170.56
102,30,72,debt,256.14
12,10,2,existence,39.63
114,52,62,existence,342.88
91,21,70,existence,195.17
20,3,17,existence,47.14
120,79,41,payment,291.45
66,59,7,debt,247.14
114,45,69,payment,334.21
9,2,7,existence,18.65
140,8,132,debt,307.33
12,11,1,payment,43.92
50,40,10,existence,139.33
70,9,61,existence,94.57
56,42,14,existence,168.5
141,49,92,existence,369.2
151,109,42,existence,347.47
81,79,2,debt,255.65
123,119,4,existence,361.51
60,3,57,debt,176.71
73,14,59,existence,188.46
94,22,72,debt,153.12
99,79,20,payment,221.68
121,16,105,debt,252.16
106,43,63,debt,310.81
10,4,6,debt,48.57
110,84,26,payment,343.52
82,11,71,debt,131.11
84,75,9,existence,214.68
15,14,1,debt,59.9
44,20,24,payment,146.96
82,3,79,existence,150.79
16,14,2,debt,57.64
145,45,100,existence,284.16
57,2,55,payment,96.31
6,5,1,payment,37.37
48,27,21,debt,117.14
3,1,2,existence,5.28
141,84,57,debt,316.01
147,51,96,debt,308.31
19,16,3,payment,73.89
152,133,19,payment,336.72
27,23,4,payment,99.15
33,7,26,payment,79.2
79,7,72,debt,158.28
33,6,27,debt,102.13
135,115,20,payment,377.08
73,49,24,payment,188.71
1,1,0,payment,10.7
139,97,42,existence,365.66
26,1,25,existence,62.56
32,22,10,payment,88.03
69,54,15,payment,187.28
112,59,53,payment,247.81
5,5,0,debt,38.25
46,35,11,existence,138.72
28,27,1,payment,83.91
157,55,102,debt,430.9
23,5,18,payment,49
143,143,0,payment,556.18
100,64,36,existence,219.24
14,10,4,payment,52.14
15,7,8,debt,63.26
43,26,17,debt,140.56
72,44,28,debt,180.5
122,102,20,existence,332.82
50,37,13,debt,149.24
78,15,63,existence,118.06
144,98,46,debt,317.06
76,70,6,existence,190.61
157,97,60,payment,470.23
137,5,132,existence,257.73
51,20,31,payment,127.58
103,29,74,debt,265.66
130,40,90,debt,308.43
130,85,45,payment,335.56
9,9,0,payment,42.24
122,38,84,existence,174.15
96,17,79,existence,143.02
88,34,54,debt,181.18
134,86,48,payment,322.9
74,44,30,existence,143.79
49,15,34,existence,85.61
129,4,125,debt,228.3
76,13,63,debt,167.91
139,73,66,debt,337.6
45,36,9,existence,128.57
21,16,5,existence,60.3
32,3,29,existence,51.64
16,16,0,debt,72.06
78,69,9,payment,243.51
130,100,30,debt,352.76
94,71,23,debt,204.8
46,43,3,payment,146.76
11,6,5,debt,48.37
34,4,30,debt,92.16
62,6,56,debt,160.22
29,17,12,debt,107.79
129,116,13,existence,377.8
93,7,86,existence,203.53
137,126,11,debt,385.47
138,134,4,payment,474.32
119,22,97,payment,222.48
77,8,69,payment,136.81
74,57,17,payment,229.38
47,3,44,debt,99.53
27,6,21,payment,81.27
69,44,25,payment,155.74
88,20,68,debt,162.27
110,16,94,payment,242.85
52,42,10,payment,157.74
122,46,76,debt,294.16
3,1,2,payment,18.62
1,1,0,payment,19.84
133,122,11,debt,309.6
128,3,125,payment,201.86
41,4,37,existence,55.39
87,46,41,payment,159.43
155,24,131,existence,379.76
31,10,21,payment,72.27
94,24,70,existence,217.92
50,30,20,existence,115.41
126,12,114,existence,238.95
11,7,4,payment,43.1
155,146,9,payment,428.87
91,24,67,existence,249.5
7,1,6,payment,29.5
24,5,19,existence,56.22
99,48,51,debt,283.96
135,5,130,debt,232.22
155,151,4,existence,533.05
53,23,30,payment,98.08
44,15,29,debt,137.76
153,134,19,existence,515.01
72,52,20,payment,257.43
47,38,9,debt,176.01
15,10,5,existence,28.93
113,77,36,debt,254.7
97,37,60,payment,161.61
143,7,136,existence,196.91
79,14,65,debt,177.08
126,44,82,debt,352.04
2,1,1,existence,5.34
103,52,51,debt,320.81
35,21,14,debt,119.63
20,17,3,existence,57.23
74,20,54,debt,163.82
32,30,2,existence,97.56
23,23,0,payment,97.77
85,49,36,debt,235.02
2,2,0,payment,17.3
54,6,48,existence,72.73
60,29,31,debt,164.57
146,83,63,payment,278.69
125,113,12,payment,362.91
54,1,53,debt,158.82
8,1,7,existence,19.02
123,27,96,debt,258.68
111,66,45,existence,276.16
115,74,41,payment,263.44
117,80,37,payment,401.07
122,78,44,payment,320.84
30,15,15,debt,107.53
90,19,71,payment,201.94
112,57,55,debt,254.4
28,10,18,existence,45.01
78,49,29,existence,228.97
55,48,7,payment,139.13
13,11,2,payment,61.55
10,8,2,existence,24.32
154,126,28,payment,566.42
133,12,121,existence,169.57
61,1,60,debt,124.63
152,107,45,existence,377.64
14,12,2,debt,51.45
54,19,35,debt,161.34
81,73,8,debt,237.85
97,51,46,debt,312.62
137,97,40,existence,421.42
85,83,2,payment,235.96
93,40,53,payment,202.25
36,26,10,debt,122.96
53,46,7,debt,178.12
40,37,3,payment,155.34
153,55,98,existence,334
55,21,34,debt,140.06
96,70,26,existence,229.05
57,12,45,debt,127.52
21,2,19,payment,37.2
128,74,54,existence,330.59
99,48,51,debt,218.05
44,17,27,payment,111.57
17,1,16,payment,42.46
45,11,34,payment,123.37
35,30,5,payment,74.79
26,7,19,existence,70.68
68,33,35,existence,145.29
61,42,19,payment,126.45
51,12,39,payment,97.59
58,24,34,existence,165.12
83,49,34,existence,145.68
141,23,118,payment,251.99
33,26,7,debt,135.36
145,64,81,payment,353.77
100,92,8,debt,274.32
19,17,2,payment,81.53
87,23,64,debt,204.48
89,32,57,payment,183.13
92,6,86,existence,181.02
13,7,6,debt,36.72
53,42,11,existence,178.91
126,59,67,existence,228.39
33,29,4,debt,109.39
62,21,41,existence,131.08
126,106,20,existence,303.21
80,61,19,payment,202.88
133,3,130,debt,343.28
155,8,147,payment,287.35
151,141,10,debt,427.51
33,19,14,debt,108.6
135,41,94,payment,318.25
121,73,48,debt,358.22
30,18,12,debt,92.26
155,139,16,existence,364.48
144,126,18,debt,329.8
137,102,35,existence,392.93
18,9,9,payment,47.96
47,29,18,existence,123.49
117,117,0,payment,322.83
145,124,21,existence,349.29
96,35,61,debt,183.92
13,7,6,existence,30.82
65,27,38,existence,132.31
73,45,28,debt,214.5
21,3,18,payment,57.19
117,41,76,debt,235.06
39,16,23,payment,118.89
80,67,13,payment,221.97
99,61,38,existence,196.07
28,27,1,payment,106.52
116,15,101,existence,159.06
10,5,5,debt,33.4
84,15,69,payment,151.71
68,40,28,existence,149.24
35,3,32,debt,81.85
30,26,4,existence,67.92
89,68,21,debt,282.32
143,131,12,existence,496.61
21,7,14,payment,75.13
100,49,51,payment,276.12
117,20,97,debt,331.83
122,66,56,existence,265.65
130,33,97,existence,231.95
42,30,12,debt,139.41
102,53,49,existence,183.05
147,84,63,payment,379.4
71,41,30,payment,230.02
55,18,37,payment,111.04
147,84,63,debt,351.19
76,62,14,existence,232.86
100,37,63,existence,277.14
109,37,72,existence,300.65
118,15,103,debt,237.17
126,64,62,payment,269.38
7,3,4,debt,28.37
116,22,94,existence,186.8
107,107,0,payment,326.58
32,25,7,existence,93.69
64,3,61,debt,109.83
124,32,92,existence,234.81
37,28,9,existence,119.37
39,33,6,existence,81.45
33,2,31,existence,41.92
118,60,58,existence,260.47
99,15,84,payment,230.67
102,39,63,payment,180.84
53,8,45,debt,101.57
72,52,20,debt,216.67
7,2,5,existence,15.82
156,47,109,payment,332.76
155,60,95,debt,304.44
23,9,14,existence,51.24
12,8,4,existence,30.7
76,5,71,debt,129.43
122,71,51,payment,335.57
31,19,12,payment,96.08
75,56,19,existence,219.02
139,73,66,existence,268.3
141,117,24,payment,448.37
124,41,83,debt,223.15
124,109,15,payment,289.64
66,32,34,debt,219.52
67,59,8,payment,150.34
153,70,83,debt,307.58
29,7,22,payment,57.24
39,11,28,debt,110.45
104,27,77,existence,165.85
9,3,6,debt,40.76
10,9,1,existence,25.47
108,6,102,payment,239.99
105,59,46,debt,320.74
113,34,79,debt,297.63
29,12,17,existence,81.47
75,51,24,payment,216.03
77,45,32,debt,238.43
35,7,28,payment,57.64
78,1,77,debt,120.89
101,30,71,existence,286.76
19,16,3,debt,65.46
35,20,15,existence,71.78
157,12,145,debt,350.76
90,25,65,existence,181.08
6,1,5,existence,12.51
109,13,96,payment,285.58
80,22,58,existence,170.56
95,92,3,debt,265.09
145,71,74,payment,275.22
64,46,18,existence,171.06
137,75,62,debt,326.15
149,52,97,payment,269.53
107,74,33,existence,243.51
46,46,0,payment,123.06
7,2,5,debt,37.78
6,4,2,debt,41.95
38,5,33,debt,94.4
84,77,7,payment,218.78
7,1,6,payment,31.58
38,37,1,existence,90.6
80,48,32,payment,172.42
59,31,28,payment,147.73
95,62,33,debt,259.76
5,5,0,debt,41.72
152,34,118,existence,327.59
109,98,11,debt,323.77
148,128,20,payment,377.42
72,59,13,existence,214.32
34,7,27,payment,102.04
50,42,8,existence,125.13
149,62,87,existence,304.95
74,73,1,existence,257.49
113,70,43,payment,249.6
123,27,96,existence,231.21
42,24,18,debt,84.93
118,77,41,debt,348.11
148,77,71,payment,322.14
132,132,0,debt,442.87
48,27,21,existence,108.78
99,66,33,payment,175.03
112,73,39,debt,206.42
7,4,3,debt,31.16
121,115,6,debt,401.99
41,12,29,payment,75.43
91,60,31,debt,305.61
35,6,29,payment,76.18
13,13,0,payment,50.05
41,39,2,existence,93.55
77,61,16,payment,244.84
97,91,6,payment,323.89
88,24,64,existence,177.8
34,25,9,payment,95.66
53,9,44,payment,153.58
111,30,81,debt,312.67
136,76,60,payment,244.47
110,92,18,payment,235.09
23,12,11,payment,71.82
103,82,21,debt,271.77
3,1,2,payment,17.35
143,84,59,debt,284
157,97,60,existence,461.23
128,9,119,debt,236.74
44,37,7,payment,120.29
111,72,39,existence,309.67
95,44,51,payment,183.17
27,23,4,existence,72.26
47,46,1,existence,144.78
78,2,76,payment,171.82
17,11,6,existence,45.88
75,59,16,debt,265.39
35,8,27,debt,89.72
152,146,6,debt,508.6
58,27,31,existence,145.37
142,12,130,existence,330.97
45,5,40,payment,99.43
7,1,6,debt,39.81
42,6,36,payment,105.97
9,2,7,debt,26.94
18,12,6,debt,57.96
79,47,32,existence,171.33
31,11,20,existence,78.9
137,44,93,payment,341.07
17,6,11,existence,29.85
152,118,34,payment,485.29
108,66,42,debt,307.36
115,35,80,existence,277.61
97,77,20,debt,366.53
31,16,15,existence,82.96
42,42,0,existence,87.46
128,43,85,payment,221.5
9,5,4,existence,15.49
3,3,0,payment,24.12
2,2,0,payment,22.87
49,31,18,existence,126.58
43,37,6,debt,123.21
8,3,5,debt,28.17
13,3,10,existence,29.8
12,5,7,payment,50.35
150,34,116,existence,273.88
3,3,0,existence,10.14
107,33,74,debt,209.83
121,87,34,debt,349.27
147,114,33,existence,364.72
24,5,19,debt,61.49
40,27,13,existence,75.37
112,102,10,payment,238.88
36,31,5,debt,126.04
98,56,42,debt,279.69
6,4,2,existence,13.74
125,96,29,payment,291.7
88,10,78,debt,167.47
118,43,75,debt,242.68
136,97,39,existence,421.73
157,36,121,debt,373.41
21,7,14,debt,87.78
155,71,84,existence,299.83
31,6,25,debt,56.63
36,4,32,debt,99.89
73,27,46,existence,163.03
147,107,40,existence,352.99
139,111,28,existence,397.22
133,107,26,payment,420.8
62,25,37,payment,124.99
13,1,12,payment,43.53
62,27,35,debt,198.83
64,43,21,existence,164.34
126,23,103,payment,270.6
19,14,5,payment,80
20,9,11,existence,48.28
119,119,0,debt,469.91
15,11,4,debt,60.64
141,52,89,existence,219.61
156,88,68,payment,463.46
102,16,86,debt,191.4
16,14,2,debt,56.99
80,21,59,debt,205.95
55,45,10,existence,137.59
84,19,65,payment,159.91
5,4,1,debt,25.65
35,8,27,existence,89.16
50,24,26,payment,132.33
39,8,31,existence,87.36
28,22,6,payment,93.72
25,11,14,debt,69.1
35,3,32,debt,74.09
30,8,22,existence,47.21
12,1,11,existence,28.43
73,58,15,payment,155.38
155,104,51,payment,384.14
63,60,3,payment,217.79
75,60,15,debt,263.21
96,67,29,debt,265.68
83,32,51,payment,237.89
125,76,49,debt,396.96
54,34,20,payment,195.4
44,40,4,payment,129.78
114,4,110,payment,195.26
30,17,13,payment,70.03
24,13,11,payment,64.44
30,20,10,payment,105.23
65,47,18,existence,183.91
16,10,6,existence,30.71
80,20,60,payment,127.29
129,14,115,debt,254.3
74,20,54,existence,158.61
57,45,12,existence,121.4
127,9,118,debt,245.6
78,35,43,payment,219.94
118,6,112,debt,277.79
26,26,0,existence,78.83
146,3,143,payment,216.54
65,63,2,debt,239.57
78,38,40,existence,235.98
76,67,9,existence,224.64
72,26,46,debt,154.4
151,70,81,payment,320.65
137,31,106,payment,216.22
49,25,24,payment,137.24
145,106,39,payment,328.32
25,23,2,existence,79.89
65,1,64,payment,171.28
140,57,83,debt,385.08
51,36,15,existence,153.67
62,36,26,existence,146.32
156,45,111,payment,298.61
130,114,16,existence,423.23
41,32,9,debt,137.5
102,27,75,existence,144.59
18,16,2,debt,78.23
105,19,86,debt,178.63
75,20,55,existence,164.51
115,69,46,debt,345.96
19,5,14,debt,60.41
31,7,24,payment,99.28
102,13,89,payment,146.59
119,98,21,debt,378.7
81,2,79,debt,223.01
147,2,145,payment,340.37
35,13,22,payment,66.18
127,5,122,existence,284.51
97,27,70,existence,153.1
103,95,8,existence,378.82
54,2,52,payment,136.96
95,4,91,existence,137.8
1,1,0,debt,22.85
115,40,75,debt,188.83
6,6,0,payment,29.08
101,56,45,debt,263.58
96,80,16,debt,282.07
69,43,26,payment,236.41
76,2,74,payment,104.98
6,2,4,debt,25.31
5,2,3,payment,19.74
89,86,3,debt,243.41
18,3,15,existence,39.15
95,11,84,debt,137.99
31,29,2,existence,79.91
67,51,16,debt,204.74
97,21,76,debt,212.42
8,2,6,debt,40.89
69,15,54,payment,171.56
113,80,33,debt,340.62
34,14,20,payment,80.79
14,1,13,existence,29.48
38,14,24,existence,84.88
63,5,58,existence,150.16
62,48,14,existence,150.83
109,46,63,payment,330.68
46,25,21,debt,103.98
150,25,125,existence,308.07
136,123,13,payment,387.08
25,5,20,debt,61.93
88,70,18,payment,231.6
104,101,3,payment,335.55
66,58,8,existence,173.08
114,40,74,debt,241.65
24,17,7,existence,73.85
92,57,35,existence,184.18
115,93,22,debt,373.02
52,38,14,payment,150.18
137,86,51,debt,390.18
122,26,96,payment,271.6
101,95,6,debt,305.68
50,8,42,existence,72.04
71,55,16,payment,202.7
24,3,21,payment,62.36
8,7,1,debt,45.92
27,17,10,debt,85.22
120,96,24,existence,411.8
33,31,2,existence,96.48
91,48,43,existence,249.46
66,40,26,existence,137.37
47,21,26,debt,107.85
28,14,14,debt,98.69
40,26,14,payment,96.76
39,38,1,debt,115.28
111,83,28,payment,334.07
100,98,2,payment,298.2
114,45,69,debt,337.49
73,18,55,existence,107.06
65,63,2,existence,196.58
74,5,69,existence,136.81
1,1,0,existence,3.71
66,1,65,debt,96.83
111,57,54,existence,242.8
71,4,67,existence,123.52
30,12,18,existence,81.67
33,11,22,payment,66.08
114,67,47,payment,295.73
108,6,102,existence,237.19
157,42,115,debt,327.53
138,74,64,existence,263.38
24,24,0,debt,87.58
25,20,5,existence,50.88
22,5,17,payment,55.2
77,10,67,debt,122.88
116,41,75,debt,344.88
104,102,2,existence,303.56
43,30,13,existence,89.51
116,103,13,existence,388.59
20,12,8,existence,58.84
125,98,27,debt,417.2
118,48,70,existence,337.96
20,10,10,payment,44.66
69,3,66,existence,137.66
124,60,64,existence,225.13
111,38,73,debt,274.89
148,69,79,debt,350.75
155,8,147,payment,325.87
13,3,10,debt,60.26
92,17,75,existence,225.82
72,11,61,existence,155.09
60,3,57,existence,131.85
98,35,63,payment,245.42
19,14,5,payment,50.92
18,16,2,debt,66.12
59,59,0,debt,138.04
44,37,7,debt,162.3
156,73,83,payment,345.49
113,52,61,payment,209.11
24,5,19,existence,46.94
23,19,4,payment,68.45
70,67,3,payment,234.8
73,51,22,debt,180.39
96,63,33,existence,304.63
136,43,93,payment,352.71
43,35,8,existence,99.11
24,24,0,payment,92.11
146,78,68,debt,441.83
78,71,7,debt,206.89
30,10,20,existence,81.22
124,23,101,payment,198.22
103,99,4,existence,399.34
136,9,127,payment,339.76
55,29,26,existence,141.88
86,8,78,payment,203.84
117,36,81,payment,347
73,61,12,payment,235.95
87,83,4,debt,352.54
61,45,16,debt,218.52
11,10,1,payment,53.31
49,27,22,debt,131.16
59,20,39,debt,156.69
89,61,28,debt,326.27
86,29,57,payment,170.89
128,39,89,payment,238.05
131,10,121,existence,170.84
6,1,5,payment,31.18
67,33,34,existence,134.72
97,17,80,existence,256.95
133,31,102,payment,363.2
152,139,13,existence,433.44
108,62,46,debt,221.47
80,29,51,debt,222.54
89,75,14,debt,327.17
41,27,14,debt,110.05
27,21,6,payment,75.52
12,1,11,existence,16.65
14,13,1,existence,31.4
35,16,19,existence,79.02
123,66,57,debt,261.04
142,37,105,payment,334.47
39,37,2,debt,131.59
70,22,48,payment,143.47
141,6,135,existence,215.72
49,3,46,existence,97.3
46,19,27,payment,92.1
134,59,75,debt,306.66
15,3,12,existence,34.19
117,113,4,payment,254.91
85,59,26,debt,192.95
25,11,14,existence,70.77
25,12,13,debt,66.11
123,36,87,existence,181.71
25,25,0,payment,74.28
124,61,63,payment,243.24
128,91,37,existence,384.28
2,1,1,debt,21.85
138,66,72,payment,227.71
137,103,34,debt,431.45
67,12,55,debt,193.89
135,76,59,debt,400.6
100,72,28,debt,278.71
138,62,76,debt,366.97
59,32,27,debt,147.33
34,20,14,debt,102.92
63,14,49,payment,179.38
55,10,45,payment,111.66
107,42,65,debt,274.37
146,57,89,existence,373.75
1,1,0,existence,3.86
28,24,4,payment,72.8
65,17,48,payment,175.13
21,5,16,existence,51.46
85,12,73,existence,187.54
10,2,8,debt,37.91
8,7,1,existence,20.87
12,1,11,existence,28.87
50,25,25,debt,179.41
30,17,13,payment,67.9
46,34,12,payment,96.92
36,1,35,existence,60.74
85,23,62,existence,177.32
29,4,25,debt,97.93
40,1,39,debt,93.47
80,61,19,debt,197.79
15,9,6,existence,42.75
147,120,27,debt,378.7
83,46,37,debt,234.85
157,46,111,payment,402.69
44,33,11,payment,106.88
104,85,19,payment,237.72
86,19,67,debt,246.26
32,31,1,existence,101.02
102,84,18,debt,280.61
35,23,12,existence,92.33
79,41,38,existence,199.73
33,20,13,payment,98.62
138,103,35,debt,406.25
134,123,11,payment,453.82
149,64,85,debt,263.58
127,41,86,payment,244.02
18,1,17,existence,21.59
150,116,34,debt,414.18
62,16,46,payment,174.68
59,47,12,debt,149.72
73,59,14,debt,211.79
47,46,1,payment,124.02
17,6,11,payment,35.25
25,22,3,existence,54.34
17,12,5,existence,45.16
2,2,0,payment,13.66
94,73,21,payment,325.66
104,100,4,payment,270.57
102,36,66,payment,262.64
78,18,60,existence,113.36
46,26,20,debt,129.54
118,97,21,debt,252.21
32,8,24,debt,85.29
74,63,11,debt,245.74
97,75,22,debt,218.59
40,33,7,debt,101.59
27,23,4,debt,77.52
11,6,5,existence,33.89
52,36,16,payment,174.11
127,108,19,payment,433.72
103,14,89,payment,197.22
127,29,98,payment,258.21
113,50,63,payment,326.4
112,41,71,debt,203.26
4,1,3,payment,14.35
75,58,17,payment,236.88
32,19,13,debt,103.82
157,96,61,existence,368.1
10,7,3,debt,54.65
123,65,58,payment,277.45
124,37,87,payment,351.31
23,22,1,debt,88.32
117,35,82,debt,341.42
126,95,31,existence,309.33
119,6,113,existence,293.45
50,23,27,existence,126.54
6,3,3,payment,20.51
126,76,50,payment,269.5
57,8,49,debt,108.71
92,20,72,payment,188.38
1,1,0,debt,15.75
101,23,78,payment,162.95
99,80,19,debt,355.11
26,6,20,debt,86.89
94,57,37,debt,224.64
49,23,26,existence,151.96
91,20,71,existence,178.47
14,13,1,existence,42.76
105,65,40,payment,314.57
82,41,41,payment,246.18
100,21,79,debt,151.14
133,40,93,payment,251.84
59,59,0,debt,129.2
95,3,92,debt,253.7
124,97,27,existence,309.24
47,35,12,debt,138.06
131,68,63,debt,357.16
137,64,73,payment,360.23
126,22,104,payment,342.77
97,2,95,debt,211.52
38,38,0,existence,117.69
114,46,68,payment,249.62
86,7,79,debt,235.16
34,12,22,payment,77.08
34,6,28,payment,98.48
150,150,0,debt,439.86
49,12,37,payment,103.52
39,27,12,debt,107.76
27,12,15,existence,57.07
7,6,1,payment,36.13
25,25,0,debt,109.62
133,120,13,existence,315.14
141,4,137,payment,323.53
27,12,15,debt,93.37
77,71,6,debt,219.83
132,15,117,debt,343.66
6,1,5,debt,38.39
96,37,59,debt,262.19
101,98,3,payment,248.38
8,5,3,debt,34.92
27,10,17,existence,61.81
54,21,33,debt,122.68
82,79,3,payment,184.74
142,81,61,debt,422.06
143,87,56,debt,418.42
146,75,71,debt,372.47
106,41,65,existence,217.61
143,126,17,debt,376.26
33,15,18,debt,70.08
102,15,87,debt,240.23
33,32,1,payment,110.89
94,35,59,payment,188.76
5,2,3,existence,13.3
92,81,11,debt,209.08
18,7,11,existence,26.83
87,76,11,existence,278.13
82,13,69,existence,218.92
73,60,13,existence,221.53
82,24,58,payment,144.23
137,41,96,existence,356.27
127,44,83,debt,340.69
36,25,11,payment,129.2
148,55,93,payment,279.93
102,3,99,payment,158.94
106,3,103,existence,239.5
85,40,45,debt,263.72
41,22,19,debt,140.15
70,59,11,payment,186.96
105,13,92,payment,235.62
35,31,4,payment,90.79
98,81,17,payment,350.01
103,84,19,debt,276.31
107,29,78,payment,176.92
154,92,62,payment,345.33
70,61,9,payment,194.14
123,30,93,existence,233.51
80,70,10,debt,230.01
56,5,51,existence,84.53
86,13,73,existence,137.95
129,12,117,debt,189.75
97,47,50,existence,249.5
105,97,8,payment,282.67
98,80,18,debt,307.76
29,28,1,debt,106.56
33,32,1,debt,122.68
7,3,4,existence,16.63
105,61,44,payment,315.77
17,8,9,debt,57.36
69,68,1,payment,257.56
47,43,4,debt,160.83
110,100,10,debt,381.24
82,7,75,existence,169.97
49,13,36,existence,132.08
105,8,97,debt,261.82
54,35,19,debt,186.14
70,19,51,payment,191.97
115,69,46,existence,313.59
84,9,75,debt,199.86
17,6,11,payment,50.41
141,130,11,existence,455.29
79,44,35,existence,208.02
70,15,55,debt,135.05
97,82,15,debt,302.46
143,64,79,existence,398.92
58,17,41,payment,123.81
29,13,16,payment,71.34
82,66,16,existence,239.72
71,42,29,existence,163.74
63,18,45,existence,134.49
145,7,138,existence,338.73
38,36,2,debt,135.75
27,2,25,existence,46.43
122,2,120,payment,195.32
50,34,16,payment,128.17
126,107,19,existence,366.14
80,13,67,existence,113.45
157,121,36,debt,513.96
65,50,15,debt,145.18
75,43,32,payment,189.88
32,23,9,payment,83.5
92,82,10,debt,219.85
112,40,72,debt,336.75
62,41,21,existence,121.16
16,12,4,debt,59.92
13,12,1,payment,40.32
143,41,102,debt,243.96
100,62,38,payment,211.29
75,11,64,existence,100.16
87,20,67,debt,207.17
112,2,110,payment,177.94
148,68,80,debt,306.77
155,106,49,existence,476.3
44,29,15,debt,102.89
38,4,34,payment,105.39
5,5,0,existence,15.56
115,113,2,payment,455.31
70,2,68,existence,102.79
73,57,16,existence,165.68
122,67,55,debt,306.68
101,52,49,debt,228.82
67,63,4,payment,175.79
76,40,36,payment,228.25
126,74,52,debt,312.37
74,70,4,existence,243.16
114,82,32,payment,266.43
111,89,22,debt,278.97
35,1,34,existence,47.16
148,52,96,existence,383.63
26,23,3,payment,111.39
78,70,8,payment,192.23
19,1,18,debt,46.85
12,11,1,existence,40.06
62,3,59,existence,147.2
86,25,61,existence,183.83
34,15,19,existence,75.41
51,10,41,payment,135
6,1,5,payment,25.58
121,77,44,existence,245.92
107,40,67,payment,218.55
23,3,20,existence,51.3
25,10,15,payment,84.45
116,108,8,payment,365.16
79,47,32,payment,188.34
1,1,0,existence,2.89
146,146,0,existence,368.34
35,2,33,payment,61.52
135,88,47,existence,337.34
154,27,127,payment,392.77
40,5,35,existence,96.54
61,35,26,debt,184.42
23,23,0,debt,70.83
147,113,34,debt,342.8
148,99,49,payment,460.46
60,37,23,existence,177.52
74,74,0,existence,239.55
71,63,8,payment,228.64
46,5,41,debt,67.81
132,6,126,payment,243.1
63,61,2,existence,199.61
65,10,55,payment,162.97
15,4,11,debt,53.46
69,42,27,debt,172.22
27,26,1,payment,74.3
117,25,92,debt,180.52
87,1,86,payment,210.11
33,29,4,payment,112.87
101,85,16,debt,220.56
20,20,0,debt,61.25
80,4,76,payment,220.78
88,20,68,payment,246.29
55,48,7,existence,141.52
59,2,57,existence,108.17
14,10,4,debt,57.09
84,59,25,existence,153.67
5,5,0,existence,10.11
30,25,5,existence,89.62
145,61,84,existence,263.05
9,8,1,debt,40.53
66,22,44,payment,158.42
118,70,48,debt,307.88
109,41,68,payment,221.55
106,74,32,debt,315
113,11,102,existence,261.06
125,71,54,existence,324.33
121,45,76,debt,295.76
25,18,7,existence,49.65
106,3,103,existence,229.44
49,4,45,payment,116.25
156,115,41,payment,507
13,13,0,payment,48.1
80,77,3,payment,241.96
114,44,70,payment,294.28
27,3,24,payment,48.31
84,7,77,payment,159.86
95,75,20,debt,344.74
119,80,39,debt,346.88
52,13,39,payment,137.46
97,90,7,debt,312.91
110,4,106,debt,244.84
90,1,89,payment,199.2
15,3,12,debt,49.78
72,43,29,payment,160.02
149,71,78,existence,374.28
6,6,0,debt,31.47
39,16,23,payment,131.96
45,43,2,existence,108.18
23,23,0,debt,82.08
133,65,68,payment,403.94
56,33,23,payment,129.31
19,11,8,debt,69.24
84,41,43,existence,151.02
13,9,4,payment,36.66
38,35,3,debt,116.15
101,12,89,payment,166.58
131,110,21,payment,292.56
151,26,125,payment,232.09
144,17,127,payment,254.18
97,59,38,debt,230.35
15,15,0,existence,45.81
153,53,100,debt,404.24
73,19,54,existence,141.38
60,53,7,existence,160.88
54,27,27,existence,148.08
94,17,77,existence,148.65
58,30,28,payment,153.91
143,50,93,existence,316.21
19,3,16,existence,25.56
78,10,68,existence,164.43
73,28,45,debt,159.19
23,11,12,payment,71.82
54,52,2,debt,138.67
17,10,7,existence,33.02
77,34,43,debt,175.64
15,5,10,debt,60.76
79,9,70,existence,133.65
82,73,9,debt,231.55
142,81,61,debt,461.83
60,57,3,payment,184.76
11,1,10,existence,21.41
16,13,3,payment,58.28
80,41,39,payment,166.15
71,22,49,payment,155.22
48,28,20,payment,119.34
122,66,56,existence,355.93
157,123,34,existence,430.82
157,46,111,existence,310.5
20,5,15,existence,37.4
30,7,23,existence,50.56
89,45,44,payment,213.84
1,1,0,payment,9.6
78,68,10,existence,159.21
73,57,16,payment,165.04
118,110,8,debt,359.17
98,83,15,debt,213.23
146,79,67,existence,465.64
30,26,4,existence,108.51
140,63,77,debt,359.88
1,1,0,existence,3.08
129,77,52,debt,264.62
38,10,28,existence,89.31
82,26,56,payment,181.85
62,53,9,payment,185.35
33,16,17,payment,87.78
29,8,21,existence,53.23
75,14,61,debt,141.86
46,28,18,debt,159.39
99,61,38,existence,253.3
42,29,13,existence,100.07
153,3,150,existence,371.28
33,24,9,existence,78.1
125,82,43,existence,372.02
82,13,69,payment,155.27
66,29,37,debt,133.23
99,68,31,debt,203.2
68,39,29,payment,151.65
114,22,92,debt,275.9
1,1,0,existence,2.42
27,12,15,payment,80.7
91,26,65,debt,266.18
105,57,48,existence,169.08
141,94,47,debt,419.31
40,15,25,payment,85.94
117,108,9,debt,354.29
115,96,19,existence,339.46
56,41,15,debt,204.21
135,73,62,existence,255.17
114,91,23,debt,308.37
134,58,76,existence,226.95
41,35,6,payment,104.3
121,108,13,existence,386.95
144,43,101,debt,227.67
42,18,24,debt,138.62
142,109,33,debt,338.33
153,103,50,existence,477.27
12,9,3,payment,45.46
58,17,41,existence,86.47
34,11,23,payment,77.41
55,20,35,existence,150.17
129,47,82,existence,235.39
60,18,42,debt,159.43
82,1,81,debt,199.82
98,97,1,existence,274.28
134,128,6,debt,502.36
29,28,1,existence,106.22
149,130,19,payment,377.71
143,104,39,payment,318.43
31,19,12,debt,109.87
106,83,23,existence,325.37
142,61,81,debt,327.46
67,51,16,payment,188.44
50,9,41,payment,101.92
79,44,35,existence,171.72
15,10,5,payment,36.73
6,5,1,payment,29.95
126,17,109,payment,242.89
133,125,8,existence,452.27
127,121,6,debt,436.15
84,57,27,debt,221.06
54,7,47,debt,131.63
92,74,18,debt,241.51
85,39,46,existence,225.02
126,125,1,existence,293.53
68,22,46,existence,167.75
17,3,14,debt,57.96
78,40,38,payment,132.41
50,16,34,debt,92.2
23,12,11,existence,39.22
142,135,7,debt,536.57
33,3,30,debt,85.23
86,32,54,existence,172.81
93,13,80,existence,245.37
62,45,17,payment,162.24
35,32,3,debt,116.86
4,1,3,payment,23.43
61,11,50,payment,147.68
129,38,91,payment,248.94
46,3,43,payment,125.84
91,7,84,existence,114.3
110,109,1,existence,387.08
125,91,34,existence,321.94
129,68,61,debt,403.98
94,21,73,debt,176.19
14,9,5,existence,40.68
127,18,109,existence,187.31
31,5,26,debt,111.14
40,40,0,payment,157.17
23,19,4,debt,70.07
77,18,59,payment,134.33
42,40,2,existence,138.87
126,51,75,existence,316.93
134,115,19,existence,295.48
124,33,91,existence,325.48
10,1,9,payment,28.54
77,54,23,debt,201.15
44,24,20,debt,156.21
123,3,120,debt,308.34
34,30,4,payment,105.2
37,18,19,debt,93.79
74,32,42,existence,144.6
114,103,11,payment,274.32
137,32,105,debt,340.68
91,13,78,debt,231.05
72,35,37,debt,214.31
55,10,45,payment,157.3
4,4,0,payment,23.31
8,7,1,existence,28.81
126,59,67,existence,189.4
138,84,54,debt,305.82
142,132,10,debt,410.19
30,21,9,existence,71.14
2,1,1,existence,5.78
134,8,126,existence,235.76
137,71,66,payment,251.16
155,116,39,payment,514.21
134,85,49,payment,401.47
132,109,23,debt,456.33
71,2,69,existence,119.2
155,65,90,debt,264.78
136,124,12,debt,363.82
148,52,96,existence,415.44
82,39,43,payment,226.75
90,67,23,payment,308.82
60,20,40,payment,135.34
80,1,79,payment,141.9
24,21,3,payment,68.13
18,4,14,debt,72.93
76,30,46,existence,193.1
120,69,51,payment,266.41
29,14,15,payment,87.4
3,2,1,existence,6.87
14,1,13,existence,26.09
91,13,78,existence,203.68
153,59,94,existence,395.58
137,57,80,existence,243.16
127,55,72,existence,353.55
64,50,14,existence,201.96
106,101,5,existence,340.72
154,43,111,debt,352.16
43,16,27,existence,87.97
79,18,61,debt,177.56
55,23,32,existence,99.77
108,26,82,existence,254.58
134,27,107,debt,228.7
15,5,10,existence,35.03
19,18,1,payment,72.68
37,30,7,payment,141.66
80,68,12,payment,214.7
119,3,116,debt,176.07
125,105,20,debt,377.75
62,31,31,existence,175.21
157,88,69,existence,349.51
96,61,35,debt,250.19
106,72,34,existence,300.42
25,20,5,existence,63.58
111,27,84,existence,164.34
113,42,71,existence,226.04
23,1,22,payment,51.02
129,54,75,debt,270.11
35,1,34,existence,83.92
19,17,2,debt,72.7
105,19,86,payment,260.2
155,4,151,debt,336.44
39,33,6,payment,126.39
54,34,20,debt,146.59
87,46,41,payment,274
147,93,54,payment,388.15
16,7,9,existence,31.28
96,94,2,existence,326.66
19,16,3,existence,47.65
74,21,53,existence,127.72
147,107,40,debt,392.09
26,12,14,debt,81.7
129,60,69,existence,252.24
16,1,15,existence,26.54
96,61,35,payment,243.04
108,35,73,payment,319.7
106,99,7,debt,362.88
86,56,30,debt,249.35
102,3,99,debt,147.75
114,55,59,debt,204.74
116,110,6,payment,384.86
95,20,75,payment,227.5
28,2,26,existence,58.12
69,12,57,payment,139.98
107,74,33,payment,278.37
60,24,36,payment,129.2
24,17,7,existence,53.24
106,57,49,payment,190.62
30,3,27,debt,88.12
114,72,42,existence,283.25
35,16,19,payment,109.4
29,14,15,payment,69.91
7,3,4,payment,33.18
153,128,25,payment,473.02
74,32,42,debt,248.54
156,88,68,debt,481.61
131,124,7,payment,382.54
19,11,8,payment,61.87
68,59,9,existence,164.61
33,21,12,payment,86.9
89,57,32,payment,238.18
29,5,24,existence,50.85
112,60,52,debt,319.71
95,42,53,debt,251.22
47,43,4,debt,113
43,8,35,debt,125.82
46,26,20,payment,145.78
5,1,4,payment,21.14
119,6,113,existence,241.18
119,40,79,existence,235.19
29,19,10,debt,112.07
115,89,26,payment,275.13
76,32,44,existence,132.93
73,68,5,debt,195.16
6,5,1,debt,41.02
150,9,141,existence,253.13
21,18,3,debt,92.64
99,49,50,payment,288.47
34,8,26,debt,88.44
45,43,2,payment,184.84
119,115,4,payment,335.58
151,124,27,payment,498.6
57,57,0,existence,149.91
59,31,28,existence,116.25
122,8,114,debt,292.8
153,129,24,payment,453.96
117,7,110,payment,272.89
61,29,32,payment,121.56
126,36,90,payment,315.63
20,16,4,debt,75.5
143,91,52,payment,467.82
34,20,14,payment,111.16
136,93,43,existence,355.41
11,10,1,debt,39.27
56,10,46,payment,125.61
108,86,22,existence,200.77
95,36,59,existence,194.67
120,66,54,debt,315.12
116,87,29,existence,347.9
111,35,76,debt,315.87
79,28,51,debt,152.96
129,26,103,existence,179.79
126,38,88,payment,205.48
88,54,34,existence,217.8
70,43,27,existence,208.49
45,41,4,debt,170.86
96,58,38,existence,254.46
123,24,99,debt,203.74
111,85,26,debt,347.46
5,3,2,payment,18.67
30,18,12,payment,68.16
27,23,4,existence,68
28,16,12,payment,62.1
32,2,30,debt,78.08
17,13,4,debt,64.47
77,61,16,payment,201.58
94,78,16,existence,258.02
55,8,47,existence,111.16
139,123,16,existence,383.15
20,18,2,debt,58.86
77,10,67,existence,144.9
63,4,59,debt,163.89
84,51,33,payment,245.45
22,12,10,debt,88.41
42,15,27,debt,142.5
128,107,21,debt,417.3
114,26,88,payment,318.03
126,120,6,existence,311.57
81,12,69,existence,194.99
50,12,38,payment,156.35
68,15,53,existence,107.65
22,12,10,debt,83.52
96,68,28,payment,234.56
64,50,14,existence,149.85
123,102,21,payment,237.95
96,65,31,debt,308.49
27,23,4,debt,116.85
50,4,46,debt,155.46
63,8,55,payment,89.16
44,38,6,debt,112.04
105,56,49,payment,317.27
35,28,7,debt,110.99
24,13,11,existence,69.58
50,10,40,existence,118.35
107,45,62,debt,202.05
134,70,64,debt,280.89
91,39,52,payment,172.29
81,40,41,existence,246.93
32,14,18,existence,86.55
118,67,51,existence,236.71
44,11,33,existence,73
122,35,87,existence,222.31
22,10,12,payment,70.54
93,81,12,payment,210.88
111,58,53,debt,243.64
19,17,2,debt,69.63
13,2,11,payment,47.27
54,5,49,debt,89.02
15,9,6,payment,43.19
33,8,25,existence,91.63
99,77,22,existence,337.02
120,84,36,existence,233.77
42,6,36,debt,74.64
66,56,10,debt,129.3
94,87,7,payment,219.16
26,2,24,payment,74.45
16,8,8,payment,49
83,27,56,payment,185.21
133,25,108,existence,351.52
8,3,5,existence,20.98
20,11,9,payment,68.92
142,82,60,existence,349.4
4,2,2,existence,9.24
39,20,19,debt,121.42
41,19,22,payment,79.65
114,81,33,payment,335.91
28,1,27,existence,55.53
42,3,39,existence,99.21
62,42,20,debt,144.31
107,32,75,payment,200.03
24,15,9,debt,83.99
14,8,6,payment,29.03
57,5,52,payment,116.2
118,110,8,payment,384.94
109,61,48,existence,221.78
93,72,21,payment,210.77
73,54,19,debt,191.1
120,29,91,payment,235.6
72,28,44,debt,205.5
5,3,2,debt,36.89
138,120,18,debt,416.58
64,49,15,payment,126.85
42,17,25,payment,120.9
5,1,4,payment,17.52
19,11,8,payment,49.06
95,27,68,existence,200.99
146,104,42,existence,422.4
49,22,27,payment,89.75
51,30,21,debt,129.12
126,48,78,debt,193.86
47,36,11,existence,127.66
98,10,88,debt,273.69
39,35,4,existence,114.21
82,70,12,existence,145.1
20,2,18,debt,56.3
127,67,60,debt,295.41
93,27,66,existence,166.66
75,34,41,payment,210.4
143,63,80,debt,319.46
74,39,35,existence,212.68
28,28,0,debt,118.5
80,37,43,existence,245.48
139,74,65,debt,264
4,3,1,existence,10.21
137,77,60,existence,288.5
147,65,82,debt,442.11
9,2,7,debt,37.09
112,6,106,debt,203.31
58,16,42,payment,140.87
107,107,0,payment,369.57
36,12,24,payment,75.41
49,8,41,payment,92.03
32,16,16,payment,99.89
50,17,33,payment,124.53
12,8,4,existence,22.05
34,25,9,debt,95.76
84,46,38,payment,232.28
21,7,14,payment,62.22
144,87,57,existence,445.79
121,95,26,payment,341.55
51,42,9,existence,168.59
139,79,60,payment,309.94
98,96,2,existence,310.57
72,58,14,existence,209.37
134,79,55,payment,352.43
26,21,5,existence,78.3
147,103,44,payment,313.34
36,36,0,debt,121.98
126,4,122,existence,232.8
113,57,56,payment,338.46
110,55,55,payment,201.55
26,3,23,debt,65.31
1,1,0,payment,11.89
13,2,11,existence,27.36
18,14,4,payment,71.95
68,19,49,existence,112.42
143,134,9,payment,470.34
70,14,56,debt,136.58
38,23,15,debt,119.6
76,21,55,debt,192.61
14,10,4,payment,47.16
9,4,5,existence,23.87
71,42,29,existence,202.22
97,43,54,payment,248.4
115,86,29,debt,326.66
113,77,36,debt,255.76
140,57,83,debt,414.14
53,32,21,payment,105.39
106,98,8,existence,300.17
15,7,8,payment,55.82
31,22,9,payment,95.57
50,28,22,payment,169.93
9,8,1,debt,45.32
57,13,44,existence,99.38
104,95,9,existence,304.52
155,97,58,payment,448.52
115,44,71,existence,269.08
72,37,35,payment,208.71
23,18,5,payment,87.81
61,13,48,payment,138.6
141,56,85,debt,294.12
146,108,38,payment,299.93
11,4,7,existence,24.31
113,57,56,existence,217.67
105,20,85,payment,185.51
9,4,5,existence,23.29
66,14,52,debt,121.55
14,2,12,payment,40.51
89,4,85,payment,174.34
74,18,56,debt,155.8
88,68,20,debt,289.05
26,10,16,debt,86.5
126,52,74,existence,384.18
42,8,34,existence,111.22
150,27,123,debt,366.06
97,18,79,existence,191.69
32,28,4,debt,116.33
18,18,0,payment,61.14
137,129,8,existence,430.69
41,11,30,payment,102.42
103,89,14,debt,288.14
81,54,27,debt,221.3
91,59,32,payment,214.19
25,2,23,debt,58.67
102,24,78,existence,175.31
33,23,10,existence,94.06
64,57,7,existence,217.19
25,6,19,payment,81.55
3,1,2,existence,8.01
12,2,10,debt,33.21
126,21,105,debt,269.82
114,26,88,existence,267.77
20,8,12,payment,53.83
25,21,4,debt,87.69
14,3,11,existence,21.55
101,59,42,debt,269.63
60,22,38,existence,97.04
38,3,35,debt,92.1
133,85,48,payment,325.43
66,39,27,existence,188.15
69,23,46,payment,184.4
154,114,40,existence,360.07
154,36,118,existence,340.85
53,42,11,debt,199.21
3,1,2,existence,6.71
30,13,17,existence,74.72
98,96,2,payment,315.2
35,4,31,payment,63.27
81,39,42,existence,210.8
32,22,10,existence,89.91
37,10,27,existence,52.27
145,73,72,payment,407.03
120,8,112,payment,244.26
46,37,9,debt,165.57
150,150,0,existence,443.86
42,35,7,payment,106.28
132,54,78,payment,379.44
27,19,8,existence,81.86
53,50,3,existence,170.24
136,21,115,existence,217.83
89,51,38,debt,270.15
133,59,74,debt,297.98
156,46,110,existence,375.34
42,32,10,payment,106.97
10,9,1,debt,38.55
74,33,41,debt,203.98
17,7,10,payment,48.02
58,32,26,existence,124.73
99,78,21,payment,246.44
27,23,4,payment,96.87
34,20,14,payment,85.06
36,28,8,existence,67.56
30,26,4,payment,94.57
151,20,131,payment,315.83
137,110,27,debt,468.91
54,38,16,debt,146.85
153,31,122,debt,321.13
56,32,24,payment,107.73
153,76,77,payment,267.14
80,53,27,existence,180.97
69,61,8,debt,220.17
80,77,3,payment,297.03
133,101,32,existence,338.86
89,10,79,payment,153.45
34,33,1,payment,128.8
87,60,27,payment,246.18
53,49,4,payment,137
101,29,72,payment,184.72
143,2,141,debt,237.09
117,21,96,existence,314.71
41,4,37,payment,117.85
96,18,78,debt,187.82
109,22,87,debt,227.97
128,47,81,existence,356.68
11,5,6,debt,40.58
35,10,25,payment,95.42
22,6,16,debt,86.42
151,147,4,payment,428.24
131,44,87,debt,257.88
67,38,29,debt,190.63
45,4,41,existence,58.71
11,11,0,existence,34.36
83,38,45,debt,207.72
5,2,3,payment,32.1
108,58,50,debt,321.93
89,34,55,existence,157.82
72,31,41,payment,147.57
54,18,36,existence,125.89
112,105,7,debt,349.71
142,45,97,existence,242.32
55,28,27,payment,181.97
94,73,21,existence,297.42
18,4,14,existence,39.23
130,19,111,existence,327.54
42,39,3,debt,140.26
66,25,41,existence,132.25
148,47,101,payment,412.93
87,77,10,payment,278.71
136,43,93,debt,233.48
35,15,20,payment,97.89
138,23,115,payment,341.35
16,6,10,payment,42.62
14,12,2,debt,67.84
108,6,102,payment,259.66
42,40,2,debt,114.43
150,39,111,existence,203.53
103,13,90,payment,263.35
22,15,7,existence,61.46
150,13,137,payment,257.25
139,13,126,debt,186.18
77,12,65,existence,130.08
35,27,8,payment,100.4
124,17,107,existence,274.23
58,46,12,payment,138.39
127,110,17,payment,397.37
76,23,53,debt,134.59
136,54,82,payment,299.54
120,14,106,payment,193.13
31,3,28,payment,50.94
42,17,25,payment,121.91
70,57,13,payment,191.58
72,38,34,existence,202.5
63,15,48,payment,128.75
16,11,5,existence,47.19
30,26,4,existence,93.64
132,17,115,payment,228.56
125,119,6,existence,374.08
129,64,65,payment,288.04
107,97,10,payment,290.93
33,32,1,payment,107.68
106,36,70,debt,268.94
60,54,6,existence,184.8
106,57,49,existence,246.71
111,36,75,debt,248.87
133,17,116,debt,209.74
151,85,66,existence,393.39
115,110,5,existence,306.69
5,2,3,payment,28.48
133,14,119,existence,318.53
110,21,89,debt,284.35
5,3,2,payment,24.34
31,5,26,debt,86.19
40,30,10,payment,139
95,28,67,existence,189.9
104,22,82,payment,200.55
17,12,5,existence,49.91
99,85,14,payment,327.57
106,21,85,debt,299.46
126,94,32,payment,307.76
42,3,39,debt,111.77
10,2,8,debt,39.66
152,83,69,existence,332.72
6,6,0,existence,14.1
15,7,8,existence,31.15
96,54,42,payment,220.48
51,34,17,payment,115.28
66,31,35,existence,109.61
10,7,3,debt,49.67
127,23,104,debt,301.52
26,7,19,existence,65.06
31,19,12,payment,122.09
63,11,52,existence,95.57
129,28,101,debt,305.63
62,25,37,payment,180.86
109,29,80,existence,163.99
45,43,2,existence,140.85
110,32,78,existence,254.92
105,29,76,existence,171.14
57,4,53,debt,142.96
126,9,117,payment,168.22
72,8,64,debt,200.06
142,116,26,payment,384.08
2,2,0,debt,13.2
44,29,15,payment,120.73
3,3,0,payment,15.56
66,9,57,payment,189.61
10,10,0,existence,32.4
57,6,51,existence,87.72
79,31,48,existence,203.39
11,3,8,debt,39.49
132,2,130,debt,276.41
7,2,5,debt,34.43
121,51,70,existence,301.97
92,62,30,existence,238.83
134,7,127,payment,316.64
20,18,2,debt,87.77
79,72,7,payment,212.72
64,44,20,debt,152.54
142,59,83,existence,400.53
51,37,14,existence,133
16,4,12,existence,34.32
112,98,14,existence,379.41
130,94,36,debt,451.38
90,26,64,payment,229.59
92,74,18,existence,263.45
19,12,7,debt,74.66
34,26,8,payment,79.16
157,66,91,payment,307.34
107,68,39,debt,305.75
10,7,3,payment,29.51
146,130,16,payment,381.62
105,29,76,payment,174.12
19,11,8,payment,68.97
66,8,58,payment,162.8
54,11,43,debt,156.87
4,3,1,payment,23.8
52,6,46,existence,109.39
29,19,10,existence,56.17
117,84,33,existence,359.74
16,1,15,existence,21.14
60,43,17,payment,199.22
71,44,27,debt,159.69
64,25,39,debt,195.97
90,64,26,existence,269.69
144,31,113,payment,284.06
3,2,1,existence,6.04
48,19,29,existence,79.27
63,48,15,debt,170.46
125,105,20,debt,434.32
28,2,26,payment,58.89
10,8,2,debt,42.15
99,3,96,debt,247.57
126,113,13,debt,366
31,11,20,existence,85.11
14,4,10,debt,52.96
101,67,34,existence,332.15
68,53,15,existence,228.23
131,119,12,payment,378.6
81,46,35,payment,239.11
61,33,28,debt,199.99
94,85,9,debt,210.39
16,1,15,payment,42.43
23,20,3,debt,67.01
125,92,33,payment,371.41
5,2,3,existence,10.53
44,12,32,existence,119.36
77,40,37,existence,151.31
152,51,101,debt,274.35
119,79,40,payment,285.64
18,12,6,debt,72.83
14,7,7,debt,35.69
42,21,21,debt,117.81
128,27,101,payment,193.71
142,122,20,existence,282.51
29,24,5,payment,91.41
153,133,20,existence,398.22
73,50,23,existence,198.6
5,4,1,existence,11.27
82,1,81,payment,148.09
83,76,7,debt,252.29
69,3,66,payment,101.72
138,29,109,debt,229.74
154,62,92,payment,352.66
109,73,36,payment,295.68
10,3,7,existence,25.43
140,99,41,payment,358.68
39,11,28,existence,96.88
114,72,42,payment,230.17
46,14,32,debt,128.16
104,94,10,payment,281.95
18,3,15,payment,48.75
26,2,24,existence,40
45,24,21,debt,85.38
43,32,11,payment,121.64
6,1,5,payment,27.61
144,134,10,existence,356.24
143,36,107,existence,227.67
51,36,15,debt,178.28
51,48,3,debt,196.59
122,106,16,debt,393.76
155,5,150,payment,333.74
87,24,63,existence,189.05
73,24,49,payment,162.61
142,106,36,debt,406.72
47,22,25,payment,138.11
10,8,2,payment,43.34
55,21,34,payment,148.18
10,7,3,payment,36.97
17,8,9,existence,42.1
46,34,12,debt,141.13
145,94,51,debt,296.73
145,137,8,payment,406.26
118,31,87,debt,243.99
6,5,1,payment,28.14
4,4,0,existence,13.74
117,3,114,debt,295.51
120,98,22,debt,252.9
143,53,90,debt,254.2
23,21,2,debt,75.77
55,44,11,debt,129.81
9,1,8,existence,20.47
86,78,8,existence,322.61
56,47,9,existence,173.95
69,57,12,existence,181.29
23,4,19,existence,61.05
92,74,18,existence,298.06
58,48,10,payment,200.9
139,33,106,existence,233.93
57,37,20,debt,149.28
56,27,29,existence,134.79
71,68,3,payment,258.59
3,3,0,debt,33.63
49,45,4,existence,123.34
92,75,17,payment,237.89
13,6,7,existence,25.16
55,9,46,existence,82.68
148,113,35,debt,370.15
34,20,14,debt,109.05
65,42,23,debt,137.52
82,82,0,debt,218.9
154,23,131,payment,340.52
93,29,64,debt,205.74
2,2,0,existence,4.64
18,2,16,debt,50.86
155,77,78,payment,299.71
119,79,40,debt,253.3
121,61,60,existence,228.11
82,57,25,debt,193.52
29,9,20,payment,95.47
40,20,20,existence,88.67
57,17,40,payment,170.42
71,53,18,debt,182.99
108,48,60,payment,291.13
126,76,50,debt,335.45
147,131,16,payment,519.84
45,9,36,existence,67.03
117,92,25,existence,318.34
108,96,12,debt,315.44
40,27,13,payment,136.23
87,26,61,debt,162.02
47,28,19,payment,100.91
107,3,104,debt,227.28
26,2,24,debt,56.68
15,9,6,payment,51.33
54,24,30,existence,109.14
84,65,19,payment,239.86
115,3,112,debt,234.58
58,54,4,payment,192.4
151,61,90,debt,303.21
110,29,81,payment,236.83
115,31,84,existence,229.73
69,15,54,payment,165.03
87,56,31,debt,177.94
98,92,6,payment,238.58
23,5,18,debt,69.12
124,31,93,payment,295.24
31,30,1,payment,124.99
89,52,37,payment,217.52
70,37,33,existence,139.73
119,19,100,payment,201.81
42,38,4,existence,109.67
151,30,121,existence,325.45
71,9,62,debt,177.58
45,22,23,existence,125.95
6,6,0,existence,19.98
116,96,20,payment,247.53
10,8,2,existence,29.51
55,35,20,existence,124.01
99,66,33,debt,229.97
48,40,8,existence,103.6
39,11,28,existence,80.4
39,36,3,payment,112.36
49,41,8,existence,112.79
59,34,25,debt,123.41
55,17,38,existence,102.2
90,10,80,payment,151.1
99,15,84,debt,141.22
49,27,22,debt,146.42
62,35,27,debt,162.81
155,144,11,payment,385.01
81,50,31,debt,171.78
26,16,10,debt,63.26
65,2,63,payment,168.99
51,42,9,debt,120.71
111,97,14,debt,373.32
70,5,65,existence,147.96
125,57,68,existence,211.03
27,23,4,debt,110.53
117,105,12,existence,331.14
3,2,1,payment,16.58
52,32,20,debt,149.81
52,32,20,payment,163.91
91,35,56,existence,215.43
50,41,9,payment,123.2
141,7,134,debt,264.23
86,20,66,existence,139.12
152,141,11,debt,602.92
67,20,47,debt,159.57
108,78,30,debt,384.29
70,63,7,debt,236.2
149,140,9,existence,477.55
113,48,65,payment,312.21
58,24,34,payment,146.17
76,67,9,payment,250.86
119,57,62,debt,284.16
74,41,33,debt,185.45
112,80,32,existence,339.14
76,33,43,payment,148.99
8,4,4,payment,35.27
62,34,28,debt,179.01
35,18,17,payment,105.82
57,41,16,payment,151.59
86,32,54,debt,255.83
81,2,79,payment,155.82
35,22,13,payment,82.93
114,50,64,existence,276.41
54,12,42,payment,130.94
69,26,43,payment,138.73
22,22,0,debt,98.88
90,2,88,debt,140.73
3,3,0,debt,26.75
148,104,44,debt,470.87
30,6,24,payment,50.63
23,7,16,existence,54.2
26,10,16,debt,95.62
131,104,27,payment,260.81
100,5,95,existence,247.45
72,13,59,existence,134.77
105,35,70,existence,198.73
5,4,1,existence,10.6
136,71,65,debt,420.81
127,89,38,payment,284.85
23,1,22,payment,61.62
145,2,143,existence,348.52
87,24,63,debt,199.84
125,111,14,payment,385.94
136,72,64,debt,295.21
117,53,64,debt,221.38
2,1,1,payment,20.82
57,25,32,existence,164.38
154,104,50,debt,441.24
9,4,5,existence,19.66
56,34,22,existence,102.65
14,2,12,payment,36.94
150,123,27,payment,307.74
39,1,38,existence,71.09
132,75,57,debt,273.32
82,11,71,existence,167.17
116,50,66,payment,346.49
79,32,47,debt,165.32
62,13,49,debt,156.05
27,6,21,existence,58.79
74,72,2,existence,222.94
52,12,40,debt,144.11
35,27,8,debt,122.67
77,1,76,debt,123.99
49,41,8,existence,144.83
27,9,18,debt,67.23
64,55,9,debt,222.42
33,7,26,debt,82.1
54,9,45,existence,98.55
115,4,111,payment,209.84
152,33,119,payment,315.08
144,117,27,debt,412.44
70,8,62,debt,185.58
104,29,75,existence,280.41
139,61,78,payment,236.59
2,1,1,existence,4.69
100,46,54,payment,184.47
139,8,131,existence,333.59
37,14,23,debt,102.94
14,7,7,debt,56.27
48,33,15,existence,136.37
69,49,20,payment,211.15
130,70,60,payment,375.67
3,1,2,debt,20
93,19,74,payment,136.08
21,14,7,debt,79.28
120,77,43,payment,270.2
91,20,71,debt,260.65
9,8,1,existence,30.67
95,61,34,existence,178.51
108,31,77,payment,223.21
152,110,42,existence,477.15
51,51,0,payment,169.74
103,60,43,payment,202.41
157,127,30,payment,439.12
83,50,33,debt,240.6
123,15,108,debt,238.61
60,9,51,existence,114.78
107,52,55,payment,225.8
115,83,32,payment,343.5
35,13,22,debt,101.83
83,41,42,existence,244.1
30,3,27,existence,68.44
82,77,5,existence,217.02
19,15,4,payment,50.31
148,145,3,payment,435.46
41,40,1,debt,115.88
84,67,17,existence,219.43
109,109,0,debt,423.15
37,13,24,existence,77.66
40,20,20,existence,85.91
151,70,81,payment,241.91
91,89,2,existence,200.56
130,102,28,payment,390.43
144,47,97,existence,262.87
118,36,82,existence,281.08
134,74,60,debt,288.97
72,72,0,existence,217.49
87,53,34,existence,202.01
44,9,35,payment,72.49
61,51,10,existence,216.13
134,90,44,existence,403.44
85,52,33,existence,224.24
49,12,37,payment,134.74
151,125,26,debt,562.22
76,10,66,debt,197.41
42,37,5,debt,130.64
101,96,5,existence,238.01
87,76,11,payment,276.15
73,26,47,payment,220.39
131,84,47,debt,289.95
127,30,97,debt,341.54
82,67,15,debt,178.55
107,57,50,payment,305.65
77,68,9,existence,249.01
84,79,5,existence,258.65
133,132,1,payment,378.26
118,17,101,existence,169.29
108,34,74,debt,251.88
93,71,22,existence,200.33
119,66,53,payment,253.4
57,18,39,debt,151.82
36,7,29,existence,62.49
15,10,5,payment,40.08
128,11,117,existence,154.3
60,24,36,payment,101.84
15,12,3,existence,54.99
10,5,5,existence,20.82
85,21,64,existence,151.07
120,58,62,debt,301.84
115,40,75,debt,316.57
67,36,31,payment,169.25
52,16,36,debt,134.14
40,23,17,debt,104.18
152,66,86,existence,278.19
126,26,100,debt,347.05
125,115,10,existence,312.23
87,51,36,debt,282.47
110,58,52,existence,176.62
114,95,19,payment,248.7
42,11,31,debt,111.53
124,64,60,existence,262.14
57,52,5,existence,141.83
64,21,43,payment,134.88
37,6,31,debt,77.4
10,2,8,payment,33.15
25,2,23,debt,81.8
156,153,3,existence,447.02
106,83,23,debt,359.55
49,11,38,payment,99.25
151,134,17,debt,521.93
14,11,3,payment,48.73
38,12,26,existence,99.43
150,54,96,debt,393.08
140,5,135,debt,318.97
98,42,56,debt,235.68
153,97,56,existence,356.06
25,14,11,payment,71.76
22,8,14,payment,67.84
1,1,0,payment,11.31
13,6,7,existence,25.64
12,11,1,payment,45.8
72,30,42,payment,156.18
97,58,39,existence,279.05
37,29,8,payment,109.19
155,38,117,payment,324.79
156,92,64,debt,472.85
24,6,18,payment,67.52
128,55,73,existence,361.94
64,7,57,existence,145.06
103,20,83,debt,273.66
64,36,28,debt,153.58
99,81,18,existence,271.32
42,23,19,payment,113.09
13,1,12,debt,54.78
61,16,45,payment,116.94
117,73,44,existence,319.23
75,62,13,payment,175.2
126,98,28,payment,319.08
14,6,8,existence,37.76
88,47,41,debt,209.9
88,18,70,debt,253.34
31,22,9,debt,78.77
145,81,64,payment,244.38
26,16,10,existence,61.03
104,6,98,existence,134.76
95,73,22,payment,263.54
134,54,80,payment,205.34
22,3,19,payment,57.74
157,138,19,debt,567.07
85,45,40,payment,222.09
82,26,56,payment,219.08
118,14,104,existence,225.21
146,133,13,existence,442.6
68,25,43,debt,195.96
97,19,78,debt,248.65
1,1,0,debt,17.74
84,67,17,existence,258.1
110,83,27,existence,354.58
20,15,5,payment,59.52
103,6,97,payment,153.85
58,5,53,payment,99.62
109,86,23,debt,296.22
53,22,31,existence,154.56
141,75,66,existence,413.7
107,95,12,payment,293.72
31,16,15,existence,66.36
90,66,24,existence,239.13
85,80,5,payment,245.95
117,88,29,existence,372.13
87,67,20,payment,247.82
46,28,18,debt,112.47
42,19,23,payment,95.14
135,104,31,debt,411.35
143,94,49,debt,367.3
107,61,46,debt,223.6
148,71,77,existence,357.58
128,35,93,debt,222.43
55,36,19,payment,144.43
11,11,0,existence,34.18
39,1,38,existence,46.43
1,1,0,existence,3.03
152,73,79,existence,269.22
12,2,10,payment,35.86
22,6,16,existence,49.6
58,39,19,debt,203.27
118,98,20,payment,327.54
139,42,97,debt,349.79
76,62,14,existence,236.79
153,69,84,debt,271.06
19,15,4,existence,48.56
94,78,16,existence,216.11
20,12,8,existence,63.48
118,98,20,existence,310.8
98,70,28,payment,235.01
16,6,10,debt,54.55
149,46,103,existence,284.58
117,96,21,payment,422.68
4,4,0,debt,22.65
110,32,78,payment,199.48
34,8,26,payment,93.38
68,20,48,existence,145.92
134,83,51,payment,434.48
127,64,63,payment,263.44
41,22,19,debt,120.77
24,20,4,payment,63.39
39,8,31,existence,62.59
83,77,6,payment,258.68
99,1,98,debt,195.36
55,33,22,debt,197.58
125,114,11,debt,317.83
91,52,39,debt,267.92
45,25,20,debt,137.4
112,11,101,existence,265.27
91,28,63,debt,277.99
31,30,1,existence,66.09
12,8,4,debt,53.45
22,10,12,payment,73.35
18,1,17,existence,26.78
155,86,69,existence,349.35
99,34,65,payment,239.57
128,57,71,existence,210.25
1,1,0,existence,3.04
71,69,2,debt,204.99
87,79,8,debt,288.11
13,4,9,existence,18.89
69,46,23,existence,190.72
145,79,66,debt,310.09
17,1,16,debt,54.99
9,7,2,payment,36.6
24,3,21,debt,55.43
114,97,17,existence,280.57
14,11,3,existence,32.14
21,5,16,debt,68.44
15,7,8,existence,47.45
31,25,6,debt,73.76
50,28,22,existence,129.01
149,147,2,existence,537.1
56,39,17,debt,129.73
57,47,10,debt,201.08
22,22,0,payment,96.01
31,18,13,debt,102.62
62,2,60,existence,89.26
22,11,11,debt,65.59
93,38,55,existence,190.67
28,18,10,debt,110.36
42,15,27,existence,89.74
112,61,51,payment,291.27
71,18,53,existence,95.72
93,68,25,existence,249.32
43,41,2,debt,164.16
107,81,26,existence,356.54
49,14,35,payment,125.65
63,22,41,payment,152.15
13,2,11,existence,32.01
146,97,49,debt,485.58
49,21,28,existence,111.1
76,62,14,existence,270.46
24,22,2,debt,92.52
81,20,61,payment,178.41
4,1,3,existence,5.92
93,63,30,existence,185.77
7,4,3,existence,19.5
35,15,20,debt,110.54
57,16,41,payment,170.27
89,33,56,payment,166.81
4,3,1,debt,26.25
89,13,76,payment,236.99
58,8,50,payment,137.96
76,52,24,payment,224.47
44,33,11,existence,127.54
20,15,5,debt,84.26
130,43,87,existence,262.72
80,67,13,payment,264.38
127,10,117,payment,312.72
115,111,4,existence,309.25
4,3,1,existence,10.27
106,91,15,debt,362.03
81,40,41,existence,153.94
74,7,67,payment,110.61
24,1,23,payment,54.68
109,99,10,debt,379.02
19,7,12,debt,55.52
87,14,73,debt,173.43
39,23,16,debt,118.58
122,110,12,existence,370.09
146,112,34,debt,290.41
74,50,24,debt,196.26
125,74,51,existence,262.6
133,113,20,debt,484.95
6,2,4,payment,29.5
41,28,13,payment,128.08
66,40,26,payment,134.53
51,28,23,debt,137.25
109,76,33,payment,312.07
35,18,17,debt,93.05
1,1,0,debt,29.74
68,18,50,payment,164.4
156,99,57,debt,369.7
141,14,127,payment,312.26
37,5,32,payment,105.99
117,59,58,debt,327.82
74,26,48,payment,126.95
91,27,64,existence,211.8
156,141,15,payment,532.93
64,60,4,debt,146.72
64,31,33,payment,168.37
118,85,33,debt,381.04
46,7,39,existence,110.55
33,18,15,payment,96.01
122,25,97,payment,280.02
84,56,28,debt,276.09
25,17,8,payment,56.04
94,46,48,payment,189.4
120,41,79,payment,258.59
29,15,14,payment,57.53
63,57,6,payment,188.08
86,76,10,debt,238.48
109,73,36,payment,329.99
55,42,13,payment,121.53
140,113,27,payment,413.19
137,136,1,debt,403.35
154,96,58,existence,472.54
30,29,1,debt,99.06
93,16,77,existence,211.45
46,43,3,debt,160.89
54,45,9,debt,199.57
25,22,3,payment,99.18
101,76,25,debt,284.49
109,60,49,debt,218.03
7,6,1,debt,36.29
129,89,40,payment,327.81
46,43,3,debt,183.4
130,119,11,debt,351.44
119,78,41,debt,333.65
135,2,133,payment,294.48
113,2,111,payment,191.06
87,40,47,debt,226.97
54,35,19,debt,117.97
63,7,56,payment,178.54
101,94,7,debt,267.2
49,3,46,existence,64.93
50,40,10,payment,170.48
102,41,61,payment,289.33
108,74,34,existence,221.56
157,86,71,debt,422.13
29,14,15,existence,60.51
7,3,4,payment,22.41
92,65,27,payment,275.92
133,93,40,payment,274.93
46,33,13,payment,90.06
25,16,9,existence,64.2
85,10,75,debt,151.35
30,28,2,payment,74.84
7,1,6,payment,25.16
100,15,85,existence,235.49
87,44,43,debt,248.75
46,8,38,payment,107.58
6,6,0,existence,18.14
135,54,81,existence,199.4
12,2,10,debt,38.38
152,96,56,existence,495.2
69,51,18,payment,130.18
127,113,14,debt,422.32
107,24,83,payment,264.81
66,26,40,payment,121.43
51,14,37,existence,131.41
66,55,11,existence,189.06
45,35,10,debt,96.27
121,9,112,debt,170.44
82,18,64,existence,154.47
73,38,35,debt,162.37
151,135,16,existence,299.48
114,54,60,debt,212.62
5,1,4,existence,8.69
15,1,14,debt,36.48
26,3,23,existence,46.65
1,1,0,existence,3.29
44,29,15,debt,125.52
129,48,81,payment,281.81
75,34,41,payment,150.85
137,32,105,payment,293.26
155,140,15,debt,456.82
21,4,17,existence,48.52
146,85,61,debt,363.1
30,23,7,debt,107.66
10,3,7,existence,26.76
59,31,28,debt,196.08
114,74,40,existence,279.42
77,49,28,existence,172.45
103,83,20,existence,253.11
127,87,40,payment,321.82
98,1,97,existence,173.81
38,13,25,existence,104.4
102,58,44,existence,231.07
2,1,1,debt,20.67
37,21,16,existence,72.1
83,65,18,debt,236.32
5,1,4,debt,28.27
89,79,10,payment,272.04
78,17,61,payment,199.82
48,8,40,payment,116.48
18,7,11,debt,66.35
54,27,27,debt,183.58
100,49,51,payment,272.62
12,12,0,payment,37.32
21,15,6,debt,65.96
54,28,26,debt,138.6
62,47,15,payment,200.15
128,10,118,debt,291.72
111,14,97,debt,213.93
53,16,37,debt,106.18
69,25,44,debt,205.63
103,86,17,debt,398.35
3,3,0,payment,20.11
35,7,28,payment,93.8
59,3,56,debt,153.01
66,63,3,existence,221.8
64,21,43,payment,136.2
118,20,98,debt,319.67
78,63,15,debt,266.9
16,13,3,payment,61.92
42,32,10,debt,128.96
54,45,9,existence,141.07
39,2,37,payment,115.2
127,39,88,existence,221.31
59,27,32,existence,134.27
17,17,0,payment,53.88
22,15,7,debt,78
99,98,1,payment,330.71
68,30,38,payment,164.88
70,28,42,payment,206.19
37,3,34,existence,88.66
17,17,0,existence,46.04
52,49,3,debt,185.98
53,41,12,payment,196.27
122,68,54,payment,334.36
64,57,7,payment,208.98
112,77,35,existence,370.74
32,7,25,existence,59.17
24,24,0,payment,59.78
141,48,93,payment,248.77
32,1,31,debt,108.51
41,41,0,payment,96.36
105,15,90,payment,250.9
151,68,83,payment,382.25
136,87,49,payment,372.94
59,52,7,payment,167.62
102,53,49,debt,242.67
60,32,28,debt,127.62
147,140,7,debt,463.16
112,48,64,debt,234.89
114,21,93,debt,309.68
65,5,60,debt,115.45
113,104,9,existence,233.52
63,9,54,existence,137.6
145,44,101,debt,373.04
58,49,9,debt,178.4
69,6,63,debt,198.62
88,87,1,payment,231.27
123,114,9,payment,325.6
108,2,106,existence,226.4
62,46,16,debt,234.49
139,116,23,existence,324.98
112,78,34,debt,243.69
27,24,3,debt,101.15
107,69,38,debt,221.11
143,127,16,debt,475.32
147,127,20,debt,292.9
29,25,4,debt,96.82
108,89,19,existence,230.07
147,64,83,payment,361.91
101,90,11,existence,258.38
6,4,2,payment,24.06
44,30,14,debt,137.14
5,5,0,existence,12.1
126,60,66,existence,299.27
81,12,69,existence,161.2
120,55,65,payment,389.47
62,45,17,existence,135.59
69,53,16,existence,159.15
106,20,86,debt,304.32
40,15,25,existence,119
127,70,57,existence,300.72
112,76,36,payment,361.42
71,22,49,debt,128.14
118,107,11,debt,429.28
135,19,116,existence,184.8
10,6,4,payment,48.4
12,10,2,payment,51.39
27,17,10,debt,62.89
66,30,36,payment,139.75
9,5,4,existence,22.73
133,36,97,existence,306.94
11,6,5,debt,47.27
109,22,87,existence,266.09
103,95,8,existence,308.45
20,3,17,existence,36.84
11,11,0,existence,37.62
50,19,31,existence,128.98
111,84,27,debt,332.91
67,57,10,payment,135.18
20,7,13,existence,35.42
27,13,14,payment,75.76
157,82,75,existence,375.12
56,29,27,debt,104.69
73,63,10,debt,205.36
48,23,25,debt,137.09
71,36,35,debt,206.96
87,84,3,payment,291.39
75,34,41,existence,189.17
70,58,12,debt,163.93
83,24,59,debt,146.01
20,11,9,payment,72.81
30,29,1,payment,105.89
80,58,22,existence,269.76
137,33,104,debt,251.73
75,75,0,payment,268.29
21,3,18,payment,58.09
50,11,39,debt,93.34
151,145,6,payment,434.33
52,36,16,payment,166.52
115,13,102,existence,236.38
101,43,58,existence,241.03
31,3,28,existence,59.65
12,10,2,payment,51.95
41,7,34,existence,99.38
68,56,12,debt,211.01
39,37,2,payment,142.49
144,9,135,debt,361.25
74,38,36,debt,178.08
88,36,52,existence,208.46
45,35,10,debt,161.38
35,17,18,payment,79.57
8,8,0,existence,19.52
71,25,46,debt,132.39
115,44,71,debt,344.39
118,48,70,debt,278
36,34,2,existence,109.68
124,122,2,debt,406.05
89,80,9,debt,222.96
122,31,91,payment,222.45
128,5,123,debt,319.05
12,4,8,debt,38.56
30,13,17,existence,50.08
69,49,20,debt,200.02
37,37,0,existence,113.81
155,43,112,debt,438.79
76,28,48,payment,201.78
65,23,42,existence,129.82
61,8,53,existence,118.72
115,97,18,debt,357.8
30,20,10,debt,95.69
47,19,28,debt,135.03
23,17,6,payment,82.89
29,19,10,debt,99.56
150,42,108,payment,266.6
112,89,23,payment,240.86
82,49,33,existence,194.5
120,77,43,payment,295.74
135,23,112,debt,253.03
49,10,39,payment,104.98
117,112,5,debt,409.97
43,32,11,existence,125.9
25,16,9,payment,98.09
3,1,2,debt,27.14
53,12,41,debt,175.48
103,93,10,payment,266.96
7,6,1,payment,37.38
51,5,46,existence,123.28
78,51,27,payment,240.13
135,4,131,debt,349.25
4,1,3,existence,5.67
75,20,55,debt,132.37
103,65,38,existence,201.35
4,2,2,payment,20.1
23,16,7,existence,64.16
154,80,74,debt,446.52
146,28,118,payment,347.93
93,86,7,existence,255.47
154,52,102,existence,233.2
67,56,11,debt,192.55
22,17,5,debt,74.22
31,16,15,existence,68.31
41,8,33,existence,75.64
106,8,98,debt,195.13
2,1,1,debt,18.81
154,140,14,payment,403.35
55,18,37,existence,91.85
130,66,64,payment,398.91
132,115,17,payment,420.4
92,62,30,debt,214.68
40,11,29,debt,113.31
63,32,31,debt,159.67
77,50,27,existence,153.51
111,66,45,debt,319.71
117,109,8,existence,379.55
116,36,80,debt,240.23
9,1,8,existence,13.13
23,16,7,existence,64.76
31,6,25,existence,48.05
86,45,41,debt,181.93
82,20,62,payment,176.69
85,67,18,existence,239.22
109,39,70,payment,204.11
70,7,63,existence,86.5
140,35,105,payment,338.03
72,40,32,payment,170.24
24,22,2,existence,71.42
55,48,7,existence,184.1
156,37,119,payment,392.21
45,16,29,debt,110.19
13,5,8,payment,34.59
154,31,123,payment,322.03
25,23,2,payment,95.69
79,77,2,debt,256.05
147,121,26,payment,416.25
117,8,109,existence,242.73
17,10,7,payment,64.09
55,48,7,existence,177.35
7,3,4,payment,20.07
117,103,14,payment,331.14
2,2,0,payment,12.47
100,50,50,payment,296.47
96,39,57,payment,167.55
138,36,102,debt,230.42
23,23,0,existence,68.26
87,76,11,debt,218.22
84,66,18,existence,207.47
118,9,109,debt,197.53
104,104,0,debt,331.32
64,62,2,payment,164.28
125,6,119,existence,153
43,8,35,payment,82.95
3,3,0,payment,19.44
130,101,29,debt,295.99
72,54,18,existence,146.97
90,21,69,payment,146.26
152,115,37,payment,312.74
136,93,43,existence,434.22
127,5,122,debt,204
58,18,40,payment,98.96
36,21,15,debt,113.71
113,112,1,debt,404.76
25,21,4,debt,106.84
119,60,59,existence,214.4
81,25,56,existence,212.13
109,94,15,existence,333.84
134,118,16,payment,454.51
97,79,18,existence,268.1
70,41,29,debt,145.43
112,93,19,payment,348.91
132,41,91,payment,356.31
37,26,11,existence,66.25
150,123,27,payment,504.39
40,11,29,debt,133.13
78,22,56,existence,128.47
78,2,76,payment,207.29
97,48,49,existence,238.6
34,9,25,existence,54.26
64,34,30,debt,216.39
73,24,49,debt,147.71
35,30,5,debt,106.51
127,58,69,debt,232.5
93,28,65,payment,215.6
50,38,12,existence,145
71,42,29,debt,231.65
21,7,14,existence,58.4
141,20,121,existence,187.88
45,32,13,existence,132.9
92,54,38,existence,193.96
2,2,0,existence,4.52
38,28,10,payment,106.79
95,81,14,debt,317.78
138,130,8,existence,512.32
1,1,0,existence,2.53
36,29,7,debt,92.2
73,23,50,debt,180.21
87,29,58,debt,177.94
134,8,126,existence,335.92
89,80,9,debt,236.45
67,52,15,payment,163.83
37,11,26,payment,123.51
23,19,4,payment,80.19
91,41,50,debt,248.24
54,54,0,payment,151.32
8,2,6,existence,16.13
30,19,11,debt,110.21
3,3,0,debt,23.85
138,44,94,existence,321.8
58,4,54,payment,111.41
4,2,2,payment,26.67
145,52,93,existence,285.53
156,106,50,existence,496.57
73,54,19,debt,233.35
17,6,11,debt,50.98
155,14,141,payment,381.06
39,19,20,existence,95.4
126,60,66,payment,253.47
145,23,122,payment,224.77
75,30,45,debt,220.73
72,58,14,payment,240.31
35,15,20,debt,83.94
110,106,4,existence,278.51
143,6,137,debt,220.26
156,147,9,debt,334.21
105,20,85,payment,157.51
29,1,28,payment,49.19
60,3,57,existence,114.78
130,62,68,payment,361.45
48,26,22,payment,136.43
81,40,41,existence,152.54
55,47,8,debt,204.88
55,16,39,debt,110.39
82,71,11,debt,198.48
71,66,5,debt,203.92
40,32,8,existence,126.85
55,16,39,debt,105.13
114,76,38,payment,297.96
79,25,54,payment,184.55
78,27,51,existence,158.88
30,16,14,debt,84.23
140,131,9,payment,370.16
139,2,137,payment,331.92
103,38,65,payment,306.12
38,29,9,existence,125.42
25,23,2,existence,90.43
26,25,1,payment,87.4
76,70,6,payment,236.35
38,5,33,payment,113.41
78,53,25,existence,165.42
133,91,42,debt,303.08
45,22,23,debt,83
62,8,54,debt,173.96
99,1,98,existence,240.7
20,10,10,existence,58.4
75,70,5,payment,202.14
123,6,117,existence,200.21
23,3,20,payment,47.97
54,33,21,payment,114.42
21,9,12,existence,37.22
69,35,34,payment,180.79
128,11,117,debt,246.33
56,18,38,debt,131.86
30,23,7,payment,109.94
77,10,67,payment,185.61
55,5,50,payment,154.46
57,53,4,debt,215.15
43,6,37,payment,114.4
18,15,3,debt,50.07
157,12,145,debt,331.8
1,1,0,existence,1.98
92,21,71,payment,197.29
157,39,118,debt,266.23
106,91,15,debt,329.74
97,70,27,debt,294.28
30,29,1,debt,75.66
144,33,111,debt,352.2
45,26,19,payment,113.62
46,17,29,payment,124.35
144,12,132,debt,344.76
53,51,2,existence,138.92
17,10,7,debt,54.49
42,17,25,payment,104.52
32,13,19,debt,104.55
110,9,101,debt,253.17
71,14,57,existence,133.56
139,114,25,payment,322.7
78,14,64,payment,173.67
151,149,2,payment,377.19
154,4,150,debt,360.77
17,15,2,debt,59.56
134,29,105,debt,211.24
147,52,95,debt,372.65
68,13,55,existence,127.55
90,34,56,debt,247.91
7,1,6,payment,27.43
128,49,79,existence,272.15
96,87,9,payment,263.51
135,89,46,existence,323.08
137,15,122,existence,191.47
109,15,94,debt,185.91
79,11,68,payment,201.91
48,40,8,payment,137.81
29,16,13,existence,77.11
137,50,87,existence,244.74
69,25,44,payment,117.04
22,22,0,payment,86.3
70,60,10,existence,172.48
80,15,65,payment,189.38
89,49,40,existence,215.33
23,12,11,payment,83.47
58,8,50,existence,147.63
68,32,36,existence,172.1
124,106,18,debt,297.49
62,62,0,payment,203.32
105,23,82,debt,291.03
98,51,47,debt,306.81
76,27,49,existence,117.44
26,16,10,payment,71.13
44,40,4,debt,132.69
27,20,7,debt,103.22
146,99,47,payment,407.26
130,83,47,payment,356.53
53,6,47,debt,133.74
37,22,15,existence,107.27
107,5,102,payment,232.66
24,4,20,existence,32.06
68,33,35,existence,196.18
71,26,45,debt,151.83
127,77,50,payment,334.13
97,64,33,existence,262.94
57,9,48,existence,85.34
38,17,21,payment,81.43
148,12,136,existence,211.63
29,16,13,existence,81.37
92,14,78,debt,147.26
62,18,44,existence,101.69
93,5,88,existence,192.35
68,15,53,debt,115.98
66,25,41,debt,184.9
79,74,5,debt,188.75
22,1,21,debt,63.58
22,3,19,existence,43.43
18,14,4,debt,73.55
48,6,42,payment,109.21
69,40,29,existence,180.36
25,24,1,payment,76.27
12,12,0,payment,45.15
60,39,21,debt,142.34
120,113,7,debt,334.58
125,112,13,existence,322.78
102,43,59,existence,283.97
48,41,7,debt,144.45
69,43,26,payment,151.15
55,20,35,payment,116.19
59,30,29,existence,167.76
131,85,46,payment,357.77
121,47,74,payment,343.91
105,84,21,payment,287.61
55,53,2,existence,199.45
33,8,25,payment,53.18
60,49,11,existence,152.7
138,32,106,payment,208.44
153,134,19,existence,436.39
1,1,0,payment,18.38
81,81,0,existence,243.6
5,3,2,existence,9.81
124,77,47,debt,292.3
135,73,62,debt,265.52
31,8,23,payment,82.4
59,2,57,debt,117.32
62,49,13,payment,166.67
65,35,30,debt,165.7
150,125,25,debt,416.02
157,23,134,payment,421.52
157,53,104,debt,291.22
144,22,122,existence,279.37
146,118,28,payment,412.13
22,8,14,existence,60.05
93,74,19,payment,219.24
111,53,58,existence,328.91
98,40,58,debt,265.77
128,64,64,payment,279.62
62,28,34,debt,144.4
91,89,2,existence,313.69
39,33,6,debt,137.9
139,14,125,payment,242.37
25,19,6,existence,50
69,40,29,existence,129.07
22,14,8,existence,55.04
75,18,57,existence,135.3
110,45,65,debt,224.91
146,16,130,existence,307.91
96,21,75,debt,175.27
13,4,9,debt,49.09
74,54,20,debt,219.47
14,8,6,debt,60.58
103,2,101,existence,214.11
144,87,57,payment,409.46
24,19,5,payment,63.58
85,58,27,payment,162.19
82,5,77,payment,191.98
55,53,2,payment,135.13
145,7,138,payment,218.11
102,20,82,payment,180.84
140,21,119,existence,373.38
63,36,27,existence,156.59
69,3,66,payment,124.39
104,11,93,existence,230.02
21,5,16,existence,37.91
98,26,72,existence,171.24
115,39,76,payment,250.35
128,86,42,existence,283.83
5,1,4,existence,7.48
37,8,29,payment,68.8
103,38,65,payment,219.34
151,133,18,existence,327.91
45,30,15,debt,120.18
61,34,27,existence,150.06
111,2,109,existence,245.54
11,9,2,debt,60.11
76,9,67,debt,133.25
149,21,128,debt,314.71
31,22,9,payment,108.82
62,32,30,payment,181.62
52,49,3,debt,154.73
25,7,18,debt,78.74
68,37,31,debt,169.96
142,125,17,debt,454.95
136,50,86,existence,317.39
98,41,57,debt,235.03
99,1,98,existence,125.06
64,45,19,payment,151.57
98,98,0,debt,273.52
91,15,76,debt,171
4,2,2,payment,17.38
50,50,0,debt,176.88
58,7,51,debt,137.09
28,28,0,debt,121.62
2,2,0,existence,6.33
31,4,27,existence,56.99
155,58,97,debt,440.44
17,1,16,payment,43.86
20,10,10,existence,59.57
104,28,76,debt,195.98
127,2,125,existence,192.24
43,29,14,existence,120.59
90,60,30,payment,221.94
69,45,24,existence,165.96
125,2,123,payment,183.68
81,23,58,debt,220.71
112,27,85,debt,298.1
63,38,25,existence,157.31
1,1,0,debt,17.96
1,1,0,existence,3.24
64,7,57,existence,160.87
125,95,30,existence,259.58
88,19,69,existence,138.43
43,18,25,debt,129.25
127,5,122,payment,313.19
65,44,21,existence,194.47
114,25,89,existence,255.47
130,124,6,payment,436.73
111,83,28,debt,245.65
107,60,47,existence,242.29
148,133,15,existence,417.42
127,113,14,payment,351.62
62,2,60,debt,130.03
90,28,62,existence,252.01
71,43,28,payment,200.35
8,7,1,debt,35.5
51,33,18,existence,167.36
19,3,16,payment,44.62
132,93,39,payment,281.12
136,39,97,existence,283.51
112,13,99,payment,305.77
74,35,39,payment,225.79
58,37,21,existence,154.19
90,51,39,payment,250.13
17,17,0,existence,50.17
68,34,34,debt,187.29
69,45,24,debt,181.22
64,19,45,payment,156.57
19,17,2,existence,61.79
66,2,64,payment,159.76
2,2,0,existence,4.68
59,55,4,payment,154.62
140,136,4,existence,480.37
111,102,9,payment,345.3
141,71,70,debt,270.83
28,26,2,existence,101.68
81,66,15,payment,297.12
127,78,49,payment,299.87
104,50,54,existence,318.16
132,121,11,existence,453.26
21,19,2,existence,50.83
139,87,52,debt,321.9
83,2,81,existence,199.34
30,11,19,payment,98.71
1,1,0,debt,13.7
1,1,0,payment,14.14
37,7,30,payment,75.54
113,85,28,payment,285.37
152,65,87,debt,427.29
107,54,53,payment,280.74
76,59,17,debt,261.88
39,30,9,debt,109.61
130,10,120,payment,239.58
60,46,14,payment,161.93
10,9,1,payment,39.61
98,17,81,payment,228.95
9,8,1,debt,37.37
131,60,71,debt,306.19
22,13,9,payment,68.11
3,3,0,payment,18.95
140,52,88,existence,314.96
132,69,63,payment,312.69
116,64,52,debt,271.41
125,64,61,debt,238.64
87,39,48,existence,201.96
100,46,54,debt,261.06
69,39,30,debt,225.39
19,15,4,payment,64.68
44,6,38,existence,97.96
154,139,15,existence,467.26
6,2,4,payment,29.81
20,10,10,debt,65.03
124,57,67,payment,388.35
143,47,96,existence,297
148,100,48,payment,334.84
2,2,0,payment,14.79
6,4,2,payment,22.67
125,37,88,existence,224.45
130,58,72,existence,220.71
31,12,19,existence,56.11
27,23,4,payment,87.54
65,43,22,debt,154.82
60,46,14,debt,203.2
96,95,1,debt,229.6
149,21,128,existence,367.28
56,24,32,debt,149.24
144,30,114,payment,205.51
42,40,2,debt,93.48
25,15,10,debt,68.69
65,50,15,debt,162.06
2,1,1,payment,18.48
155,141,14,existence,469.01
81,45,36,existence,234.56
98,43,55,payment,159.55
38,1,37,existence,94.14
103,81,22,debt,350.2
85,35,50,debt,216.52
31,6,25,payment,83.35
21,18,3,payment,73
90,33,57,existence,185.48
65,23,42,debt,188.16
72,37,35,payment,131.14
134,134,0,payment,422.18
36,13,23,debt,80.93
77,72,5,debt,279.2
141,120,21,payment,343.08
21,9,12,payment,50.7
36,32,4,existence,77.89
55,21,34,existence,118.34
152,138,14,payment,433.05
27,9,18,payment,84.5
107,81,26,existence,305.48
139,88,51,payment,425.15
61,5,56,payment,146.03
143,13,130,payment,328.36
129,7,122,payment,217.9
153,136,17,existence,408.65
132,86,46,payment,326.36
125,3,122,existence,178.38
96,19,77,payment,248.35
59,28,31,payment,168.8
58,10,48,payment,130.97
110,4,106,existence,130.29
79,16,63,existence,180.75
14,2,12,debt,52.64
95,9,86,payment,189.13
139,97,42,payment,444.21
71,25,46,debt,210.62
44,31,13,debt,126.07
60,20,40,debt,159.96
140,42,98,debt,260.62
1,1,0,payment,19.49
32,23,9,payment,81.64
133,12,121,payment,187.6
140,98,42,debt,378.7
98,22,76,debt,302.58
98,43,55,payment,293.1
13,1,12,payment,27.28
127,22,105,existence,217.97
96,55,41,debt,304.7
154,101,53,existence,475.05
144,120,24,payment,346.71
116,50,66,debt,309.97
4,2,2,debt,20.68
15,10,5,existence,35.68
61,26,35,payment,139.53
49,13,36,existence,128.54
109,18,91,payment,275.64
88,47,41,existence,194.94
143,99,44,debt,449.06
56,46,10,debt,204.46
29,12,17,existence,53.43
151,30,121,debt,352.22
70,39,31,payment,178.72
150,8,142,existence,203.18
18,10,8,payment,66.11
48,39,9,existence,144.79
107,49,58,payment,195.41
144,97,47,payment,417.12
149,78,71,existence,438.6
25,3,22,existence,31.99
11,1,10,existence,23.73
44,43,1,existence,134.28
28,21,7,payment,95.53
114,88,26,existence,358.76
60,35,25,existence,155.75
118,93,25,existence,282.59
44,13,31,debt,130
104,54,50,payment,197.84
45,2,43,debt,81.39
138,117,21,payment,438.97
66,11,55,debt,132.5
134,109,25,payment,355.89
127,41,86,existence,343.42
63,9,54,existence,146.97
107,14,93,debt,242.18
68,19,49,existence,187.41
100,21,79,payment,204.04
17,4,13,existence,42.2
69,49,20,existence,171.71
87,10,77,debt,188.23
133,93,40,payment,263.24
65,37,28,existence,181.73
115,88,27,existence,327.26
99,73,26,payment,271.53
16,2,14,debt,60.21
138,52,86,debt,421.88
83,44,39,existence,207.14
113,20,93,payment,174.2
132,129,3,existence,392.71
66,5,61,payment,107
119,14,105,debt,171.87
152,101,51,payment,467.88
143,1,142,debt,308.54
132,24,108,payment,300.95
70,3,67,payment,156.2
103,48,55,debt,248.32
40,1,39,debt,66.68
39,2,37,existence,87.09
67,59,8,payment,220.98
88,66,22,debt,166.59
46,6,40,debt,128.69
42,20,22,payment,118.3
13,7,6,payment,48.35
142,49,93,payment,359.63
66,6,60,debt,120.92
118,116,2,existence,352.09
119,47,72,debt,237.9
115,113,2,existence,296.07
155,134,21,payment,517.94
30,6,24,debt,81.24
137,134,3,payment,441.97
48,15,33,debt,142.61
30,24,6,existence,76.44
80,74,6,payment,239.15
83,14,69,existence,133.89
46,8,38,payment,112.34
131,37,94,existence,318.11
11,6,5,debt,51.35
22,4,18,debt,83.68
26,26,0,payment,95.48
155,115,40,debt,467.24
3,2,1,existence,8.92
56,18,38,debt,117.54
15,9,6,payment,54.41
69,25,44,payment,127.67
23,17,6,debt,61.38
96,3,93,debt,246.95
74,9,65,debt,205.87
16,8,8,debt,63.7
85,63,22,existence,248.85
61,13,48,existence,149.19
133,105,28,payment,269.5
66,4,62,debt,119.3
21,8,13,debt,80.18
21,10,11,existence,36.66
66,14,52,existence,140.07
149,134,15,debt,519.77
104,81,23,debt,306.8
125,116,9,payment,271.64
49,40,9,debt,158.41
61,56,5,debt,207.32
152,58,94,existence,339.59
98,3,95,debt,208.27
99,14,85,payment,209.33
80,35,45,debt,176.74
23,7,16,existence,53.01
14,14,0,payment,67.98
53,23,30,debt,135.66
15,2,13,existence,33.23
99,85,14,existence,232.24
63,40,23,existence,162.21
100,86,14,existence,195.24
8,2,6,debt,30.25
114,95,19,existence,283.65
157,44,113,existence,243.95
130,69,61,payment,229.98
150,27,123,existence,264.64
132,63,69,debt,337.68
127,12,115,payment,187.28
22,17,5,existence,41.76
99,10,89,existence,255.04
115,35,80,existence,301.13
144,107,37,debt,428.05
61,54,7,existence,158.33
22,2,20,existence,51.87
113,88,25,payment,352.59
12,11,1,payment,49.22
6,6,0,existence,13.14
36,1,35,payment,93.66
31,3,28,existence,40.5
139,8,131,debt,313.96
147,119,28,debt,341.11
36,35,1,existence,117.11
140,105,35,existence,455.16
47,31,16,debt,159.55
105,35,70,payment,206.26
124,45,79,existence,305.17
129,86,43,payment,410.43
153,52,101,existence,325.45
80,22,58,debt,236.01
30,9,21,payment,70.47
57,44,13,debt,119.14
136,123,13,debt,407.76
115,48,67,payment,212.57
16,8,8,existence,28.6
149,147,2,debt,484.44
40,5,35,payment,112.64
126,52,74,existence,254.03
13,8,5,payment,43.63
90,34,56,debt,207.12
120,112,8,debt,404.61
135,27,108,existence,335.55
103,88,15,existence,246.58
63,50,13,payment,162.32
50,40,10,debt,177.61
9,3,6,existence,18.53
68,20,48,debt,162.4
52,22,30,existence,135.79
126,82,44,existence,352.37
47,40,7,debt,163.13
152,31,121,payment,308.42
110,97,13,debt,410.38
96,10,86,existence,183.68
105,13,92,debt,206.77
85,82,3,debt,340.47
136,24,112,debt,307.29
28,18,10,payment,90.45
62,53,9,debt,203.17
90,15,75,existence,139.53
39,19,20,debt,91.17
17,9,8,payment,48.85
64,64,0,payment,217.38
34,25,9,existence,103.61
9,7,2,existence,22.01
133,79,54,payment,346.55
139,126,13,existence,422.43
41,28,13,debt,130.98
21,9,12,existence,40.01
25,14,11,payment,82.86
113,36,77,existence,282.16
89,2,87,payment,131.3
87,84,3,debt,246.69
117,104,13,debt,336.54
116,65,51,debt,274.79
50,42,8,debt,181.23
130,113,17,existence,245.22
92,68,24,debt,296.4
127,70,57,existence,325.99
79,63,16,existence,214.75
140,62,78,existence,300.1
69,18,51,payment,144.6
98,55,43,debt,193.68
114,44,70,payment,259.55
94,55,39,payment,252.22
52,49,3,debt,133.93
137,24,113,existence,372.66
77,47,30,debt,236
111,111,0,debt,267.3
143,48,95,payment,333.97
8,1,7,existence,18.84
19,14,5,debt,59.17
58,32,26,payment,105.05
126,10,116,existence,197.38
137,71,66,debt,242.67
111,79,32,existence,347.9
71,30,41,debt,149.67
151,105,46,existence,416.27
3,1,2,debt,17.77
121,41,80,payment,212.12
130,15,115,debt,235.25
126,31,95,existence,199
26,5,21,payment,50.65
110,8,102,debt,168.3
72,40,32,payment,229.01
92,82,10,debt,262.05
103,78,25,debt,268.85
130,89,41,debt,311.84
23,10,13,existence,57.01
21,20,1,payment,60.81
64,37,27,payment,159.78
118,102,16,existence,367.06
55,31,24,payment,116.94
89,14,75,existence,197.27
79,39,40,debt,193.3
84,53,31,existence,206.08
19,8,11,existence,52.89
105,94,11,payment,299.19
144,140,4,debt,326.7
30,22,8,payment,72.59
94,75,19,payment,240.34
32,32,0,debt,105.3
46,14,32,debt,89.72
22,17,5,payment,79.04
11,8,3,debt,56.49
98,42,56,debt,276.54
69,67,2,existence,213.71
40,38,2,existence,105.35
39,14,25,payment,88.19
9,4,5,payment,34.3
47,11,36,payment,105.07
72,31,41,existence,131.49
109,40,69,debt,220.4
72,20,52,debt,187.99
84,3,81,payment,142.62
42,32,10,existence,113.06
92,43,49,existence,262.59
35,16,19,payment,117.34
139,132,7,existence,350.48
30,25,5,debt,107.89
109,63,46,debt,209.03
59,48,11,debt,166.56
14,2,12,payment,47.49
41,20,21,payment,118.96
4,3,1,payment,24.36
28,10,18,debt,79.12
90,7,83,payment,204.91
60,12,48,debt,99.45
89,21,68,payment,209.65
145,122,23,debt,464.35
96,52,44,debt,343.07
118,52,66,existence,268.08
132,65,67,payment,299.45
108,21,87,payment,232.84
57,8,49,payment,119.63
157,39,118,existence,312.36
19,15,4,existence,48.73
60,47,13,existence,163.9
15,12,3,debt,61.32
102,54,48,existence,297.01
150,89,61,existence,499.22
24,23,1,existence,62.21
41,24,17,debt,104.07
106,21,85,debt,298.16
35,2,33,payment,66.36
140,114,26,existence,354.69
122,119,3,debt,489.83
85,52,33,existence,227.56
144,33,111,payment,279.34
119,63,56,debt,292.86
50,19,31,debt,120.72
90,46,44,existence,226.26
102,1,101,existence,182.32
33,18,15,payment,81.19
122,13,109,debt,307.54
106,13,93,existence,262.38
12,6,6,payment,42.94
62,7,55,debt,171.71
145,3,142,payment,282.62
75,30,45,existence,218.18
78,22,56,payment,201.31
93,92,1,existence,263.25
147,46,101,existence,286.45
106,13,93,payment,280.95
132,112,20,debt,459.05
142,134,8,payment,475.82
10,9,1,payment,37.37
71,27,44,payment,212.42
120,85,35,payment,378.32
70,10,60,debt,140.09
65,49,16,payment,193.94
31,16,15,debt,100.41
129,77,52,debt,383.05
148,82,66,payment,451.42
31,30,1,debt,115.53
22,15,7,debt,65.11
58,33,25,debt,178.05
72,39,33,existence,139.16
88,15,73,payment,137.79
27,10,17,payment,76.54
141,67,74,debt,402.23
75,14,61,payment,176.41
131,128,3,existence,292.39
78,15,63,debt,137.53
87,80,7,debt,240.25
116,11,105,payment,165.67
49,20,29,payment,137.95
152,87,65,payment,472.16
42,31,11,existence,119.62
14,3,11,existence,23.5
49,37,12,debt,169.23
126,109,17,existence,276.85
53,47,6,payment,144.15
75,44,31,payment,174.43
74,4,70,existence,155.32
35,31,4,existence,72.18
76,72,4,existence,173.7
31,26,5,existence,91.31
150,57,93,payment,450.9
5,3,2,debt,19.66
42,10,32,debt,108.09
20,20,0,payment,61.96
40,29,11,debt,154.25
78,71,7,payment,271.66
39,13,26,debt,85.22
27,9,18,payment,97.64
141,22,119,payment,374.57
147,89,58,debt,286.76
68,52,16,payment,189.02
111,46,65,existence,226.73
35,30,5,existence,109.27
93,20,73,payment,217.12
102,4,98,payment,218.41
118,85,33,debt,333.27
44,14,30,existence,107.22
19,3,16,debt,34.11
134,41,93,payment,372.16
63,8,55,debt,148.3
136,82,54,debt,417.13
102,83,19,existence,242.26
51,16,35,debt,104.69
13,12,1,payment,57.28
128,104,24,existence,270.61
155,72,83,payment,314.56
154,12,142,payment,389
15,7,8,existence,32.71
17,6,11,existence,28.48
55,25,30,debt,163.24
62,62,0,existence,157.97
124,123,1,debt,365.5
132,92,40,payment,411.87
21,14,7,existence,62.93
35,11,24,existence,62.34
7,1,6,payment,20.65
66,5,61,existence,110.09
57,38,19,payment,169.46
114,56,58,existence,222.41
78,37,41,debt,170.57
74,58,16,debt,250.37
35,25,10,existence,110.78
130,8,122,debt,207
147,82,65,existence,272
149,96,53,debt,488.43
142,131,11,debt,423.28
45,8,37,existence,84.37
112,6,106,debt,281.16
47,34,13,payment,135.65
146,78,68,existence,423
46,37,9,debt,101.23
34,21,13,debt,123.83
73,63,10,existence,139.72
16,8,8,debt,37.28
90,4,86,debt,232.79
61,42,19,existence,125.19
11,8,3,existence,32.08
130,77,53,debt,284.7
3,3,0,debt,27.92
123,70,53,payment,262.73
83,32,51,debt,211.33
116,60,56,existence,226.06
143,86,57,debt,459.33
110,51,59,payment,224.59
55,24,31,payment,139
75,55,20,payment,211.54
75,12,63,payment,137.89
144,89,55,debt,323
27,16,11,existence,66.45
27,7,20,existence,45.5
87,20,67,existence,211.91
4,4,0,existence,14.32
32,25,7,debt,109.14
106,24,82,payment,291.34
1,1,0,debt,32.4
86,46,40,debt,230.5
26,24,2,existence,76.46
94,66,28,existence,183.18
13,13,0,existence,45.08
13,4,9,debt,41.97
11,9,2,existence,31.34
44,13,31,debt,141.07
138,114,24,debt,398.94
61,41,20,existence,158.64
47,28,19,payment,112.09
53,1,52,existence,87.66
6,3,3,debt,41.44
33,9,24,existence,57.15
56,50,6,existence,183.55
88,18,70,existence,184.55
9,1,8,existence,12.65
38,27,11,existence,108.95
49,24,25,existence,110.48
69,23,46,existence,99.96
26,21,5,debt,75.8
91,2,89,debt,133.12
110,82,28,debt,324.37
146,90,56,debt,399.82
76,59,17,debt,249.1
131,39,92,existence,271.17
139,111,28,existence,297.82
117,69,48,debt,325.63
113,91,22,existence,319.9
143,142,1,existence,405.93
22,12,10,debt,89.08
50,29,21,existence,165.32
9,8,1,existence,22.09
101,19,82,existence,220.34
156,135,21,debt,494.51
129,56,73,payment,326.59
118,21,97,payment,229.06
21,20,1,existence,64.83
32,26,6,payment,112.8
98,42,56,debt,294.67
142,56,86,existence,339.1
93,45,48,existence,179.62
61,46,15,debt,157.6
151,15,136,existence,288.24
43,39,4,debt,164.43
46,39,7,existence,118.74
118,26,92,existence,183.4
31,12,19,debt,79.98
97,82,15,debt,253.23
140,52,88,payment,387.54
45,14,31,payment,118.46
72,53,19,existence,129.98
121,63,58,existence,287.15
64,35,29,debt,190.57
72,12,60,debt,212.42
95,36,59,debt,268.46
122,99,23,debt,320.06
76,62,14,existence,143.29
157,2,155,payment,373.78
3,2,1,debt,23.75
131,71,60,payment,328.79
125,54,71,debt,351.2
126,29,97,payment,289.69
7,1,6,debt,43.43
52,44,8,existence,124.69
69,4,65,existence,87.31
94,64,30,debt,283.73
58,54,4,existence,169.3
76,20,56,debt,227.37
66,30,36,existence,193.67
27,26,1,debt,100.93
141,98,43,existence,373.7
114,69,45,existence,204.78
155,87,68,debt,394.1
90,45,45,existence,155.28
55,41,14,debt,142.72
43,37,6,existence,155.45
101,90,11,payment,281.84
69,26,43,debt,179.74
125,48,77,payment,336.63
83,16,67,debt,239.28
79,50,29,debt,179.04
65,29,36,existence,154.5
153,78,75,existence,374.14
5,4,1,payment,29.57
126,125,1,existence,337.61
107,67,40,debt,274.03
19,11,8,existence,43.36
83,17,66,debt,143.2
76,5,71,payment,167.52
4,2,2,existence,6.98
128,6,122,debt,328.08
16,9,7,debt,58.69
64,11,53,existence,112.43
76,64,12,existence,164.81
51,43,8,existence,116.78
72,21,51,debt,203.17
4,1,3,payment,23.35
108,2,106,debt,159.15
132,130,2,existence,358.88
149,69,80,payment,435.31
142,70,72,debt,375.78
115,84,31,debt,291.45
13,9,4,payment,41.62
85,59,26,payment,309.63
103,90,13,existence,250.3
45,7,38,existence,81.48
105,13,92,existence,205.01
115,44,71,debt,335
96,78,18,debt,349.11
110,74,36,existence,328.35
52,46,6,existence,134.58
57,7,50,existence,138.19
63,9,54,existence,133.18
94,90,4,payment,253.38
16,2,14,existence,22.39
97,19,78,payment,172.3
3,1,2,payment,15.24
145,11,134,payment,380.04
64,54,10,debt,237.23
84,82,2,payment,244.67
38,37,1,debt,161.93
122,93,29,debt,374.5
135,66,69,existence,393.01
48,43,5,debt,145.42
97,84,13,existence,302.55
32,23,9,existence,74.09
73,47,26,payment,174.06
83,62,21,debt,224.29
91,6,85,existence,175.51
44,36,8,existence,146.24
88,31,57,payment,145.38
50,4,46,existence,73.61
112,33,79,existence,271.5
125,100,25,payment,300.19
87,38,49,debt,163.95
117,29,88,payment,191.32
43,2,41,debt,118.87
102,71,31,payment,236.86
19,5,14,payment,61.98
16,15,1,existence,58.2
120,13,107,debt,284.7
142,128,14,existence,475.26
120,118,2,payment,395.79
12,2,10,existence,30.26
74,7,67,payment,195.75
83,38,45,debt,209.96
145,31,114,debt,372.78
134,73,61,payment,283.95
70,65,5,debt,238.63
73,2,71,debt,98.43
152,65,87,debt,388.15
75,44,31,debt,169.88
76,20,56,existence,119.12
124,88,36,existence,311.43
44,11,33,payment,124.12
27,11,16,debt,82.7
76,32,44,debt,171.84
83,38,45,existence,231.46
22,14,8,payment,74.64
149,87,62,existence,468.65
146,123,23,debt,335.69
79,72,7,existence,225.41
49,14,35,existence,84.16
45,4,41,debt,94.22
36,11,25,payment,108.45
88,59,29,existence,233.94
51,14,37,debt,127.79
110,18,92,debt,201
132,114,18,existence,421.93
144,127,17,existence,335.19
74,10,64,existence,184.95
12,2,10,debt,43.36
4,2,2,payment,14.79
15,11,4,existence,42.51
120,74,46,debt,248.28
103,19,84,payment,247.02
57,10,47,existence,131.71
114,69,45,existence,294.52
74,56,18,debt,173.95
88,10,78,debt,186
116,28,88,existence,193.21
97,13,84,debt,197.5
28,23,5,payment,86.22
4,3,1,payment,24.89
90,32,58,payment,177.22
61,43,18,existence,159.31
45,8,37,debt,119.87
53,14,39,payment,146.91
156,155,1,debt,616.76
91,10,81,existence,159.42
140,10,130,debt,339.34
8,3,5,payment,37.93
111,72,39,payment,328.6
140,69,71,existence,259.91
108,29,79,payment,233.58
92,17,75,payment,156.1
29,13,16,payment,94.31
51,14,37,payment,128.85
60,1,59,existence,107.27
59,51,8,payment,154.09
18,15,3,payment,52.3
28,10,18,debt,70.5
43,29,14,existence,134.48
16,1,15,existence,34.83
147,128,19,debt,459.92
67,13,54,payment,135.64
101,58,43,existence,204.25
57,10,47,existence,93.24
53,6,47,payment,99.4
79,6,73,existence,121.42
153,75,78,existence,385.82
155,60,95,debt,438.88
134,113,21,debt,400.76
39,16,23,debt,108.01
134,43,91,debt,345.03
88,81,7,payment,233.32
141,20,121,payment,325.88
58,22,36,payment,176.99
125,94,31,payment,340.02
37,35,2,existence,81.2
32,18,14,debt,87.59
1,1,0,payment,18.93
76,6,70,payment,131.44
73,7,66,existence,134.97
86,4,82,existence,157.31
48,31,17,existence,95.38
74,49,25,debt,153.39
5,1,4,existence,10.84
40,24,16,debt,128
117,54,63,debt,224.55
133,102,31,existence,321.62
19,18,1,debt,88.39
60,32,28,payment,173.4
149,147,2,payment,380.39
130,34,96,existence,270.24
24,4,20,payment,50.27
143,20,123,payment,335.3
86,34,52,payment,162.85
119,65,54,existence,283.67
38,23,15,payment,123.49
13,1,12,debt,42.76
149,4,145,existence,262.17
9,5,4,payment,35.52
58,55,3,payment,198.9
15,13,2,debt,59.57
149,3,146,existence,215.93
89,60,29,existence,208.47
56,23,33,payment,148.44
48,27,21,debt,129.34
115,68,47,existence,332.49
68,30,38,existence,157.57
24,18,6,payment,77.03
102,79,23,existence,368.16
135,96,39,existence,332.07
52,8,44,debt,99.64
72,30,42,debt,196.6
105,45,60,existence,266.62
113,21,92,existence,291.63
150,63,87,payment,316.32
146,107,39,payment,469.75
74,42,32,debt,224.77
87,84,3,debt,263.38
141,20,121,existence,345.76
6,5,1,debt,24.13
37,32,5,debt,133.31
113,106,7,debt,338.81
2,1,1,payment,20.34
130,60,70,existence,317.27
125,114,11,payment,405.39
109,37,72,payment,178.7
78,52,26,existence,237.4
2,1,1,payment,21.85
22,7,15,payment,64.3
44,39,5,debt,118.57
95,72,23,debt,264.59
5,1,4,debt,23.34
140,51,89,existence,309.75
71,19,52,debt,131.16
77,41,36,debt,168.34
4,3,1,payment,16.71
5,1,4,existence,10.03
4,4,0,debt,40.61
37,11,26,existence,81.89
153,24,129,debt,400.61
53,38,15,debt,119.89
81,35,46,debt,175.96
115,47,68,debt,333.44
47,35,12,debt,150.95
55,5,50,existence,130.12
131,127,4,debt,377.98
138,106,32,payment,497.93
80,10,70,debt,171.51
137,123,14,payment,315.52
151,87,64,existence,251.33
71,55,16,payment,223.12
101,18,83,payment,269.65
110,92,18,debt,278.75
65,2,63,existence,137.06
114,53,61,existence,253.3
4,3,1,payment,24.86
24,23,1,debt,91.26
125,58,67,payment,378.26
70,58,12,existence,207.39
116,112,4,existence,283.88
54,32,22,existence,137.55
60,9,51,payment,122.79
78,32,46,payment,247.62
121,26,95,payment,301.58
46,24,22,payment,131.03
48,38,10,existence,126.4
34,13,21,debt,106.15
145,12,133,existence,322.3
86,25,61,existence,195.9
57,1,56,payment,73.66
74,74,0,payment,215.89
108,77,31,existence,307.16
78,41,37,debt,199.18
151,29,122,existence,235.55
69,56,13,existence,179.72
39,10,29,existence,73.96
124,18,106,payment,237.43
143,42,101,payment,229.71
59,17,42,debt,122.64
54,16,38,debt,98.52
91,75,16,payment,324.66
79,29,50,existence,233.58
104,55,49,debt,257.57
137,39,98,existence,239.56
139,7,132,existence,182.11
146,1,145,existence,312.84
87,45,42,payment,235.9
104,74,30,payment,374.54
87,73,14,debt,283.31
39,24,15,payment,133.4
8,8,0,existence,23.09
113,93,20,payment,310.12
122,30,92,payment,216.77
128,38,90,payment,246.65
48,47,1,debt,164.11
86,78,8,debt,276.45
114,71,43,debt,315.72
69,14,55,debt,168.62
74,20,54,debt,161.8
10,8,2,existence,29.99
93,52,41,existence,195.51
68,61,7,debt,253.84
81,53,28,payment,174.41
82,45,37,debt,161.49
157,11,146,payment,257.49
151,108,43,existence,402.75
46,30,16,payment,152.1
48,34,14,debt,117.46
18,14,4,debt,67.35
28,8,20,payment,92.25
129,124,5,existence,430.28
94,46,48,payment,198.25
96,35,61,existence,223.48
4,3,1,debt,23.88
61,52,9,payment,156.92
78,32,46,payment,198.36
43,42,1,existence,110.94
64,41,23,existence,108.85
126,8,118,payment,208.72
70,66,4,existence,180.88
104,103,1,payment,318.68
83,74,9,payment,291.86
53,31,22,existence,148.91
8,2,6,existence,22.25
78,49,29,debt,214
7,4,3,debt,30.06
140,63,77,payment,361.32
78,11,67,existence,170.13
132,90,42,payment,334.71
52,10,42,existence,140.05
100,24,76,debt,181.18
16,6,10,payment,52.71
19,12,7,payment,52.66
139,7,132,existence,172.26
9,4,5,payment,40.35
107,81,26,debt,287.66
137,71,66,debt,350.97
106,90,16,payment,259.55
88,58,30,debt,226.74
154,46,108,payment,270.03
19,3,16,payment,52.71
97,20,77,payment,168.87
155,62,93,existence,282.59
1,1,0,debt,15.16
49,1,48,payment,98.81
43,40,3,payment,136.7
84,61,23,existence,233.96
46,4,42,debt,101.94
15,9,6,existence,40.04
3,1,2,payment,23.55
141,134,7,existence,338.77
36,35,1,payment,137.04
98,9,89,payment,212.43
79,1,78,payment,198.78
69,47,22,payment,166.75
88,5,83,payment,131.79
64,29,35,existence,123.19
57,26,31,payment,161.17
42,22,20,debt,133.02
154,105,49,debt,510.97
37,1,36,existence,69.96
107,6,101,payment,287.88
108,38,70,existence,200.31
28,6,22,existence,63.94
151,91,60,payment,387.02
81,46,35,existence,188.77
153,108,45,payment,294.6
44,41,3,debt,146.02
157,87,70,debt,370.64
64,16,48,existence,170.68
63,1,62,existence,130
23,20,3,existence,62.09
98,88,10,payment,250.73
74,61,13,existence,229.7
87,79,8,debt,330.9
144,91,53,existence,404.66
136,16,120,existence,201.99
26,5,21,payment,77.49
76,13,63,existence,126.71
119,35,84,payment,282.11
56,16,40,existence,122.36
85,42,43,existence,172.1
2,1,1,debt,31.26
124,45,79,existence,295.82
61,22,39,debt,173.85
7,1,6,debt,23.32
39,26,13,debt,122.19
131,56,75,existence,312.16
120,114,6,debt,283.69
115,50,65,payment,307.02
124,65,59,debt,293.33
110,69,41,existence,290.49
47,15,32,existence,131.27
116,74,42,payment,301.72
104,68,36,existence,267.84
9,8,1,debt,45.96
64,17,47,debt,145.37
108,16,92,existence,208.04
109,67,42,debt,320.43
72,59,13,payment,204.2
35,12,23,existence,83.07
54,34,20,debt,110.6
149,124,25,existence,463.73
52,43,9,payment,116.97
123,73,50,payment,292.25
48,1,47,debt,82.92
58,33,25,debt,155.3
48,17,31,existence,110.47
134,24,110,debt,305.46
6,2,4,existence,11.61
91,19,72,existence,226.78
131,21,110,debt,218.59
117,14,103,existence,181.23
33,9,24,debt,90.33
73,42,31,existence,176.71
40,29,11,payment,110.65
2,2,0,existence,7.36
38,12,26,existence,103.26
136,129,7,payment,297.41
11,3,8,existence,31.49
15,5,10,payment,37.24
61,24,37,existence,177.43
117,22,95,existence,262.17
145,58,87,payment,434.15
41,13,28,debt,91.18
149,116,33,payment,366.94
126,46,80,payment,346.29
154,129,25,payment,454.57
80,35,45,debt,233.94
157,143,14,debt,564.98
100,5,95,existence,212.9
37,33,4,existence,91.97
76,56,20,existence,223.34
45,43,2,payment,110.78
124,78,46,debt,391.21
40,27,13,existence,130.89
59,22,37,payment,114.41
19,4,15,payment,65.04
131,120,11,payment,334.37
115,22,93,payment,250.4
93,49,44,debt,327.6
136,1,135,payment,239.2
66,13,53,existence,151.42
20,8,12,debt,67.5
7,6,1,debt,38.79
45,1,44,debt,97.38
40,39,1,payment,137.65
64,39,25,existence,191.69
150,72,78,payment,478.25
64,48,16,payment,163.14
92,48,44,payment,273.57
78,43,35,payment,172.27
114,111,3,existence,374.98
92,49,43,debt,306.73
36,36,0,existence,112.72
123,22,101,existence,184.29
119,103,16,existence,380.31
2,2,0,debt,27.11
38,19,19,payment,104.19
83,39,44,payment,220.12
62,22,40,debt,151.51
6,3,3,debt,19.39
55,20,35,debt,163.67
13,13,0,debt,43.69
153,86,67,debt,363.25
132,44,88,debt,265.39
57,19,38,existence,139.62
63,34,29,debt,177.51
119,20,99,payment,282.16
56,54,2,debt,194.86
12,7,5,existence,29.56
38,22,16,payment,116.49
153,8,145,debt,377.86
66,38,28,debt,215.61
76,39,37,existence,133.02
134,55,79,existence,281.17
104,58,46,debt,252.26
139,18,121,debt,355.87
121,55,66,existence,279.81
123,81,42,payment,291.07
34,16,18,debt,116.37
2,1,1,debt,28.27
66,58,8,existence,217.3
124,3,121,existence,161.77
102,102,0,payment,290.54
13,3,10,debt,47.4
4,2,2,payment,21.36
104,70,34,debt,332.76
125,102,23,debt,409.83
58,58,0,payment,181.01
105,55,50,payment,267.6
139,15,124,payment,287.92
32,24,8,debt,95.81
106,10,96,payment,166.61
85,77,8,debt,316.89
49,5,44,existence,122.9
135,10,125,payment,275.4
63,37,26,payment,183.4
155,69,86,payment,434.65
155,23,132,debt,368.5
83,11,72,existence,120.25
127,10,117,existence,202.02
137,131,6,existence,308
9,3,6,payment,37.58
70,51,19,existence,218.52
103,83,20,debt,358.86
109,85,24,debt,370.16
129,110,19,existence,389.6
64,4,60,debt,185.46
136,133,3,existence,380.88
81,74,7,payment,213.67
113,112,1,payment,339.96
34,22,12,debt,96.52
73,35,38,payment,229.13
117,6,111,payment,209.25
50,45,5,existence,107.82
100,96,4,existence,347.66
122,63,59,debt,332.62
132,65,67,existence,374.62
101,48,53,existence,204.85
141,111,30,payment,371.77
6,4,2,debt,24.57
46,40,6,existence,145.86
38,31,7,debt,111.06
5,5,0,payment,30.76
112,36,76,debt,181.19
60,49,11,debt,142.76
53,11,42,debt,157.3
81,13,68,existence,148.1
99,76,23,payment,313.76
86,14,72,existence,146.04
131,26,105,existence,221.59
70,24,46,payment,170.2
149,78,71,payment,385.1
48,36,12,existence,153.28
65,47,18,debt,215.31
94,28,66,debt,174.54
4,4,0,debt,29.36
75,23,52,debt,187.16
157,137,20,payment,386.4
12,2,10,debt,46.87
129,108,21,existence,336.44
131,13,118,existence,307.48
128,53,75,existence,270.36
20,16,4,payment,51.02
128,50,78,payment,378.39
148,137,11,existence,487.36
142,107,35,payment,353.64
69,29,40,existence,112.34
33,15,18,existence,75.95
40,2,38,payment,76.27
53,29,24,payment,157.64
39,8,31,payment,62.05
63,59,4,debt,214.04
148,88,60,existence,356.69
87,3,84,payment,182.49
26,24,2,existence,78.24
143,17,126,payment,278.84
113,112,1,payment,362.39
52,15,37,existence,142.79
149,71,78,existence,360.39
90,10,80,payment,221.68
70,51,19,existence,222.51
70,68,2,payment,191.56
74,60,14,debt,227.13
149,41,108,existence,371.9
32,25,7,debt,131.71
153,144,9,payment,382.97
81,56,25,payment,243.63
135,119,16,existence,294.63
111,92,19,debt,399.62
45,12,33,debt,132.47
13,12,1,payment,43.19
61,2,59,existence,120.83
30,25,5,payment,87.22
73,45,28,payment,136.97
129,45,84,payment,238.77
60,7,53,debt,165.55
22,2,20,payment,69.55
60,43,17,payment,208.2
30,18,12,existence,81.35
61,40,21,debt,205.81
67,6,61,existence,152.14
127,29,98,existence,272.87
49,9,40,existence,97.48
19,17,2,existence,65.23
22,6,16,debt,60.63
63,62,1,existence,186.81
151,147,4,debt,424.6
117,61,56,payment,345.12
80,67,13,debt,240.08
9,7,2,debt,51.97
73,53,20,existence,167.95
22,2,20,payment,66.32
53,3,50,existence,97.13
130,115,15,debt,470.48
16,5,11,debt,54.71
138,90,48,debt,455.01
33,16,17,debt,83.29
22,2,20,existence,39.68
122,22,100,existence,168.77
86,2,84,debt,242.44
15,10,5,payment,42.17
74,50,24,debt,204.9
143,100,43,payment,315.88
83,50,33,payment,205.39
5,3,2,debt,35.6
75,10,65,existence,194.6
48,13,35,debt,149.18
33,3,30,debt,84.93
72,32,40,existence,154.64
101,36,65,payment,244.78
58,50,8,payment,152.03
111,82,29,debt,292.33
115,77,38,debt,293.65
51,22,29,existence,143.24
155,117,38,debt,506.42
20,6,14,existence,48.66
121,35,86,existence,203.23
132,69,63,payment,332.14
66,50,16,payment,144.52
148,101,47,payment,462.43
57,34,23,payment,181.31
29,8,21,existence,72.26
10,8,2,payment,43.02
139,82,57,debt,427.24
118,117,1,existence,407.78
145,89,56,debt,338.98
88,83,5,debt,302.41
74,63,11,debt,279.57
115,28,87,existence,260.71
92,12,80,debt,233.75
5,4,1,payment,25.37
35,6,29,existence,55.59
133,53,80,debt,348.78
62,62,0,debt,211.97
61,14,47,debt,120.62
148,121,27,payment,285.08
153,5,148,existence,213.99
46,13,33,existence,97.03
111,60,51,debt,263.03
120,73,47,debt,360.29
56,54,2,existence,156.18
82,72,10,existence,244.4
144,84,60,payment,284.22
31,21,10,payment,100.79
6,1,5,existence,11.52
35,24,11,payment,97.94
73,19,54,payment,185.71
149,141,8,debt,494.22
113,26,87,payment,198.46
52,30,22,debt,154.64
116,31,85,existence,191.64
5,1,4,debt,18.53
155,107,48,existence,479.91
113,39,74,existence,192.88
91,86,5,existence,283.28
120,34,86,existence,222.16
21,2,19,debt,65.3
55,43,12,debt,198.76
144,74,70,debt,288.83
82,37,45,payment,157.92
95,83,12,payment,276.78
3,1,2,existence,4.94
83,48,35,debt,199.55
87,24,63,payment,194.37
23,9,14,existence,47.23
23,16,7,payment,84.08
152,108,44,existence,318.24
137,61,76,debt,281.5
65,15,50,existence,112.66
116,95,21,payment,276.58
76,35,41,payment,239.3
89,42,47,payment,180.24
93,24,69,existence,174.99
124,119,5,debt,402.91
27,20,7,payment,87.12
16,8,8,debt,42.57
55,26,29,payment,148.3
25,14,11,payment,87.19
106,94,12,payment,349.12
155,126,29,existence,431.81
99,37,62,debt,285.15
145,108,37,existence,442.6
76,27,49,payment,205.97
53,47,6,debt,108.74
38,27,11,payment,127.15
128,106,22,existence,263.55
78,21,57,payment,194.32
12,4,8,existence,29.81
134,117,17,payment,349.85
122,43,79,payment,263.06
58,40,18,debt,189.31
68,14,54,existence,167.05
102,22,80,payment,287.15
69,49,20,existence,127.19
88,8,80,payment,176.56
44,20,24,debt,142.09
21,13,8,existence,61.21
154,40,114,payment,287.23
37,21,16,existence,102.37
12,6,6,existence,24.15
127,88,39,existence,279.5
74,59,15,payment,205.83
27,24,3,payment,102.04
26,23,3,payment,97.12
141,99,42,debt,366.18
22,2,20,payment,46.76
92,89,3,existence,292.41
88,79,9,existence,250.91
118,115,3,existence,313.65
87,28,59,existence,248.37
3,2,1,payment,19.65
104,4,100,existence,183.93
27,6,21,payment,55.51
155,58,97,existence,396.95
72,5,67,existence,159.69
122,55,67,existence,196.41
55,44,11,existence,190.17
44,18,26,debt,86.08
90,39,51,debt,169.55
128,31,97,payment,252.44
95,75,20,existence,272.15
32,12,20,debt,114.03
121,58,63,debt,284.33
149,70,79,payment,388.04
91,25,66,existence,219.43
145,113,32,payment,340.5
48,38,10,payment,167.84
108,17,91,payment,230.3
92,2,90,debt,176.02
131,129,2,payment,482.81
108,37,71,debt,278.53
130,27,103,existence,261.14
84,33,51,debt,211.2
20,9,11,payment,58.55
135,63,72,payment,392.99
70,7,63,existence,170.16
54,42,12,payment,141.93
52,30,22,debt,136.28
80,50,30,existence,179.13
153,91,62,debt,400.73
82,25,57,existence,146.75
68,33,35,payment,144.99
30,20,10,existence,76.26
146,112,34,existence,303.66
123,59,64,debt,313.61
10,6,4,debt,41.08
105,48,57,existence,194.69
112,22,90,existence,168.46
3,2,1,existence,6.31
108,79,29,payment,366.22
118,14,104,payment,185.35
146,135,11,payment,471.97
104,97,7,existence,321.74
78,66,12,existence,270.92
24,13,11,debt,84.7
150,123,27,payment,454.34
42,17,25,existence,67.49
130,65,65,existence,273.11
90,71,19,payment,232.12
41,5,36,debt,103.47
29,20,9,payment,98.79
141,43,98,payment,336.09
36,30,6,existence,119.26
155,147,8,payment,562.64
134,51,83,payment,233.27
7,7,0,payment,33
123,35,88,payment,274.33
90,68,22,payment,213.01
86,86,0,existence,298.06
67,37,30,payment,190.43
148,114,34,payment,314.06
150,38,112,debt,230.24
62,9,53,debt,169.06
86,23,63,debt,218.47
152,17,135,existence,394.84
103,19,84,debt,241.03
140,83,57,debt,327.79
155,10,145,debt,262.29
148,131,17,existence,302.27
15,2,13,payment,34.82
68,48,20,payment,202.6
5,5,0,debt,24.99
41,40,1,existence,152.55
40,11,29,payment,107.05
133,40,93,debt,333.76
56,48,8,existence,157.76
114,33,81,payment,190.36
59,23,36,debt,179.53
134,127,7,existence,445.1
99,3,96,debt,157.39
34,25,9,existence,90.02
26,19,7,existence,68.21
17,16,1,debt,67.8
71,8,63,payment,159.48
130,16,114,payment,332
126,106,20,existence,311.97
130,57,73,debt,255.3
119,45,74,existence,256.17
38,1,37,debt,94.16
7,6,1,payment,34.34
12,6,6,debt,33.19
70,12,58,debt,161.82
114,4,110,payment,154.2
99,58,41,payment,308.22
40,36,4,existence,101.88
110,108,2,payment,301.9
46,36,10,debt,111.05
97,47,50,debt,251.28
6,6,0,payment,29.04
40,13,27,debt,100.72
118,64,54,payment,212.55
5,2,3,debt,35.83
91,3,88,payment,183.69
20,19,1,payment,66.07
127,25,102,existence,264.17
59,32,27,payment,130.96
57,12,45,existence,115.55
4,4,0,existence,13.08
24,6,18,debt,78.25
16,12,4,debt,62.68
42,40,2,debt,105.83
17,12,5,existence,41.3
152,84,68,debt,451.34
141,5,136,existence,213.25
69,33,36,existence,128.8
124,44,80,existence,303.22
39,34,5,debt,132.44
59,8,51,payment,142.66
4,2,2,existence,10.42
71,11,60,debt,134.76
145,95,50,debt,391.83
141,95,46,debt,457.27
104,77,27,existence,208.46
100,20,80,payment,214.4
83,66,17,payment,272.76
84,57,27,debt,277.08
86,6,80,payment,142.71
83,45,38,debt,204.86
69,44,25,payment,137.61
66,46,20,payment,165.92
93,84,9,payment,294.28
26,22,4,existence,63.28
148,40,108,debt,262.39
118,5,113,debt,234.13
60,59,1,existence,184.67
113,98,15,debt,406.27
33,23,10,existence,87.78
117,102,15,payment,328.57
67,61,6,existence,158.75
93,33,60,existence,223.85
54,51,3,payment,167.72
147,99,48,payment,510.11
131,128,3,debt,322.88
152,9,143,payment,222.66
3,2,1,payment,22.67
130,43,87,existence,362.93
12,1,11,debt,42.52
121,13,108,payment,277.16
57,30,27,existence,132
141,78,63,existence,431.25
83,8,75,debt,187.48
72,56,16,existence,164.84
22,1,21,debt,65.87
148,91,57,existence,334.01
41,17,24,debt,119.78
94,36,58,existence,219.69
77,22,55,existence,170.68
125,67,58,payment,349.48
150,99,51,payment,462.52
125,20,105,existence,256.26
135,83,52,payment,382.29
49,17,32,payment,104.61
8,1,7,existence,15.05
126,5,121,debt,205.63
28,14,14,debt,91.72
16,7,9,payment,43.89
131,125,6,payment,442.9
22,9,13,payment,65.64
63,24,39,payment,131.11
75,41,34,existence,182.31
8,1,7,existence,18.71
71,15,56,debt,136.69
74,67,7,payment,225.48
81,70,11,existence,256.91
147,112,35,debt,461.31
22,4,18,debt,68.93
10,8,2,debt,40.35
88,21,67,debt,218.81
90,5,85,payment,143.71
51,32,19,payment,157.04
70,11,59,existence,187.04
19,19,0,existence,60.42
20,1,19,payment,61.58
83,23,60,payment,144.84
121,94,27,payment,341.61
2,1,1,debt,29.62
18,15,3,debt,53.32
27,15,12,debt,80.7
130,38,92,debt,202.31
5,1,4,payment,18.67
141,141,0,existence,561.42
44,24,20,payment,118.87
4,4,0,payment,23.07
26,17,9,payment,99.29
129,115,14,payment,356.9
52,24,28,payment,120.85
157,155,2,debt,517.48
46,23,23,existence,99.13
26,23,3,debt,78.71
39,37,2,debt,117.15
9,5,4,payment,31.17
35,28,7,debt,113.5
49,29,20,existence,104.12
113,73,40,existence,350.72
81,8,73,payment,170.72
32,16,16,existence,51.22
85,10,75,existence,138.62
149,113,36,existence,339.31
79,44,35,existence,215
157,45,112,payment,343.01
99,51,48,payment,193.81
109,6,103,payment,252.57
119,39,80,existence,186.82
142,135,7,payment,370.71
29,1,28,payment,60.56
79,16,63,payment,227.57
30,26,4,existence,77.19
51,8,43,payment,150.68
20,18,2,payment,68.17
26,25,1,payment,95.12
98,30,68,debt,253.3
116,89,27,existence,293.23
11,3,8,debt,59.67
137,24,113,existence,199.97
36,20,16,debt,89.94
29,1,28,debt,61.51
98,53,45,existence,269.27
15,6,9,payment,56.62
31,7,24,existence,63.22
33,25,8,debt,132.66
125,105,20,payment,469.35
12,12,0,payment,34.51
79,55,24,debt,142.29
150,67,83,debt,386.37
115,75,40,payment,315.02
88,67,21,existence,263.72
148,60,88,existence,269.83
45,36,9,debt,130.41
146,104,42,debt,424.65
40,14,26,debt,129.33
80,58,22,existence,256.51
59,13,46,existence,140.69
124,47,77,debt,312.48
40,24,16,existence,105.67
5,3,2,debt,38.59
145,37,108,existence,297.1
11,3,8,existence,21.42
104,71,33,existence,308.44
113,20,93,debt,306.98
145,91,54,payment,320.86
71,38,33,existence,145.82
20,16,4,debt,60.21
19,16,3,payment,71.63
42,33,9,debt,124.77
79,6,73,debt,150.79
145,59,86,payment,439.16
30,14,16,existence,67.4
143,70,73,debt,240.57
48,32,16,payment,123.52
109,49,60,debt,221.2
135,88,47,debt,315.54
21,20,1,payment,86.32
83,22,61,payment,165.49
114,63,51,existence,237.64
21,15,6,existence,55.38
107,21,86,existence,180.86
17,10,7,existence,46.81
51,38,13,payment,151.82
25,18,7,payment,63.92
83,34,49,existence,150.49
136,11,125,debt,297.97
22,5,17,existence,58.32
27,20,7,debt,107.03
132,8,124,debt,311.15
17,8,9,debt,61.1
94,40,54,payment,253.48
75,58,17,debt,191.91
35,13,22,debt,68.17
131,31,100,debt,239.38
100,52,48,payment,248.95
65,28,37,debt,202.88
107,99,8,debt,389.58
74,2,72,existence,125.33
53,16,37,debt,106.16
131,58,73,payment,258.47
107,70,37,debt,343.23
56,7,49,debt,137.71
25,22,3,existence,67.32
9,3,6,debt,37.97
102,60,42,debt,278.58
123,3,120,existence,208.37
99,75,24,existence,315.14
140,34,106,existence,291.94
32,28,4,existence,115.47
45,32,13,debt,139.61
83,31,52,debt,192.67
81,10,71,debt,127.21
135,126,9,payment,313.95
41,39,2,debt,125.84
54,25,29,debt,126.37
4,1,3,payment,20.89
60,48,12,payment,204.41
29,17,12,payment,85.36
30,12,18,existence,86.9
114,55,59,existence,282.45
138,19,119,debt,370.6
36,19,17,existence,79.22
38,11,27,payment,81.76
54,9,45,payment,155.77
5,3,2,payment,27.08
133,124,9,payment,327.8
34,6,28,payment,96.47
138,107,31,payment,438.98
57,48,9,debt,168.4
152,129,23,debt,406.17
86,15,71,existence,171.71
94,37,57,debt,232.7
91,37,54,payment,249.73
103,28,75,existence,175.09
110,105,5,debt,351.48
89,11,78,debt,220.88
71,53,18,existence,149.7
26,1,25,payment,66.95
65,26,39,debt,152.75
30,30,0,payment,89.05
97,82,15,existence,307.85
130,38,92,debt,333.04
49,40,9,debt,175.45
1,1,0,existence,2.58
32,3,29,payment,59.33
55,20,35,existence,143.83
128,52,76,payment,374.2
87,40,47,debt,244.45
60,4,56,payment,166.67
14,2,12,debt,45.87
71,66,5,payment,173.18
103,75,28,existence,220.5
58,8,50,payment,116.85
27,20,7,debt,101.76
79,9,70,payment,217.27
64,59,5,debt,196.81
49,9,40,payment,85.58
143,28,115,existence,315.08
31,26,5,payment,103.76
17,1,16,debt,50.35
77,2,75,payment,194.82
37,7,30,existence,90.62
22,16,6,payment,75.55
83,43,40,existence,157.37
147,132,15,existence,364.37
115,40,75,debt,249.7
32,12,20,payment,73.3
113,100,13,existence,308.79
47,44,3,payment,145.65
83,41,42,existence,187.13
130,73,57,existence,329.53
58,51,7,payment,152.34
96,36,60,payment,160.53
47,23,24,debt,138.96
101,41,60,debt,271.95
25,7,18,debt,67.5
140,98,42,debt,410.24
150,21,129,debt,294.21
51,17,34,debt,149.22
157,27,130,payment,370.21
132,111,21,existence,316.21
143,4,139,payment,363.15
50,21,29,payment,143.87
41,5,36,payment,83.01
111,102,9,debt,370.04
70,38,32,existence,155.88
117,57,60,payment,285.67
75,29,46,existence,154.5
142,34,108,debt,241.06
46,36,10,existence,128.87
89,52,37,existence,273.25
128,91,37,existence,297.88
84,84,0,payment,286.72
139,107,32,debt,392.14
108,102,6,debt,335.81
32,2,30,debt,86.82
31,22,9,payment,118.2
50,29,21,payment,113.47
141,94,47,debt,442.35
101,78,23,debt,367.9
103,24,79,debt,193.03
38,24,14,debt,88.77
39,2,37,existence,95.92
153,135,18,payment,397.84
96,83,13,existence,239.78
150,97,53,existence,303.33
117,10,107,payment,189.1
91,15,76,existence,142.53
102,33,69,debt,203.42
89,61,28,debt,256.35
47,16,31,existence,128.7
133,17,116,debt,205.65
68,25,43,payment,190.29
97,47,50,debt,209.02
125,48,77,existence,278.73
157,119,38,payment,387.29
130,51,79,debt,326.7
49,20,29,existence,97.01
44,8,36,existence,84.12
101,10,91,debt,207.64
18,7,11,debt,69.28
79,61,18,existence,159.53
150,85,65,payment,421.75
110,55,55,existence,278.23
147,2,145,payment,191.65
33,3,30,payment,80.08
17,7,10,debt,46.6
46,13,33,existence,69.23
15,5,10,payment,53.66
60,20,40,existence,102.06
138,43,95,debt,303.11
86,41,45,debt,205.04
34,14,20,existence,89.91
39,25,14,debt,129.29
111,45,66,payment,319.07
46,14,32,payment,122.45
98,55,43,existence,166.79
112,31,81,payment,209.29
126,56,70,existence,253.87
123,16,107,payment,288.21
51,46,5,existence,186.48
34,17,17,existence,82.15
108,21,87,debt,171.61
70,23,47,debt,186.07
118,76,42,payment,369.5
21,19,2,debt,74.49
73,45,28,existence,224.48
1,1,0,debt,29.74
6,2,4,payment,24.56
156,48,108,debt,339.93
61,7,54,existence,125.53
84,36,48,existence,212.89
39,25,14,existence,110.49
145,34,111,existence,272.35
53,7,46,payment,132.26
111,16,95,debt,239.15
5,1,4,payment,18.63
116,15,101,debt,220.61
139,124,15,payment,466.86
44,3,41,debt,115.54
102,98,4,payment,292.35
73,55,18,debt,160.48
81,18,63,debt,173.02
5,1,4,debt,30.92
129,89,40,existence,379.81
117,9,108,debt,252.55
76,15,61,payment,143.37
7,5,2,existence,23.61
150,85,65,payment,274.85
53,32,21,payment,149.13
32,3,29,debt,95.64
156,150,6,existence,448.31
128,116,12,payment,439.95
66,57,9,payment,190.74
144,36,108,existence,328.08
140,96,44,existence,342.73
102,20,82,existence,187.11
17,12,5,payment,58.53
61,28,33,payment,145.66
68,51,17,debt,195.65
26,19,7,existence,67.76
63,53,10,existence,216.69
108,79,29,existence,364.95
27,2,25,payment,66.26
134,65,69,debt,308.26
64,50,14,debt,166.97
75,20,55,payment,141.68
63,44,19,payment,163.72
57,45,12,existence,144.99
31,14,17,debt,79.93
7,3,4,payment,22.28
156,50,106,payment,243.54
121,78,43,payment,273.7
56,32,24,payment,123.29
92,12,80,debt,193.62
101,37,64,payment,219.16
125,40,85,payment,329.6
150,52,98,payment,291.38
92,39,53,debt,269.6
147,77,70,debt,332.58
74,45,29,debt,170.99
141,34,107,debt,395.91
16,3,13,payment,48.94
137,11,126,payment,218.1
102,52,50,debt,243.16
116,99,17,payment,370.99
59,51,8,existence,145.66
46,15,31,debt,118.08
14,1,13,debt,56.17
22,2,20,existence,52.82
9,6,3,existence,22.78
142,61,81,existence,380.93
63,63,0,debt,180.96
49,14,35,payment,110.75
76,9,67,debt,152.65
100,79,21,existence,269.68
42,3,39,debt,108.8
55,26,29,payment,116.57
132,48,84,existence,365.41
8,3,5,payment,25.85
145,46,99,existence,258.18
140,17,123,payment,310.18
135,116,19,debt,379.53
146,145,1,payment,330.82
124,122,2,debt,390.99
56,24,32,payment,152.49
13,4,9,existence,29.64
46,37,9,debt,137.13
147,50,97,existence,299.34
104,26,78,debt,178.12
11,6,5,existence,34.71
28,5,23,existence,43.24
101,89,12,existence,300.63
150,19,131,payment,243.32
156,12,144,existence,241.5
134,52,82,existence,218.83
129,9,120,payment,179.54
153,59,94,existence,413.88
93,28,65,debt,210.72
96,86,10,existence,199.99
32,13,19,debt,109.34
41,26,15,payment,97.46
135,29,106,debt,376.04
6,5,1,debt,42.1
100,90,10,payment,275.91
79,66,13,payment,259.73
38,21,17,payment,92.32
80,51,29,debt,276.18
138,77,61,payment,259
106,23,83,payment,271.93
48,8,40,payment,121.6
91,42,49,existence,225.43
18,5,13,debt,37.4
105,103,2,existence,317.15
20,2,18,debt,57.87
31,17,14,payment,97.86
98,78,20,payment,263.02
29,12,17,debt,94.55
49,44,5,debt,121.82
41,39,2,debt,164.8
123,3,120,debt,176.36
139,119,20,existence,372.86
75,7,68,payment,201.17
148,114,34,existence,487.45
34,15,19,existence,73.46
116,16,100,existence,287.64
57,6,51,debt,135.19
23,5,18,debt,58.42
122,73,49,debt,340.76
118,85,33,debt,256.75
97,30,67,payment,176.34
99,78,21,payment,317.47
135,120,15,existence,378.53
121,71,50,debt,357.35
112,86,26,debt,312.03
134,1,133,debt,303.83
116,76,40,debt,390.2
142,10,132,debt,321.04
84,67,17,debt,273.05
43,17,26,payment,113.73
64,44,20,debt,215.02
114,91,23,payment,225.59
32,1,31,payment,76.5
23,21,2,debt,102.92
139,80,59,debt,451.6
11,10,1,debt,40.49
8,4,4,debt,44.84
139,18,121,existence,335.21
35,5,30,payment,94.82
37,29,8,existence,100.64
51,29,22,debt,108.07
12,4,8,debt,33.24
25,21,4,debt,70.27
157,45,112,existence,396.36
81,49,32,debt,234.34
43,30,13,existence,109.39
85,47,38,existence,235.62
85,6,79,existence,126.43
45,20,25,existence,100.13
51,5,46,existence,117.05
57,32,25,existence,112.29
114,1,113,existence,162.96
5,1,4,existence,9.65
114,86,28,debt,244.08
148,18,130,debt,307.61
128,19,109,debt,273.14
88,18,70,debt,173.54
11,10,1,existence,30.36
99,7,92,existence,174.07
133,6,127,debt,202.89
56,19,37,existence,162.73
35,9,26,payment,69.06
96,41,55,payment,263.06
76,2,74,debt,166.35
119,6,113,existence,143.04
91,59,32,debt,329.74
16,12,4,existence,48.37
102,96,6,payment,286.63
117,81,36,payment,316.16
123,15,108,debt,243.26
18,9,9,debt,57.12
128,101,27,existence,266.51
113,25,88,payment,314.83
99,49,50,existence,256.89
79,69,10,existence,268.77
59,43,16,debt,131.4
104,50,54,debt,267.12
20,13,7,existence,59.36
15,2,13,payment,49.75
71,37,34,debt,194.97
157,59,98,debt,342.81
119,36,83,debt,328.05
63,53,10,payment,218.76
38,21,17,payment,129.29
59,42,17,payment,162.14
102,72,30,existence,247.23
99,28,71,debt,188.27
18,4,14,debt,52.78
20,16,4,existence,52.11
89,12,77,payment,160.52
86,12,74,existence,117.6
1,1,0,payment,13.43
81,61,20,payment,285.75
40,23,17,payment,76.91
88,86,2,debt,302.64
50,6,44,debt,111.39
33,30,3,debt,127.91
139,42,97,existence,230.33
151,10,141,debt,311.56
48,35,13,debt,153.85
47,16,31,existence,113.43
67,28,39,existence,133.35
128,52,76,payment,314.61
89,54,35,existence,291.59
9,9,0,existence,24.53
72,29,43,debt,185.29
87,12,75,existence,149.85
132,91,41,debt,283.65
120,26,94,payment,238.02
124,53,71,existence,379.14
18,13,5,debt,68.42
43,24,19,existence,85.21
37,8,29,existence,79.76
97,15,82,payment,157.97
90,81,9,payment,311.58
123,12,111,debt,309.02
47,39,8,existence,109.15
47,41,6,payment,150.61
146,21,125,existence,225.98
139,80,59,debt,388.9
135,117,18,payment,405.97
11,1,10,existence,18.93
148,99,49,existence,496.93
117,83,34,payment,260.12
53,34,19,existence,142.97
2,1,1,debt,24.01
133,28,105,existence,352.45
96,14,82,existence,213.82
133,130,3,payment,408.17
135,89,46,payment,255.52
39,29,10,existence,69.82
19,9,10,debt,69.54
21,13,8,debt,49.19
104,7,97,payment,278.14
55,19,36,payment,98.83
36,17,19,payment,78.19
44,19,25,debt,99.41
104,44,60,debt,230.3
112,60,52,existence,319.16
27,3,24,debt,83.92
12,3,9,payment,45.83
57,11,46,payment,152.48
37,19,18,debt,115.14
98,14,84,payment,258.94
103,62,41,payment,311.75
26,13,13,payment,77.69
4,3,1,existence,9.01
73,47,26,payment,188.11
3,1,2,existence,8.14
68,55,13,existence,145.82
88,11,77,existence,187.3
8,2,6,payment,35.09
123,22,101,payment,184.87
74,8,66,payment,173.81
127,65,62,debt,398.68
53,18,35,existence,142.51
46,34,12,debt,145.97
106,76,30,payment,318.57
45,13,32,payment,82.38
146,1,145,payment,259.17
109,69,40,payment,356.97
25,13,12,existence,42.84
123,83,40,payment,381.38
39,4,35,existence,85.79
101,97,4,existence,330.22
98,87,11,payment,235.79
10,8,2,debt,60.09
132,116,16,payment,409.46
46,30,16,payment,117.11
102,41,61,debt,286.12
131,77,54,debt,318.67
28,5,23,debt,76.42
49,11,38,payment,99.2
19,3,16,payment,47.28
124,55,69,debt,369.86
140,133,7,debt,354.28
153,79,74,payment,389.14
37,5,32,existence,56.61
125,39,86,existence,333.54
62,34,28,payment,147.19
85,63,22,existence,200.21
36,14,22,existence,95.35
17,7,10,payment,51.89
105,67,38,existence,255.61
6,4,2,debt,43.89
71,20,51,payment,142.85
92,30,62,existence,133.16
95,18,77,debt,158.54
47,39,8,debt,106.96
112,92,20,existence,288.36
46,13,33,debt,102.03
145,40,105,payment,241.82
46,31,15,debt,129.58
52,45,7,debt,194.68
153,4,149,existence,349.13
153,71,82,existence,311.62
126,18,108,payment,243.41
133,3,130,debt,350.16
144,89,55,debt,329.34
9,6,3,existence,22.4
7,6,1,debt,48.27
83,47,36,debt,161.72
106,11,95,existence,203.74
83,59,24,payment,276.72
39,14,25,debt,121.83
81,60,21,existence,182.74
6,6,0,debt,32.78
21,5,16,payment,46.41
11,6,5,existence,29.15
110,110,0,debt,280.19
51,21,30,payment,145.75
39,33,6,existence,111.19
123,26,97,debt,335.77
140,93,47,existence,444.08
101,2,99,payment,249.9
37,24,13,existence,113.96
27,26,1,existence,70.18
68,61,7,existence,172.07
136,63,73,debt,318.36
153,119,34,existence,317.31
36,24,12,payment,95.31
68,1,67,existence,109.93
28,11,17,existence,72.82
41,38,3,existence,120.77
63,57,6,payment,171.59
138,45,93,existence,291.56
96,5,91,debt,241.03
21,4,17,payment,69.72
66,37,29,debt,192.1
114,12,102,payment,265.37
85,41,44,debt,292.08
33,10,23,payment,91.3
53,7,46,debt,127.33
59,41,18,existence,127.44
48,22,26,payment,117.92
116,46,70,existence,273.84
35,11,24,debt,105.88
59,24,35,payment,182.15
140,5,135,existence,207.85
136,46,90,payment,402.54
83,71,12,debt,305.57
50,6,44,payment,136.3
124,63,61,payment,300.14
97,9,88,payment,190.9
76,29,47,debt,211.05
4,1,3,existence,9.01
106,86,20,debt,246.25
117,61,56,debt,276.67
50,45,5,debt,194.74
83,16,67,debt,234.39
66,45,21,debt,140.72
152,56,96,debt,376.49
103,81,22,debt,238.32
28,27,1,existence,101.92
136,65,71,debt,332.46
79,78,1,debt,280.88
114,27,87,existence,174.43
71,31,40,debt,152.42
38,19,19,existence,76.3
90,24,66,debt,178.75
20,7,13,debt,55.27
134,113,21,payment,400.72
125,85,40,payment,294.07
59,10,49,existence,125.23
34,2,32,existence,67.4
15,15,0,debt,55.39
65,9,56,existence,135.38
35,32,3,payment,94.44
146,53,93,existence,213.77
70,12,58,existence,131.9
112,51,61,debt,334.1
76,31,45,payment,204.28
123,66,57,existence,339.34
95,79,16,existence,218.29
33,12,21,debt,110
111,89,22,debt,325.19
113,15,98,existence,280.81
27,12,15,debt,68.29
105,16,89,payment,287.26
109,100,9,payment,323.8
80,33,47,payment,179.22
148,4,144,existence,211.7
99,83,16,payment,337.03
51,12,39,debt,102.46
86,76,10,debt,272.46
113,91,22,debt,362.2
104,64,40,existence,337.26
124,53,71,payment,217.53
135,119,16,payment,432.86
10,2,8,existence,18.26
24,22,2,payment,81.97
28,23,5,payment,99.99
131,123,8,debt,404.06
53,43,10,existence,163.02
36,27,9,payment,118.32
141,132,9,payment,347
8,7,1,existence,20.56
112,112,0,existence,304.12
101,49,52,existence,197.23
55,9,46,payment,154.47
108,23,85,debt,199.49
128,86,42,existence,358.96
74,67,7,debt,237.1
107,14,93,debt,214.3
50,27,23,existence,107.76
83,25,58,payment,139.94
80,31,49,debt,141.53
108,88,20,debt,287.58
149,110,39,payment,404.42
68,6,62,payment,123.09
66,44,22,existence,141.03
90,44,46,existence,240.58
99,95,4,existence,239.05
36,6,30,debt,67.69
86,42,44,payment,230.83
56,7,49,payment,121.08
137,112,25,payment,317.22
106,13,93,payment,174.2
50,32,18,existence,149.33
2,2,0,existence,6.54
119,33,86,debt,332.95
73,15,58,payment,124.8
13,8,5,payment,41.31
62,37,25,existence,108.25
126,68,58,existence,354.76
111,102,9,payment,306.82
63,4,59,existence,82.46
154,119,35,payment,408.82
99,19,80,debt,216.44
154,153,1,payment,536.31
19,12,7,payment,53.31
113,87,26,payment,277.07
101,29,72,debt,307.11
13,11,2,existence,41.11
19,17,2,debt,64.89
118,79,39,debt,340.34
72,21,51,debt,175.57
143,3,140,debt,244.98
11,10,1,debt,55.48
88,58,30,payment,307.47
128,125,3,payment,289.88
26,15,11,existence,79.76
120,21,99,existence,199.1
31,29,2,existence,92.77
28,27,1,payment,92.22
125,90,35,payment,271.6
119,54,65,payment,345.41
90,70,20,existence,245.34
132,35,97,existence,343.88
88,12,76,debt,148.54
146,48,98,existence,311.32
95,50,45,debt,269.47
148,148,0,existence,458.98
79,1,78,payment,154.7
155,113,42,debt,457.95
132,129,3,debt,370.64
146,143,3,payment,439.32
33,29,4,payment,91.58
121,75,46,debt,334.03
75,46,29,debt,192.47
114,27,87,debt,272.19
24,6,18,debt,88.94
120,16,104,existence,254.22
65,50,15,payment,207.86
89,60,29,debt,280.72
36,14,22,payment,112.61
4,4,0,existence,11.2
56,13,43,payment,164.09
69,19,50,debt,132.32
55,34,21,debt,163.47
128,98,30,payment,295.19
82,65,17,existence,223.38
113,56,57,existence,258.83
112,102,10,debt,326.65
146,77,69,payment,394.23
55,7,48,existence,127.98
108,32,76,debt,291.39
68,27,41,existence,186.24
138,4,134,existence,258.17
42,24,18,payment,120.51
10,2,8,payment,41.77
144,98,46,debt,396.43
61,7,54,payment,160.54
13,11,2,payment,60.59
52,19,33,payment,103.65
120,97,23,payment,323.97
144,3,141,existence,359.19
117,2,115,debt,290.03
72,58,14,payment,221.74
7,4,3,debt,28.18
137,50,87,payment,316.11
78,68,10,debt,211.29
125,123,2,payment,416.04
60,21,39,payment,173.91
135,128,7,payment,312.58
26,26,0,payment,100.47
136,22,114,existence,281.9
141,40,101,debt,318.23
74,40,34,debt,141.32
103,99,4,debt,330.93
37,19,18,debt,134.19
154,75,79,existence,332.01
86,84,2,debt,267.57
154,112,42,debt,532.11
145,66,79,debt,361.67
129,42,87,existence,253.72
41,2,39,payment,92.49
153,3,150,payment,344.15
4,4,0,payment,24.8
88,35,53,existence,220.29
118,58,60,existence,311.49
71,37,34,existence,216.17
87,11,76,existence,141.89
1,1,0,existence,2.92
78,23,55,existence,170.59
39,17,22,debt,101.82
95,54,41,debt,221.8
34,3,31,existence,76.39
90,69,21,payment,268.59
153,85,68,existence,487.26
65,39,26,existence,194.2
51,1,50,debt,147.83
59,33,26,existence,123.22
61,3,58,debt,171.19
39,16,23,existence,75.58
149,109,40,existence,513.25
126,103,23,existence,296.21
124,123,1,existence,399.52
61,34,27,debt,171.25
29,24,5,existence,58.09
156,68,88,payment,468.77
11,4,7,existence,19.41
4,3,1,payment,19.26
76,57,19,payment,205.22
15,11,4,debt,47.16
68,50,18,existence,131.72
22,21,1,debt,103.34
98,44,54,payment,293.7
41,31,10,debt,132.06
131,115,16,existence,348.58
144,21,123,debt,324.96
26,7,19,existence,57.95
35,21,14,existence,77.18
47,26,21,payment,93.23
84,16,68,payment,156.56
69,4,65,payment,142.97
59,40,19,existence,179.58
147,145,2,payment,366.18
105,27,78,existence,256.05
8,3,5,existence,20.35
56,45,11,debt,220.05
65,6,59,existence,143.13
123,82,41,debt,363.28
11,11,0,debt,38.03
61,38,23,existence,103.49
156,89,67,existence,354.97
152,16,136,debt,282.93
10,4,6,payment,31.27
41,12,29,existence,101.83
118,94,24,debt,353.77
117,47,70,payment,204.69
51,38,13,debt,142.8
115,30,85,debt,281.75
47,42,5,debt,132.14
94,68,26,debt,344.44
51,15,36,existence,86.01
138,124,14,payment,372.21
74,34,40,debt,204.1
130,116,14,debt,335.58
121,22,99,existence,299.58
54,11,43,payment,105.08
127,71,56,debt,332.52
14,7,7,debt,55.24
61,41,20,debt,179.43
151,19,132,debt,369.34
63,32,31,existence,138.93
78,15,63,payment,201
32,22,10,payment,91.59
92,92,0,existence,310.96
23,10,13,debt,85.03
140,102,38,payment,504.86
24,13,11,existence,71.78
154,85,69,existence,452.31
88,8,80,existence,166.53
139,1,138,existence,208.83
72,8,64,existence,122.62
84,18,66,payment,140.22
123,81,42,payment,323.83
53,48,5,payment,176.75
65,17,48,payment,135.21
55,17,38,payment,97.29
128,121,7,payment,343.26
71,21,50,payment,178.12
12,1,11,existence,18.37
152,99,53,existence,345.91
42,16,26,existence,103.41
22,17,5,existence,52.17
89,38,51,debt,207.99
105,38,67,payment,305.47
111,51,60,debt,300.84
78,37,41,existence,196.31
24,16,8,debt,88.65
110,23,87,payment,253.83
15,12,3,payment,50.14
20,9,11,debt,62.54
81,77,4,existence,298.77
116,106,10,payment,254.34
104,48,56,existence,205.63
122,9,113,payment,170.9
33,25,8,existence,78.59
30,13,17,payment,68.01
10,1,9,existence,24.41
88,54,34,existence,235.07
110,50,60,existence,199.62
33,28,5,payment,109.26
152,76,76,existence,449.68
121,24,97,payment,322.69
13,3,10,payment,45.33
104,76,28,payment,320.96
35,18,17,existence,93.36
74,19,55,debt,212.39
87,23,64,existence,212.9
87,80,7,existence,277.46
96,41,55,payment,299.36
52,18,34,debt,104.86
149,139,10,payment,381.33
38,21,17,existence,69.45
124,100,24,payment,292.09
105,63,42,existence,198.03
153,65,88,existence,366.55
154,87,67,debt,507.69
107,27,80,debt,236.8
51,13,38,debt,86.11
128,39,89,existence,283.36
16,3,13,existence,37.13
5,3,2,existence,9.7
153,147,6,payment,583.55
135,131,4,existence,348.89
20,16,4,existence,48.41
143,121,22,debt,384.67
121,34,87,payment,325.25
107,44,63,existence,273.7
60,39,21,existence,171
134,65,69,existence,297.73
70,30,40,debt,217.51
94,3,91,payment,183.76
32,23,9,debt,78.24
29,3,26,payment,69.84
157,1,156,debt,385.39
49,16,33,payment,125.59
119,92,27,existence,406.89
8,5,3,payment,44.26
135,97,38,payment,463.26
81,13,68,debt,188.09
47,6,41,debt,126.78
124,65,59,debt,267.07
121,84,37,debt,357.14
31,2,29,payment,82.27
24,19,5,debt,102.47
88,78,10,payment,303.23
96,66,30,existence,201.32
144,97,47,debt,317.39
14,9,5,payment,43.59
28,24,4,existence,93.81
89,15,74,debt,204.67
108,105,3,debt,360.84
84,12,72,debt,199.87
18,12,6,payment,66.47
92,49,43,debt,209.82
121,66,55,existence,224.78
141,32,109,payment,236.42
38,30,8,payment,116.3
94,64,30,existence,183.12
53,35,18,existence,160.6
18,16,2,existence,45.59
39,29,10,payment,130.51
27,24,3,existence,70.91
97,16,81,payment,265.94
74,23,51,debt,160.66
57,36,21,existence,179.95
77,71,6,debt,264.77
133,42,91,debt,346.92
49,29,20,existence,116.92
101,15,86,debt,245.03
26,24,2,payment,82.88
23,22,1,payment,75.54
75,59,16,payment,225.34
87,75,12,existence,203.49
9,1,8,payment,32.61
45,4,41,existence,67.93
68,55,13,payment,229.74
61,5,56,debt,139.77
153,110,43,payment,356.99
64,19,45,payment,169.62
58,17,41,debt,121
101,23,78,debt,168.1
134,84,50,payment,354.27
51,24,27,debt,107.61
151,36,115,debt,382.82
128,41,87,debt,358.9
112,97,15,existence,227.77
21,12,9,payment,62.71
24,10,14,debt,80.67
53,46,7,payment,164.25
97,84,13,debt,375.56
93,26,67,payment,214.42
151,48,103,payment,432.78
133,51,82,existence,286.58
87,14,73,existence,157.51
123,8,115,payment,318.71
151,135,16,existence,505
2,1,1,debt,18
51,45,6,existence,178.96
129,33,96,payment,232.57
131,74,57,existence,308.76
99,25,74,existence,186.34
96,76,20,existence,222.53
15,12,3,debt,54
2,2,0,payment,20.32
18,11,7,payment,73.28
133,132,1,existence,434.46
32,29,3,payment,87.46
151,21,130,payment,327.59
150,140,10,payment,496.96
98,63,35,debt,249.82
15,11,4,existence,49.39
118,42,76,debt,345.8
26,13,13,debt,94.69
33,23,10,existence,75.31
108,83,25,existence,278.89
73,56,17,debt,263.07
130,74,56,debt,408.43
136,36,100,existence,274.1
41,17,24,existence,69.83
5,5,0,existence,16.31
64,27,37,existence,129.05
108,4,104,payment,253.89
138,125,13,debt,413.6
128,119,9,payment,471.04
153,23,130,existence,288.39
137,39,98,debt,284.78
70,35,35,debt,177.71
72,54,18,existence,133.91
88,62,26,existence,214.91
39,3,36,debt,67.52
6,3,3,payment,31.39
87,50,37,payment,218.97
74,8,66,existence,107.92
21,8,13,debt,84.28
97,28,69,payment,216.73
109,29,80,payment,308.76
107,44,63,existence,228.69
2,2,0,existence,6.4
16,10,6,payment,57.81
130,36,94,payment,342.65
87,44,43,existence,191.83
2,1,1,existence,3.93
95,2,93,existence,150.04
123,108,15,debt,275.53
17,8,9,payment,58.83
125,16,109,debt,232.63
37,15,22,debt,100.44
130,110,20,payment,422.81
151,82,69,existence,242.49
98,34,64,payment,181.59
136,46,90,debt,303.25
125,93,32,payment,384.75
73,39,34,existence,152.25
57,10,47,existence,127.72
43,3,40,payment,100.99
133,25,108,payment,328.26
87,20,67,existence,146
105,31,74,debt,295.11
82,64,18,existence,172.53
70,3,67,payment,113.37
131,117,14,debt,443.54
131,35,96,existence,250.22
156,34,122,payment,243.57
152,27,125,debt,285.14
11,3,8,existence,18.06
37,6,31,existence,74.79
136,80,56,debt,296.58
40,13,27,debt,90.59
45,20,25,debt,117.62
32,8,24,debt,84.84
58,41,17,existence,148.73
91,12,79,existence,140.05
151,82,69,payment,401.82
71,36,35,debt,215.69
103,43,60,existence,268.71
156,130,26,debt,384.91
108,81,27,payment,284.88
43,18,25,existence,122.4
15,14,1,debt,54.18
138,90,48,payment,358.74
138,66,72,payment,298.24
66,33,33,existence,117.3
125,32,93,existence,177.25
36,5,31,debt,88.78
126,102,24,debt,419.15
150,12,138,debt,334.01
59,32,27,payment,186.7
35,7,28,existence,92.22
48,31,17,payment,159.43
146,57,89,payment,291.7
153,73,80,debt,256.08
8,1,7,existence,17.77
43,5,38,payment,109.52
146,26,120,payment,225.17
21,9,12,payment,72.19
130,37,93,payment,248.76
145,21,124,payment,319.78
55,29,26,payment,129.36
95,61,34,existence,196.26
106,12,94,payment,230.15
92,45,47,debt,190.46
39,2,37,existence,89.28
15,10,5,debt,58.03
138,43,95,payment,214.47
39,2,37,payment,80.57
140,62,78,existence,342.78
111,99,12,existence,301.07
118,22,96,existence,270.04
97,68,29,debt,319.69
22,19,3,debt,61.2
60,56,4,debt,191.07
72,53,19,debt,185.26
7,2,5,debt,23.72
75,5,70,debt,165.62
110,20,90,existence,217.99
8,4,4,payment,21.09
111,71,40,debt,366.4
107,87,20,payment,327.43
116,14,102,existence,292.27
139,112,27,existence,362.19
119,34,85,debt,252.92
59,23,36,existence,119.68
44,40,4,existence,124.39
7,7,0,existence,22.03
69,31,38,payment,148.56
114,37,77,debt,304.88
129,26,103,debt,313.68
95,54,41,payment,229.45
70,61,9,payment,253.48
106,106,0,payment,296.32
134,14,120,debt,252.83
79,12,67,payment,142.02
91,36,55,debt,272.87
146,54,92,existence,371.26
97,60,37,payment,194.97
56,4,52,existence,141.45
60,21,39,debt,170.02
25,2,23,debt,84.19
124,63,61,existence,264.55
148,79,69,debt,300.88
6,2,4,existence,15.67
109,5,104,existence,153.83
61,59,2,payment,211.87
106,48,58,payment,271.08
96,1,95,debt,194.08
46,3,43,existence,60.74
153,111,42,existence,466.85
136,62,74,existence,377.55
31,31,0,payment,98.33
12,11,1,existence,38.92
30,23,7,debt,74.55
139,30,109,existence,369.17
1,1,0,debt,14.12
9,9,0,existence,22
153,82,71,payment,394.12
139,122,17,debt,386.16
72,58,14,debt,252.46
27,19,8,existence,62.4
38,24,14,debt,109.06
143,91,52,payment,346.23
33,27,6,debt,93.94
73,19,54,payment,203.93
71,55,16,existence,159.9
65,37,28,existence,184.31
131,124,7,debt,530.8
54,13,41,payment,86.92
4,4,0,payment,21.91
16,1,15,existence,24
52,23,29,payment,102.24
135,117,18,payment,441.49
33,21,12,payment,84.68
136,46,90,debt,314.98
69,68,1,existence,185.9
11,8,3,existence,30.85
101,23,78,existence,192.39
145,10,135,payment,287.45
49,47,2,existence,109.68
86,9,77,existence,216.16
118,60,58,payment,342.01
57,41,16,existence,156.06
50,30,20,debt,163.88
58,47,11,payment,161.94
91,26,65,debt,256.97
50,6,44,debt,105.53
52,46,6,payment,146.5
77,73,4,payment,277.76
45,19,26,debt,95.33
72,19,53,existence,112.38
69,43,26,payment,145.24
8,3,5,payment,33.11
114,23,91,existence,172.52
110,74,36,existence,254.47
35,6,29,payment,100.53
53,22,31,payment,102.37
27,24,3,existence,78.39
73,27,46,debt,149.58
24,23,1,payment,74.98
21,5,16,debt,55.85
52,34,18,debt,150.6
13,10,3,payment,37
136,52,84,payment,239.65
1,1,0,existence,3.41
118,17,101,existence,158.67
106,97,9,debt,295.81
2,2,0,debt,13.92
110,76,34,debt,361.07
81,30,51,payment,235.24
107,105,2,debt,320.63
91,4,87,existence,215.19
42,20,22,payment,103.63
102,27,75,debt,181.06
48,12,36,debt,133.41
154,50,104,existence,298.79
56,17,39,existence,107.37
60,9,51,payment,161.37
60,38,22,payment,149.88
113,49,64,debt,352.51
39,19,20,payment,92.81
64,46,18,payment,170.89
18,13,5,existence,44.95
142,2,140,payment,316.13
122,9,113,payment,194.17
134,48,86,payment,319.96
24,10,14,payment,60.65
60,14,46,debt,121.86
137,124,13,debt,365.73
61,17,44,debt,113.73
105,92,13,existence,273.91
94,74,20,existence,278.14
27,16,11,debt,82.38
116,90,26,debt,254.1
110,51,59,debt,316.62
63,18,45,existence,101.5
77,36,41,existence,196.72
86,7,79,debt,193.29
30,18,12,payment,93
4,2,2,debt,30.9
156,148,8,payment,436.8
34,21,13,debt,137.46
107,48,59,debt,229.28
10,9,1,payment,41.83
74,43,31,payment,204.39
93,40,53,debt,203.53
66,37,29,existence,120.97
66,54,12,debt,248.65
127,77,50,payment,348.11
40,40,0,payment,155.26
122,1,121,existence,216.24
85,14,71,debt,194.28
12,7,5,existence,28.48
129,106,23,payment,275.93
137,35,102,existence,198.43
101,61,40,debt,310.21
154,78,76,existence,330.42
42,22,20,debt,84.51
134,66,68,debt,432.59
29,21,8,existence,71.24
138,2,136,debt,354.67
67,32,35,debt,155.6
50,21,29,debt,151.23
34,4,30,existence,69.25
102,99,3,existence,277.78
39,22,17,debt,139.38
138,104,34,payment,478.44
87,16,71,debt,223.79
155,23,132,payment,403.76
73,46,27,payment,192.4
133,74,59,debt,372.69
8,7,1,debt,25.84
37,28,9,debt,136.96
117,58,59,debt,231.31
71,14,57,payment,182.49
3,2,1,debt,14.66
78,57,21,payment,189.13
125,43,82,payment,349.62
146,100,46,payment,363.55
136,61,75,debt,286.22
24,23,1,payment,69.26
83,45,38,debt,209.24
118,113,5,payment,306.43
103,40,63,payment,233.46
9,1,8,debt,34.41
51,22,29,existence,108.92
100,9,91,payment,255.39
16,10,6,existence,46.5
31,21,10,debt,95.67
24,4,20,payment,36.44
82,17,65,debt,174.41
95,15,80,payment,168.96
2,2,0,existence,5.06
153,103,50,existence,391.13
95,22,73,debt,229.89
38,29,9,existence,85.4
100,27,73,payment,248.13
109,41,68,payment,239.88
114,68,46,existence,274.85
111,67,44,existence,232.21
69,53,16,payment,203.71
38,12,26,payment,85.35
119,30,89,existence,199.34
64,52,12,payment,152.86
29,20,9,existence,79.66
97,17,80,existence,240.1
7,2,5,debt,27.21
2,2,0,existence,6.08
3,1,2,payment,12.54
138,81,57,existence,273.11
131,12,119,existence,246.42
95,58,37,debt,274.5
118,37,81,existence,250.68
50,26,24,payment,120.99
64,49,15,existence,116.59
150,144,6,debt,495.85
83,48,35,debt,173.71
1,1,0,existence,3.12
89,68,21,existence,204.33
127,105,22,payment,364.02
129,42,87,existence,363.27
64,42,22,debt,212.54
45,38,7,debt,114.18
13,4,9,existence,34.83
149,13,136,payment,353.81
95,74,21,existence,246.98
79,6,73,existence,181.83
55,47,8,payment,149.27
42,7,35,payment,78.9
55,30,25,existence,145.49
126,2,124,existence,205.13
38,21,17,payment,113.76
112,105,7,debt,319.63
36,11,25,debt,85.57
23,20,3,debt,69.97
152,60,92,existence,354.61
8,3,5,existence,16.3
96,27,69,existence,232.39
125,92,33,payment,336.23
152,87,65,existence,366.77
92,40,52,debt,264.35
110,80,30,payment,350.34
87,45,42,payment,244.81
69,52,17,existence,227.31
26,6,20,payment,83
145,30,115,debt,302.3
135,45,90,existence,261.74
133,94,39,payment,307.73
105,15,90,debt,293.42
73,63,10,payment,190
133,44,89,payment,217.35
36,20,16,debt,86.75
74,25,49,debt,185.24
37,6,31,existence,76.46
67,27,40,existence,128.24
110,105,5,payment,277.28
36,25,11,existence,81.19
89,83,6,debt,252.15
51,10,41,existence,92.11
105,38,67,debt,304.21
29,6,23,existence,48.35
137,111,26,existence,359.98
37,36,1,existence,133.86
62,34,28,debt,183.3
50,50,0,debt,182
20,11,9,payment,67.83
66,34,32,payment,176.08
106,21,85,payment,211.55
83,80,3,payment,258.13
100,63,37,debt,317.22
50,5,45,debt,127.62
62,54,8,debt,161.23
38,23,15,existence,95.62
107,57,50,existence,332.61
80,76,4,existence,179.85
101,71,30,payment,262.89
116,84,32,payment,351.59
112,101,11,existence,386.83
124,54,70,existence,300.61
105,10,95,payment,264.4
22,14,8,existence,44.15
28,17,11,existence,85.39
60,12,48,debt,119.75
55,42,13,debt,173.9
25,13,12,debt,79.28
49,32,17,debt,136.43
9,8,1,debt,51.05
112,22,90,debt,277.5
32,3,29,existence,78.54
36,31,5,existence,90.46
3,3,0,payment,25
9,4,5,debt,39.77
133,61,72,existence,234.73
19,10,9,payment,40.54
144,87,57,payment,340.43
56,53,3,debt,196.38
43,41,2,debt,148.12
71,67,4,payment,239.76
116,99,17,existence,313.25
106,55,51,payment,198.22
66,3,63,payment,134.12
27,15,12,existence,80.17
50,16,34,existence,124.49
114,44,70,debt,356.47
96,59,37,debt,320.85
6,5,1,debt,31.58
71,11,60,debt,117.26
60,12,48,existence,87.18
29,1,28,existence,43.37
122,26,96,payment,299.87
41,21,20,existence,85.52
51,39,12,debt,120.14
13,9,4,payment,43.94
17,10,7,payment,59.51
23,1,22,existence,38.41
134,126,8,payment,361.15
128,56,72,existence,224.86
31,20,11,existence,99.24
120,40,80,payment,220.52
95,89,6,debt,243.26
33,10,23,payment,79.22
152,33,119,debt,332.27
116,69,47,payment,310.62
108,42,66,payment,236.58
74,17,57,debt,208.52
30,28,2,payment,87.37
98,80,18,payment,357.1
59,19,40,debt,107.21
16,6,10,existence,28.42
124,32,92,existence,184.27
47,47,0,payment,165.77
18,17,1,debt,67.86
55,33,22,existence,159.37
70,31,39,payment,123.05
108,60,48,payment,287.85
111,62,49,payment,214.53
104,57,47,payment,331.1
20,5,15,payment,58.45
108,60,48,debt,274.3
42,35,7,debt,132.99
75,75,0,debt,292.22
2,1,1,debt,33.85
65,11,54,existence,161.84
33,8,25,debt,92.53
115,108,7,debt,354.14
134,86,48,existence,373.85
58,1,57,debt,127.59
29,24,5,payment,91.34
22,5,17,payment,48.51
80,3,77,payment,150.05
85,1,84,payment,142.23
97,88,9,existence,303.86
75,27,48,debt,222.26
53,8,45,existence,74.85
51,16,35,payment,88.73
60,10,50,payment,156.17
38,12,26,payment,115.41
129,6,123,existence,242.76
51,16,35,debt,128.55
11,2,9,existence,18.08
10,7,3,debt,58.9
8,6,2,payment,40.05
89,37,52,payment,220.89
63,6,57,existence,158.73
99,48,51,debt,269.67
156,99,57,payment,508.87
12,10,2,debt,47.92
12,2,10,existence,23.29
134,34,100,existence,367.13
26,18,8,existence,72.95
153,49,104,payment,389.8
153,110,43,payment,441.48
17,6,11,payment,54.68
7,2,5,debt,35.62
111,107,4,existence,331.17
75,55,20,existence,152.92
143,95,48,existence,476.4
134,82,52,existence,347.62
19,15,4,payment,55.3
76,1,75,existence,174.58
43,34,9,payment,156.46
68,12,56,debt,158.46
67,20,47,payment,188.52
122,58,64,existence,341.48
1,1,0,existence,3.77
129,76,53,payment,283.15
93,54,39,payment,271.19
70,5,65,existence,134.89
53,36,17,debt,171.71
72,12,60,debt,163.74
86,13,73,debt,212.19
75,13,62,payment,173.06
29,5,24,existence,78.18
32,25,7,debt,104.18
67,31,36,debt,172.65
147,115,32,debt,404.1
59,9,50,payment,158.62
83,78,5,debt,307.12
18,11,7,payment,64.99
31,4,27,payment,79.2
64,9,55,debt,170.81
82,22,60,payment,136.87
68,52,16,debt,223.78
117,12,105,debt,171.31
1,1,0,existence,3.47
62,34,28,debt,188.77
36,18,18,existence,72.15
38,37,1,payment,105.21
90,13,77,debt,212.02
139,60,79,debt,334.69
73,55,18,payment,190.05
2,2,0,debt,22.75
89,18,71,existence,195.46
73,44,29,debt,149.37
43,43,0,existence,116.19
8,3,5,debt,44.75
96,68,28,payment,297.31
106,55,51,existence,211.32
118,72,46,existence,204.58
80,17,63,debt,144.64
116,20,96,existence,287.83
3,3,0,payment,23.21
14,10,4,debt,60.03
35,7,28,debt,87.67
75,44,31,payment,210.32
84,25,59,payment,243.77
105,47,58,debt,193.73
1,1,0,existence,2.9
42,6,36,payment,123.13
91,65,26,debt,197.66
106,47,59,existence,191.18
37,32,5,debt,123.92
24,1,23,existence,30.27
87,16,71,existence,219.8
98,26,72,existence,218.82
60,58,2,existence,170.33
65,57,8,payment,183.16
20,7,13,existence,51.73
139,63,76,existence,253.25
133,115,18,debt,477.91
92,21,71,payment,202.04
150,61,89,payment,423.86
43,24,19,payment,125.93
43,30,13,payment,122.39
105,45,60,existence,164.26
154,117,37,payment,521.95
16,11,5,payment,44.12
132,84,48,debt,403.31
75,54,21,debt,212.37
69,33,36,debt,182.56
107,42,65,debt,295.88
152,114,38,debt,370.04
47,4,43,existence,119.49
99,59,40,debt,263.53
152,105,47,payment,498.99
150,37,113,payment,390.87
99,31,68,debt,183.56
67,29,38,debt,132.99
63,3,60,existence,114.69
10,1,9,payment,35.41
138,57,81,debt,303.38
45,5,40,payment,84.69
108,102,6,debt,390.04
40,20,20,existence,82.23
47,44,3,payment,160.4
13,13,0,payment,38.73
87,17,70,existence,130.55
156,15,141,existence,295.02
54,39,15,payment,138.63
90,9,81,debt,203.78
66,25,41,existence,143.15
76,17,59,payment,171.51
61,47,14,existence,121.09
11,9,2,debt,41.49
10,2,8,payment,39.99
58,44,14,debt,205.84
58,42,16,existence,129.8
156,6,150,payment,357.61
98,20,78,payment,163.94
146,124,22,debt,315.63
148,130,18,payment,416.39
29,25,4,payment,115.35
111,33,78,payment,190.03
86,61,25,existence,166.11
119,44,75,existence,228.02
60,22,38,existence,159.89
95,45,50,debt,219.44
118,106,12,existence,338.8
23,2,21,existence,51.56
114,8,106,existence,269.97
107,57,50,debt,265.34
34,31,3,debt,121.98
103,100,3,payment,292.84
62,24,38,debt,122.23
128,46,82,payment,224.61
22,7,15,debt,47.79
108,37,71,payment,308.75
103,74,29,existence,226.73
57,28,29,debt,133.07
120,80,40,payment,358.11
9,8,1,debt,48.74
34,14,20,payment,80.86
101,61,40,debt,316.62
73,11,62,debt,198.71
57,15,42,payment,134.39
82,61,21,debt,260.63
113,64,49,existence,277.85
157,120,37,existence,439.25
126,66,60,existence,269.78
100,70,30,debt,253.63
49,37,12,existence,132.18
102,3,99,debt,267
105,104,1,existence,335.14
80,19,61,payment,161.19
97,7,90,payment,177.61
141,29,112,debt,318.41
18,6,12,payment,62.9
29,1,28,existence,56.99
154,7,147,payment,196.46
120,96,24,existence,269.69
109,26,83,existence,245.56
41,15,26,debt,122.39
134,9,125,payment,291.88
4,4,0,existence,10.38
157,109,48,existence,438.34
44,40,4,payment,147.96
68,32,36,payment,136.59
153,22,131,existence,338.53
14,9,5,debt,60.78
98,37,61,existence,233.98
148,124,24,payment,360.25
132,101,31,payment,282.63
70,56,14,debt,247.1
1,1,0,debt,19.86
114,107,7,debt,283.03
148,48,100,payment,255.85
47,4,43,debt,95.82
56,24,32,payment,92.88
28,2,26,payment,78.85
53,30,23,existence,104.4
76,66,10,existence,230.97
7,6,1,existence,15.29
63,49,14,existence,169.36
130,57,73,existence,241.05
126,28,98,payment,215.2
74,31,43,existence,152.63
108,87,21,debt,234.81
26,4,22,payment,68.08
3,3,0,existence,6.37
108,4,104,payment,247.61
98,63,35,existence,273.96
95,34,61,existence,227.18
105,97,8,existence,376.74
11,5,6,existence,21.23
130,26,104,payment,201.54
76,38,38,payment,180.96
40,30,10,payment,116.14
131,50,81,debt,348.35
32,27,5,debt,125.51
26,24,2,existence,79.39
26,23,3,payment,71.61
92,18,74,payment,172.3
11,8,3,payment,49.15
120,13,107,debt,311.81
96,39,57,existence,224.86
128,112,16,debt,292.42
66,58,8,existence,145.45
42,37,5,payment,94.61
34,4,30,debt,67.09
42,26,16,existence,111.29
130,122,8,existence,453.5
107,39,68,debt,284.27
151,15,136,existence,354.09
28,14,14,existence,54.31
101,62,39,existence,193.07
32,17,15,debt,120.48
134,41,93,debt,226.37
155,122,33,debt,408.03
40,22,18,debt,135.14
58,25,33,debt,127.49
36,11,25,debt,82.87
56,10,46,payment,89.37
68,18,50,debt,209.13
143,57,86,debt,322.68
152,116,36,existence,275.86
34,25,9,debt,86.16
38,13,25,debt,81.27
129,127,2,payment,350.18
115,6,109,debt,267.73
3,1,2,debt,28.66
71,17,54,existence,172.66
100,96,4,payment,311.9
115,31,84,debt,246.07
6,5,1,debt,39.92
19,2,17,payment,52.35
114,8,106,payment,179.07
96,50,46,debt,234.61
66,18,48,payment,154.1
97,71,26,debt,268.79
118,7,111,debt,261.01
41,40,1,debt,154.28
118,13,105,debt,246.88
49,26,23,debt,154.45
30,30,0,payment,107.9
57,20,37,debt,124.51
75,13,62,payment,212.14
69,25,44,payment,190.11
156,104,52,debt,379.72
59,8,51,payment,92.01
77,35,42,existence,159.56
84,25,59,debt,144.95
35,1,34,debt,84.85
128,39,89,payment,387.2
55,48,7,existence,180.66
72,53,19,debt,247.27
7,6,1,payment,39.64
62,38,24,debt,145.23
29,17,12,payment,100.46
76,33,43,debt,191.14
60,29,31,payment,127.29
23,13,10,payment,77.26
34,28,6,debt,81.23
132,53,79,existence,350.2
71,10,61,debt,129.81
124,99,25,debt,291.16
24,14,10,debt,71.85
75,59,16,existence,236.77
10,9,1,payment,33.28
37,6,31,payment,87.52
27,25,2,payment,100.89
69,2,67,debt,194.4
157,156,1,existence,326.6
49,17,32,payment,92.52
33,12,21,existence,89.83
128,1,127,existence,220.86
106,47,59,existence,239.51
57,4,53,payment,114.52
114,72,42,debt,333.27
146,132,14,payment,442.34
135,14,121,debt,332.87
33,30,3,existence,105.53
6,2,4,existence,13.16
49,24,25,existence,155.8
13,3,10,existence,20.29
121,115,6,debt,381.86
119,34,85,debt,266.03
42,24,18,debt,126.41
1,1,0,payment,15.8
143,71,72,debt,329
34,34,0,existence,121.13
10,4,6,existence,18.41
49,15,34,existence,119.65
72,58,14,payment,267.97
92,13,79,payment,227
135,51,84,existence,325.82
32,12,20,debt,63.81
121,27,94,existence,323.08
83,21,62,existence,212.15
82,23,59,existence,144.58
78,6,72,existence,182.89
122,88,34,payment,386.07
120,65,55,existence,306.35
58,51,7,payment,159.09
72,9,63,existence,158.06
15,10,5,payment,43.05
85,63,22,payment,224.14
57,41,16,debt,201.35
123,9,114,debt,168.65
150,106,44,debt,452.83
25,1,24,debt,72.94
57,16,41,existence,90.86
30,7,23,payment,68.91
132,28,104,payment,278.69
35,6,29,existence,80.17
125,115,10,existence,351.77
73,34,39,debt,151.16
150,81,69,debt,389.04
35,17,18,existence,73.4
118,15,103,payment,240.51
50,42,8,payment,131.24
24,12,12,existence,47.1
33,13,20,payment,84.55
18,8,10,existence,35.65
22,1,21,payment,46.4
40,17,23,payment,86.01
46,12,34,existence,94.99
26,4,22,existence,57.17
35,35,0,existence,81.25
113,101,12,payment,306.77
102,54,48,payment,272.68
56,56,0,debt,170.64
155,112,43,existence,425.33
70,32,38,existence,142.23
11,10,1,payment,42.89
119,73,46,debt,239.48
157,61,96,payment,446.1
97,68,29,payment,248.97
28,8,20,debt,64.78
96,20,76,payment,178.47
153,46,107,payment,429.81
93,75,18,debt,301.18
31,1,30,debt,61.03
30,15,15,existence,55.03
128,108,20,debt,390.03
38,37,1,debt,106.34
48,43,5,debt,172.95
113,87,26,payment,261
9,3,6,existence,22.38
70,18,52,debt,160.25
10,5,5,payment,35.96
75,29,46,existence,161.34
37,7,30,payment,71.56
121,71,50,payment,208.76
70,56,14,debt,215.59
106,41,65,debt,258.99
144,52,92,existence,375.64
120,11,109,existence,232.51
124,79,45,existence,285.56
133,103,30,existence,384.3
76,74,2,existence,207.32
118,96,22,debt,390.04
133,92,41,debt,462.16
125,53,72,debt,261.59
42,4,38,payment,119.29
65,9,56,payment,144.43
110,91,19,payment,242.67
101,60,41,debt,252.26
17,4,13,payment,60.19
64,10,54,debt,157.49
156,86,70,existence,418.25
124,57,67,payment,224.79
62,21,41,debt,205.72
37,13,24,existence,58.59
66,45,21,debt,175.12
42,34,8,payment,137.98
101,78,23,debt,330.17
16,14,2,payment,71.66
81,25,56,payment,231.94
51,31,20,debt,125.2
3,2,1,debt,19.12
17,7,10,debt,35.39
81,38,43,payment,186.27
21,19,2,debt,77.32
58,14,44,debt,131.92
27,20,7,debt,101.79
44,14,30,debt,131.13
138,91,47,debt,291.95
69,48,21,payment,230.39
128,16,112,payment,292.85
41,23,18,existence,88.09
17,10,7,existence,47.2
151,45,106,debt,296.4
100,97,3,debt,273.6
155,59,96,payment,458.9
43,10,33,existence,108.45
97,72,25,existence,282.75
74,36,38,debt,149.64
121,76,45,existence,254
9,2,7,existence,16.12
35,27,8,existence,86.03
11,9,2,existence,37.75
80,4,76,debt,132.32
82,54,28,existence,275.6
122,57,65,existence,336.87
72,66,6,payment,237.18
135,24,111,payment,244.44
132,1,131,debt,270.37
109,90,19,payment,344.15
3,2,1,debt,34.58
35,28,7,debt,137.9
56,45,11,payment,135.84
13,13,0,existence,34.72
62,17,45,existence,155.93
28,8,20,existence,60.89
28,12,16,payment,96.63
120,54,66,existence,272.35
87,27,60,payment,217.09
66,17,49,debt,149.85
53,21,32,debt,121.8
6,6,0,existence,16.37
136,21,115,debt,339.17
36,33,3,existence,77.22
67,19,48,debt,170.3
27,8,19,payment,64.39
51,7,44,existence,109.09
139,43,96,payment,283.81
18,15,3,payment,56.15
56,33,23,payment,172.62
78,75,3,payment,168.56
133,9,124,existence,265.99
151,19,132,payment,320.32
12,6,6,payment,38.7
81,38,43,payment,150.73
87,67,20,existence,248.42
73,28,45,payment,181.09
86,28,58,payment,192.17
95,95,0,existence,251.31
61,48,13,payment,204.57
114,44,70,payment,316.24
62,55,7,debt,213.5
84,47,37,existence,188.09
146,49,97,existence,231.72
97,79,18,payment,334.97
93,56,37,debt,220.63
123,15,108,debt,220.2
138,24,114,payment,314.96
27,15,12,debt,81.85
8,5,3,existence,17.63
49,41,8,payment,132.6
67,44,23,existence,137.28
89,74,15,existence,251.31
16,5,11,debt,55.16
147,82,65,debt,299.92
22,14,8,debt,76.28
113,10,103,payment,213.13
121,61,60,existence,273.55
59,46,13,debt,198.45
76,53,23,debt,221.31
152,5,147,debt,210.02
37,31,6,existence,98.7
84,20,64,existence,158.11
155,99,56,payment,407.39
60,5,55,payment,96.2
98,90,8,payment,226.2
88,31,57,debt,265.07
104,61,43,existence,241.78
39,27,12,payment,80.06
144,84,60,existence,358.53
63,31,32,payment,149.04
119,26,93,existence,204.18
114,33,81,existence,294.03
123,63,60,payment,269.21
42,7,35,payment,84.36
27,6,21,debt,62.85
151,143,8,existence,425.08
59,45,14,existence,198.83
56,13,43,existence,102.83
11,8,3,payment,42.26
103,79,24,debt,290.92
35,2,33,existence,55.15
48,33,15,payment,130.29
64,29,35,payment,152.4
132,15,117,payment,333.4
79,59,20,existence,242.59
58,37,21,debt,164.48
63,8,55,payment,133.34
112,76,36,payment,272.24
10,1,9,payment,26.52
70,46,24,existence,164.39
60,10,50,payment,119.18
15,1,14,debt,47.07
57,8,49,debt,108.02
156,149,7,debt,409.14
42,9,33,debt,118.22
63,2,61,payment,138.86
115,110,5,payment,420.55
65,59,6,payment,232.66
123,67,56,debt,369.87
107,48,59,debt,297.4
113,71,42,debt,275.5
130,128,2,payment,390.13
146,74,72,existence,446.74
6,5,1,existence,14.92
119,96,23,payment,313.11
106,49,57,existence,233.01
124,22,102,debt,251.03
53,12,41,debt,153.16
121,116,5,existence,299.56
114,34,80,existence,203.42
36,30,6,existence,95.17
44,15,29,existence,102.72
86,71,15,debt,249.36
41,24,17,debt,104.19
3,2,1,existence,5.68
144,37,107,debt,400.33
144,15,129,payment,311.21
3,3,0,payment,23.32
2,1,1,existence,4.39
40,39,1,existence,109.05
102,86,16,payment,291.02
151,137,14,existence,387.67
100,99,1,debt,287.26
69,61,8,existence,175.44
2,1,1,payment,21.7
96,91,5,existence,327.18
107,94,13,debt,328.03
26,18,8,existence,86.53
44,27,17,existence,124.27
105,42,63,debt,291.75
41,16,25,payment,84.49
126,74,52,debt,361.52
75,63,12,existence,180.93
81,70,11,debt,244.76
8,7,1,debt,44.65
77,39,38,payment,143.33
121,30,91,payment,313.59
100,67,33,payment,242.25
64,17,47,debt,191.64
144,64,80,debt,378.43
54,53,1,payment,160.12
110,93,17,existence,331.67
1,1,0,debt,30.04
97,10,87,existence,171.26
108,5,103,payment,185.95
34,33,1,payment,95.42
104,38,66,existence,277.75
141,124,17,payment,458.12
92,86,6,payment,267.29
88,74,14,debt,262.74
122,122,0,debt,414.23
154,20,134,existence,284.89
101,23,78,existence,275.22
56,24,32,debt,139.54
18,13,5,debt,65.45
24,23,1,existence,55.06
68,52,16,existence,157.36
74,31,43,debt,216.78
133,2,131,debt,182.59
9,8,1,existence,28.52
157,136,21,payment,455.82
27,12,15,debt,84.31
77,43,34,existence,213.24
136,11,125,debt,251.97
131,92,39,payment,235.41
127,89,38,existence,369.58
97,69,28,existence,291.76
80,77,3,payment,252.87
119,104,15,existence,350.36
144,111,33,payment,359.6
114,108,6,debt,330.32
115,40,75,payment,202.88
56,19,37,debt,114.17
87,68,19,payment,236.26
47,5,42,debt,136.86
108,64,44,existence,239.72
110,28,82,payment,287.46
43,6,37,debt,97.76
144,65,79,existence,343.68
124,44,80,payment,277.55
24,21,3,payment,76.89
151,114,37,existence,378.53
82,9,73,debt,219.53
103,51,52,payment,333.54
14,10,4,payment,41.3
62,18,44,existence,86.86
43,9,34,existence,76.49
109,102,7,debt,328.28
143,138,5,existence,430.5
128,80,48,debt,437.98
82,51,31,payment,210.61
133,108,25,existence,344.02
3,2,1,payment,24.31
100,4,96,payment,161.85
12,11,1,existence,37.78
61,48,13,existence,137.95
87,43,44,existence,157.99
85,69,16,payment,191.51
27,14,13,debt,68.77
131,79,52,payment,299.58
156,148,8,existence,348.22
155,136,19,payment,457.62
90,12,78,debt,172.15
120,58,62,existence,370.02
86,18,68,debt,229.74
99,83,16,existence,276.6
139,63,76,existence,328.16
138,113,25,debt,510.56
147,131,16,debt,414.03
142,62,80,debt,286.22
88,75,13,payment,192.13
124,92,32,existence,288.12
98,20,78,payment,228.76
75,38,37,existence,228.91
42,8,34,existence,70.54
52,52,0,debt,173.34
73,24,49,existence,135.44
45,14,31,debt,112.46
94,51,43,payment,231.87
46,41,5,debt,162.52
68,23,45,debt,157.06
153,83,70,existence,370.69
100,89,11,existence,253.45
10,5,5,payment,32.78
37,10,27,payment,86.16
32,28,4,payment,115.31
150,125,25,existence,464.73
91,71,20,debt,299.69
99,9,90,existence,127.29
70,48,22,payment,211.87
71,26,45,debt,146.56
26,24,2,payment,83.36
151,76,75,existence,314.58
38,29,9,debt,112.98
47,4,43,debt,132.37
148,66,82,payment,360.1
98,90,8,debt,386.42
57,39,18,debt,166.05
150,89,61,debt,485.29
80,72,8,payment,231.6
94,63,31,payment,240.9
136,94,42,existence,297.84
48,8,40,debt,102.92
4,3,1,debt,34.77
157,135,22,existence,430.5
69,53,16,debt,235.12
77,49,28,existence,156.1
98,60,38,payment,300.93
41,4,37,existence,83.76
62,49,13,existence,172.72
152,103,49,existence,312.37
29,5,24,existence,40.11
137,103,34,payment,356.62
32,18,14,existence,95.29
123,60,63,debt,325.9
127,72,55,debt,336.57
86,25,61,payment,255.82
101,95,6,existence,249.42
70,59,11,existence,175.34
8,2,6,debt,31.31
10,3,7,existence,19.17
155,153,2,existence,517.24
144,121,23,payment,483.02
138,48,90,debt,391.62
5,2,3,existence,11.28
21,17,4,payment,78.1
94,16,78,payment,260.04
88,86,2,payment,202.54
63,28,35,debt,184.82
26,23,3,existence,75.46
104,10,94,payment,220.63
119,104,15,debt,329.6
65,18,47,debt,141.39
125,8,117,payment,193.79
124,87,37,debt,318.5
153,123,30,existence,453.52
146,25,121,existence,243.87
3,3,0,payment,16.23
131,100,31,debt,347.92
12,2,10,payment,38.59
101,74,27,debt,284.32
27,23,4,payment,69.1
2,2,0,debt,12.79
102,94,8,payment,337.14
130,130,0,debt,336.8
70,63,7,payment,185.26
17,12,5,existence,49.63
29,3,26,existence,66.94
45,19,26,existence,77.59
103,102,1,existence,333.77
87,87,0,payment,270.58
21,8,13,debt,78.48
76,12,64,debt,153.79
24,10,14,existence,61.86
114,82,32,payment,343.86
23,23,0,existence,68.58
124,10,114,existence,183.56
92,61,31,debt,226.58
141,76,65,payment,309.72
84,44,40,existence,195.05
122,119,3,payment,411.1
79,70,9,payment,280.04
60,34,26,payment,166.78
157,80,77,debt,440.09
42,40,2,existence,109.01
70,62,8,debt,274.49
149,136,13,debt,395.95
64,46,18,debt,224.46
1,1,0,payment,14.7
72,38,34,debt,210.15
119,53,66,debt,379.22
128,49,79,existence,230.08
67,57,10,debt,175.74
43,22,21,existence,84.64
79,22,57,existence,110.42
142,90,52,payment,461.21
33,8,25,existence,57.85
152,115,37,existence,496.88
111,98,13,debt,395.23
127,89,38,debt,409.49
49,42,7,existence,166.93
117,3,114,debt,244.48
18,11,7,payment,60.02
141,75,66,debt,399.04
28,10,18,payment,87.65
75,55,20,debt,257.11
50,6,44,payment,121.03
149,103,46,existence,351.72
1,1,0,payment,19.77
14,6,8,payment,39.1
34,33,1,existence,73.33
35,11,24,existence,81.14
122,37,85,debt,273.96
137,122,15,debt,308.73
38,17,21,existence,102.49
39,20,19,payment,78.62
57,11,46,debt,125.45
127,127,0,existence,316.38
33,10,23,debt,91.12
100,90,10,payment,363.32
12,1,11,existence,21.76
97,77,20,existence,323
96,88,8,existence,336.11
140,102,38,debt,445.88
33,18,15,debt,101.98
54,14,40,existence,126.23
155,129,26,existence,487.81
154,20,134,existence,227.34
33,29,4,existence,96.85
17,11,6,payment,51.41
21,6,15,payment,69.6
60,42,18,existence,196.1
126,2,124,debt,325.83
47,22,25,debt,93.2
75,14,61,debt,184.96
138,108,30,payment,472.43
69,41,28,existence,138.11
47,14,33,existence,66.05
140,99,41,existence,332.94
51,31,20,payment,166.82
106,58,48,existence,277.76
27,22,5,payment,98.95
45,25,20,payment,148.31
12,6,6,payment,37.36
101,29,72,debt,185.28
117,63,54,payment,329.81
22,12,10,debt,86.23
38,8,30,existence,83.73
117,5,112,existence,287.59
110,4,106,debt,265.33
111,63,48,payment,284.43
44,21,23,existence,76.32
89,53,36,existence,277.12
110,58,52,existence,257.83
73,12,61,debt,147.3
19,19,0,existence,55.11
82,13,69,existence,175.46
68,14,54,payment,139.38
70,70,0,debt,204.25
26,15,11,debt,77.8
152,132,20,payment,430.24
70,11,59,payment,129.07
133,54,79,payment,358.03
54,47,7,payment,176.25
83,36,47,payment,227.73
84,45,39,payment,191.03
121,13,108,existence,311.23
76,7,69,existence,167.55
62,62,0,debt,209.53
126,107,19,debt,408.05
103,33,70,existence,191.39
114,15,99,debt,250.72
59,46,13,existence,203.55
80,53,27,existence,211.05
14,5,9,debt,61.53
27,18,9,debt,81.87
44,3,41,existence,89.16
122,82,40,debt,318.09
145,78,67,existence,297.45
87,73,14,debt,226.34
4,3,1,payment,27.73
32,3,29,payment,67.36
67,28,39,payment,127.44
118,100,18,payment,339.39
131,95,36,payment,463.66
67,61,6,payment,165.11
80,78,2,existence,225.71
84,74,10,debt,234.35
126,38,88,payment,240.56
3,3,0,existence,7.12
102,78,24,debt,260.39
41,41,0,payment,120.21
130,122,8,payment,353.97
50,30,20,payment,138.28
154,100,54,payment,375.36
130,29,101,existence,213.98
100,44,56,debt,282.88
76,5,71,payment,130.99
115,21,94,payment,235.91
1,1,0,existence,2.78
42,31,11,debt,161.27
50,40,10,existence,125.95
91,21,70,debt,247.97
21,8,13,payment,60.47
108,105,3,payment,248.26
81,7,74,debt,126.14
84,24,60,debt,247.38
106,45,61,debt,198.23
84,28,56,payment,151.78
125,42,83,existence,269.13
151,145,6,payment,314.78
68,66,2,payment,256.92
31,31,0,existence,92.94
139,25,114,existence,362.68
146,65,81,debt,275.88
153,137,16,debt,328.32
111,63,48,debt,232.29
8,6,2,payment,36.88
3,2,1,payment,20.31
32,32,0,existence,78.15
57,48,9,payment,162.55
89,45,44,existence,235.28
76,8,68,debt,182.15
112,72,40,existence,238.73
49,31,18,debt,150.05
102,63,39,payment,324.85
1,1,0,debt,19.33
26,13,13,debt,101.61
118,55,63,existence,321.23
59,54,5,payment,142.42
121,116,5,existence,300.01
52,14,38,payment,145.43
148,64,84,payment,377.95
76,12,64,debt,186.65
125,38,87,payment,333.43
121,91,30,debt,326.2
77,38,39,debt,183.21
1,1,0,payment,11.91
147,80,67,existence,409.69
144,94,50,debt,283.05
27,20,7,existence,88.57
15,15,0,existence,50.51
27,13,14,debt,87.39
109,18,91,existence,296.65
50,13,37,payment,110.46
118,5,113,debt,181.56
76,74,2,payment,270.02
73,11,62,existence,114.52
35,24,11,debt,107.16
80,24,56,debt,162.74
40,14,26,existence,73.63
16,16,0,existence,62.73
66,60,6,existence,172.03
140,9,131,payment,238.17
119,52,67,payment,369.11
8,2,6,existence,19.56
74,21,53,payment,124.03
22,3,19,existence,59.05
48,5,43,existence,93.77
71,22,49,payment,138.96
152,139,13,existence,415.27
110,11,99,payment,213
128,85,43,debt,333.51
66,15,51,debt,128.35
126,113,13,payment,418.81
112,84,28,debt,347.95
19,11,8,debt,67.5
32,21,11,existence,73.73
45,14,31,debt,113.69
3,1,2,debt,25.96
31,24,7,payment,80.2
94,18,76,payment,201.91
89,38,51,debt,281.35
29,12,17,payment,83.73
125,46,79,debt,315.72
80,34,46,payment,188.56
98,78,20,payment,240.6
157,146,11,payment,377.86
149,116,33,payment,437.72
151,76,75,debt,293.97
106,37,69,debt,316.71
24,21,3,payment,67.05
25,7,18,existence,56.89
21,9,12,debt,75.08
132,18,114,debt,290.66
103,80,23,debt,278.65
147,69,78,debt,291.48
122,118,4,payment,384.73
53,37,16,existence,156.87
111,52,59,existence,223.11
72,13,59,existence,150.19
52,38,14,existence,134.7
42,22,20,debt,109.88
28,7,21,payment,63.95
97,45,52,debt,266.75
14,3,11,existence,28.64
18,9,9,existence,51.83
24,4,20,debt,79.44
77,54,23,existence,224.98
24,10,14,debt,83.91
37,20,17,payment,120.39
33,32,1,existence,81.79
114,111,3,payment,398.84
25,23,2,payment,65.8
121,27,94,debt,188.66
26,13,13,debt,85.11
105,8,97,debt,159.4
148,135,13,debt,437.51
62,44,18,existence,175.83
61,11,50,payment,124.05
45,5,40,existence,110.4
82,78,4,payment,222.21
118,36,82,existence,264.62
89,3,86,payment,226.58
49,21,28,payment,151.22
92,64,28,payment,210.85
134,46,88,payment,280.4
84,42,42,debt,247.99
89,72,17,payment,276.37
83,62,21,payment,178.02
109,15,94,existence,275.37
17,14,3,debt,74.47
87,18,69,existence,206.51
138,58,80,existence,349.61
74,13,61,existence,106.71
61,44,17,existence,167.81
72,64,8,payment,250.27
92,60,32,payment,300.11
144,121,23,payment,373.06
103,26,77,debt,296.87
85,59,26,payment,165.76
152,100,52,debt,430.29
97,54,43,debt,237.02
68,56,12,debt,206.76
96,90,6,existence,242
151,75,76,debt,405.32
17,14,3,existence,47.97
149,38,111,debt,335.02
18,12,6,debt,46.42
123,27,96,existence,181.58
104,79,25,existence,330.48
138,66,72,existence,242.91
40,13,27,debt,131.84
152,88,64,payment,319.72
36,35,1,payment,144.79
33,11,22,debt,82.47
28,10,18,existence,60.31
137,98,39,existence,353.36
53,8,45,existence,99.44
99,48,51,debt,179.09
103,43,60,existence,228.94
77,61,16,existence,217.26
14,13,1,debt,55.5
97,6,91,debt,140.37
108,13,95,existence,146.03
6,5,1,payment,37.28
116,103,13,debt,457.39
141,27,114,debt,259.86
34,19,15,existence,64.34
32,24,8,payment,103.36
72,13,59,debt,128.44
81,19,62,payment,126.19
84,69,15,existence,201.08
63,53,10,debt,158.47
118,118,0,debt,286.04
19,10,9,existence,37.94
78,40,38,debt,146.82
76,11,65,payment,116.13
56,26,30,existence,97.57
146,81,65,payment,265.77
144,11,133,existence,292.58
153,113,40,payment,286.85
125,110,15,payment,308.26
5,4,1,debt,43.13
70,61,9,existence,213.29
131,27,104,existence,348.75
39,9,30,payment,87.06
54,8,46,existence,104.98
24,3,21,debt,69.5
117,60,57,existence,279.24
20,2,18,payment,42.02
48,36,12,payment,131.76
45,4,41,debt,105.45
55,23,32,debt,131.26
16,3,13,debt,64.44
117,85,32,debt,243.69
144,91,53,debt,428.78
82,32,50,existence,201.3
82,65,17,existence,259.52
77,17,60,existence,150.71
16,10,6,payment,67.64
137,39,98,existence,292.56
96,15,81,debt,135.81
86,64,22,payment,191.88
56,1,55,debt,118.91
87,32,55,payment,175.29
122,8,114,payment,221.26
4,1,3,payment,21.42
66,10,56,existence,153.55
37,10,27,existence,96.67
78,58,20,debt,217.86
94,56,38,payment,222.36
80,29,51,payment,187.69
150,78,72,payment,311.77
10,1,9,existence,19.72
37,26,11,debt,100.63
128,67,61,payment,296.2
123,119,4,debt,339.53
4,4,0,payment,21.17
48,31,17,debt,130.68
2,1,1,existence,5.11
43,29,14,existence,113.63
87,42,45,existence,160.67
142,57,85,payment,297.11
122,93,29,payment,274.64
143,28,115,payment,242.95
77,19,58,payment,201.85
14,10,4,existence,46.54
35,34,1,existence,95.36
135,50,85,payment,256.94
43,9,34,payment,82.57
96,87,9,debt,221.13
28,2,26,existence,53.73
129,4,125,debt,219.7
22,2,20,debt,63.97
147,22,125,payment,355.81
63,25,38,payment,140.23
2,1,1,existence,5.19
14,7,7,payment,44.16
28,12,16,debt,87.16
25,16,9,payment,77.94
12,2,10,payment,41.56
93,39,54,existence,203.81
109,64,45,debt,260.33
116,56,60,payment,330.42
120,72,48,debt,249.82
137,90,47,existence,441.88
110,81,29,debt,257.71
148,46,102,payment,434.92
19,4,15,debt,43.47
84,44,40,payment,239.54
78,44,34,existence,167.41
31,18,13,debt,86.85
123,105,18,debt,430.78
139,105,34,payment,335.76
58,35,23,debt,143.35
151,107,44,payment,363.51
156,84,72,existence,352.12
12,4,8,debt,41.48
122,76,46,payment,382.14
113,43,70,existence,248.16
157,127,30,existence,461.19
155,13,142,existence,274.26
22,16,6,debt,83.79
48,7,41,existence,83.01
6,1,5,payment,23.1
122,10,112,payment,180.06
103,69,34,payment,290.5
119,47,72,existence,258.13
60,44,16,existence,191.91
133,80,53,debt,382.59
95,50,45,payment,299.8
40,13,27,debt,91.8
89,85,4,debt,245.98
68,63,5,existence,170.62
86,42,44,existence,236.69
22,19,3,debt,87.76
137,11,126,payment,316.29
98,71,27,existence,262.16
64,17,47,existence,120.93
136,84,52,payment,248.23
25,15,10,existence,51.77
47,37,10,existence,107.85
140,55,85,debt,387.58
117,20,97,existence,265.42
50,42,8,debt,202.19
133,120,13,debt,336.56
51,22,29,existence,102.54
111,27,84,debt,299.68
22,12,10,payment,80.7
20,18,2,existence,59.39
14,5,9,debt,52.94
109,27,82,debt,307.46
14,11,3,existence,32
35,26,9,existence,75.75
154,140,14,payment,498.31
22,19,3,debt,59.76
100,72,28,debt,221.85
6,4,2,payment,35.09
13,10,3,existence,28.41
131,82,49,debt,301.28
55,8,47,debt,120.6
41,19,22,debt,130.37
107,13,94,payment,206.53
75,14,61,payment,120.51
97,80,17,payment,242.02
24,12,12,payment,76.08
57,8,49,payment,105.4
93,58,35,debt,218.92
48,23,25,debt,120.96
15,5,10,existence,40.52
24,15,9,debt,63.83
28,14,14,debt,94.94
69,12,57,payment,153.14
8,8,0,debt,41.58
78,71,7,existence,209.61
21,10,11,payment,60.07
24,8,16,debt,87.01
41,14,27,debt,124.9
57,52,5,payment,210.08
135,124,11,payment,354.65
30,1,29,payment,47.89
89,52,37,debt,205.42
120,97,23,existence,320.19
7,4,3,existence,17.99
28,25,3,payment,99.29
63,35,28,payment,158.76
39,28,11,existence,102.62
74,53,21,existence,210.36
110,107,3,debt,334.49
46,45,1,existence,140.17
80,5,75,debt,137.94
2,1,1,existence,5.61
35,26,9,debt,87.93
152,152,0,payment,450.6
100,90,10,payment,330.39
56,47,9,payment,177.48
156,113,43,existence,444.54
152,128,24,payment,446.54
39,20,19,debt,87.88
50,27,23,payment,131.56
122,37,85,debt,340.27
34,26,8,existence,104.12
88,78,10,payment,208.61
20,19,1,payment,67.77
102,95,7,debt,301.29
68,7,61,payment,120.5
112,7,105,payment,290.19
3,1,2,debt,23.99
28,5,23,debt,92.35
130,64,66,payment,406.68
146,144,2,existence,438.87
96,75,21,existence,301.41
103,41,62,payment,228.16
99,79,20,payment,227.07
7,4,3,debt,33.2
154,136,18,payment,296.41
102,72,30,debt,349.46
110,51,59,existence,193.6
7,2,5,debt,30.47
145,46,99,debt,292.87
79,69,10,payment,206.63
33,32,1,existence,63.16
154,101,53,debt,303.93
154,25,129,payment,374.4
116,106,10,payment,380.4
55,51,4,payment,163.69
31,19,12,payment,96.57
147,143,4,payment,513.07
6,3,3,payment,33.62
79,7,72,existence,143.49
21,5,16,debt,81.4
130,105,25,existence,306.89
40,1,39,debt,63.94
139,20,119,debt,230.76
44,27,17,existence,78.5
69,15,54,debt,115.03
4,2,2,debt,30.12
36,3,33,payment,68.6
19,13,6,debt,69.93
22,4,18,debt,56.41
51,2,49,payment,112.64
73,60,13,payment,187.81
19,13,6,payment,67.59
8,2,6,debt,36.92
152,100,52,existence,345.36
30,10,20,existence,66.02
15,8,7,existence,39.77
121,110,11,existence,328.78
49,27,22,payment,137.17
137,28,109,payment,354.37
121,92,29,existence,339.8
10,5,5,existence,24.64
154,139,15,payment,530.28
120,32,88,existence,301.26
41,13,28,payment,74.27
52,30,22,existence,150.43
7,6,1,existence,22.01
6,2,4,existence,15.6
149,83,66,debt,477.9
110,46,64,existence,309.19
118,40,78,payment,220.96
105,17,88,payment,285.31
32,21,11,debt,110.08
83,28,55,existence,220.18
84,12,72,debt,208.6
152,51,101,existence,286.3
97,37,60,existence,232.23
48,48,0,existence,145.28
65,53,12,payment,135.27
31,2,29,debt,71.87
113,89,24,payment,341.04
68,60,8,existence,157.86
39,12,27,payment,113.85
102,24,78,debt,248.01
151,50,101,existence,291.38
114,62,52,existence,318.03
4,1,3,existence,6.52
6,4,2,debt,18.47
4,3,1,existence,11.54
118,47,71,existence,345.74
48,45,3,payment,150.97
78,57,21,existence,245.26
38,17,21,existence,72.1
147,124,23,debt,350.51
93,19,74,existence,213.32
1,1,0,payment,20.47
15,12,3,existence,31.53
38,7,31,existence,90.06
135,43,92,debt,235.78
50,7,43,debt,95.24
77,31,46,debt,200.74
22,15,7,debt,76.02
80,12,68,payment,205.02
108,105,3,payment,383.86
126,34,92,payment,218.95
74,28,46,existence,202.03
142,139,3,existence,389.75
151,36,115,existence,389.18
17,11,6,payment,49.68
9,6,3,existence,24.63
93,52,41,existence,204.48
7,1,6,payment,16.38
127,24,103,payment,230.06
115,40,75,debt,322.67
123,42,81,existence,204.85
98,85,13,payment,265.49
129,49,80,debt,398.71
10,4,6,existence,19.87
98,70,28,debt,312.79
4,4,0,payment,16.86
42,20,22,existence,86.24
32,9,23,debt,86.49
143,137,6,existence,429.2
23,1,22,existence,46.19
112,62,50,payment,213.37
150,72,78,debt,356.42
109,55,54,debt,238.98
11,10,1,payment,41.34
141,134,7,debt,315.01
1,1,0,debt,13.43
31,4,27,payment,69.71
42,2,40,debt,77.28
48,11,37,existence,80.62
49,4,45,debt,125.66
132,32,100,existence,270.33
8,4,4,payment,30.56
87,31,56,payment,210.21
17,16,1,existence,51.04
81,22,59,existence,211.22
81,12,69,existence,119.18
29,4,25,existence,52.37
122,98,24,debt,297.42
120,113,7,debt,384.86
107,101,6,payment,276.14
72,24,48,existence,207.02
49,16,33,debt,128.23
57,7,50,debt,169.68
33,11,22,existence,77.57
6,2,4,debt,22.9
128,17,111,payment,244.26
118,112,6,existence,258.29
155,6,149,debt,250.53
108,59,49,existence,270.46
42,17,25,existence,87.26
57,49,8,debt,224.57
70,12,58,payment,114.2
3,1,2,debt,21.89
95,85,10,debt,230.89
52,28,24,payment,115.37
125,39,86,payment,310.42
40,12,28,existence,95.21
117,50,67,debt,280.83
147,43,104,existence,367.71
30,2,28,existence,68.22
54,22,32,payment,164.53
11,3,8,payment,32.37
88,68,20,existence,178.49
152,26,126,existence,273.78
48,15,33,payment,75.22
137,126,11,existence,419.39
7,2,5,existence,12.22
90,65,25,existence,256.36
96,64,32,debt,211.38
66,5,61,existence,150.91
23,20,3,payment,67.65
30,9,21,debt,87.5
153,136,17,payment,526.65
3,1,2,debt,15.05
135,7,128,payment,345.62
14,1,13,debt,54.12
112,20,92,payment,288.11
156,82,74,payment,436.94
85,45,40,payment,263.84
23,2,21,payment,44.73
151,85,66,payment,336.54
40,25,15,existence,83.29
95,83,12,existence,210.96
1,1,0,payment,14.78
54,1,53,existence,116.78
26,8,18,payment,66.13
10,4,6,debt,46.91
59,18,41,payment,161.4
22,20,2,existence,55.76
21,18,3,existence,51.53
98,83,15,payment,256.64
87,29,58,existence,187.66
157,134,23,payment,558.6
29,21,8,debt,82.48
97,52,45,existence,254.22
134,94,40,existence,312.26
113,109,4,existence,325.3
74,71,3,existence,201.94
146,119,27,payment,373.41
133,50,83,debt,339.51
86,15,71,debt,210.34
90,24,66,payment,143.25
130,99,31,debt,357.91
81,70,11,existence,225.47
21,4,17,payment,43.39
5,1,4,debt,16.35
39,18,21,debt,102.22
101,14,87,existence,183.2
71,38,33,payment,208.94
68,53,15,existence,201.85
70,69,1,debt,224.38
15,6,9,payment,40
23,8,15,payment,70.63
89,30,59,payment,245.62
149,129,20,payment,436.55
138,106,32,payment,408.11
132,94,38,payment,412.27
148,9,139,payment,215.23
114,84,30,debt,312.21
103,2,101,debt,282.62
116,59,57,debt,288.18
138,48,90,existence,261.33
49,33,16,debt,149.62
132,60,72,payment,382.83
27,14,13,debt,82.72
155,131,24,existence,523.05
24,7,17,debt,59.94
89,23,66,existence,241.15
68,46,22,existence,178.92
40,11,29,payment,122.72
123,53,70,payment,238.83
57,33,24,debt,146.31
28,23,5,debt,82.91
122,77,45,payment,302.55
134,31,103,existence,326.82
65,20,45,existence,124.57
5,4,1,payment,24.15
55,51,4,payment,142.23
123,97,26,payment,287.75
63,9,54,existence,122.99
109,6,103,existence,155.64
137,30,107,debt,335.64
118,77,41,payment,227.71
69,2,67,existence,122.35
19,5,14,existence,39.34
139,33,106,existence,224.32
15,12,3,payment,53.95
99,74,25,payment,297.5
39,33,6,existence,122.33
102,20,82,debt,255.15
148,90,58,debt,397.87
68,27,41,existence,198.85
93,42,51,debt,213.22
157,130,27,debt,375.09
3,2,1,existence,8.65
88,28,60,debt,238.92
3,3,0,debt,31.93
6,4,2,debt,25.61
49,17,32,existence,140.87
58,20,38,debt,154.36
47,29,18,debt,117.53
38,8,30,payment,70.69
64,2,62,payment,157.73
92,67,25,payment,252.65
139,128,11,payment,341.29
11,1,10,payment,34.68
121,2,119,existence,228.08
68,15,53,payment,136.13
117,14,103,payment,248.4
108,93,15,existence,228.36
130,38,92,debt,285.19
150,25,125,existence,246.28
43,38,5,existence,119.89
45,41,4,debt,126.13
38,37,1,debt,137.87
111,22,89,payment,176.5
116,76,40,debt,356.33
112,86,26,existence,298.99
65,53,12,existence,127.39
148,67,81,debt,434.55
77,38,39,debt,157.88
21,10,11,payment,73.04
75,32,43,payment,232.47
22,5,17,payment,60.68
119,1,118,debt,240.21
119,116,3,payment,380.14
124,63,61,payment,243.33
118,40,78,existence,184.24
128,107,21,payment,381.07
60,4,56,existence,102.96
80,78,2,payment,193.03
67,48,19,payment,217.52
93,66,27,debt,247.68
152,2,150,debt,238.92
93,42,51,payment,232.81
151,60,91,debt,390.57
25,15,10,payment,81.5
113,77,36,payment,345.92
154,31,123,payment,411.66
107,21,86,payment,194.76
113,94,19,payment,364.38
3,3,0,existence,7.39
43,36,7,payment,141.64
51,33,18,debt,126.26
56,20,36,debt,179.31
98,55,43,payment,186.87
2,1,1,payment,15.5
21,10,11,payment,55.1
50,18,32,debt,99.39
114,43,71,existence,180.78
74,15,59,debt,195.25
54,26,28,existence,108.22
89,23,66,debt,180.69
154,137,17,existence,347.73
66,18,48,payment,184.57
153,114,39,debt,379.71
39,29,10,payment,109.82
108,86,22,debt,359.64
58,56,2,payment,174.89
121,36,85,payment,232.39
145,108,37,debt,349.49
40,24,16,existence,101.27
44,16,28,payment,90.71
122,29,93,debt,238.52
94,25,69,payment,188.01
76,14,62,existence,109.91
50,38,12,payment,139.54
123,39,84,debt,269.21
56,10,46,debt,111.14
49,4,45,existence,86.69
64,59,5,debt,186.82
75,48,27,existence,187.93
129,117,12,debt,479.41
122,75,47,existence,298.41
15,13,2,existence,36.92
156,1,155,payment,247.23
57,11,46,debt,96.84
95,76,19,payment,260.69
137,45,92,existence,310.91
94,22,72,payment,170.8
142,101,41,payment,328.07
148,43,105,payment,264.5
156,67,89,payment,409.17
18,18,0,debt,72.69
22,8,14,payment,58.77
27,21,6,debt,96.05
24,10,14,payment,72.87
20,8,12,existence,38.84
6,3,3,debt,30.12
38,29,9,payment,147.64
87,20,67,debt,238.01
32,29,3,payment,107.49
67,13,54,existence,107.11
155,128,27,payment,535.7
93,25,68,existence,190.86
71,60,11,existence,249.99
80,44,36,payment,242.04
6,4,2,existence,19.75
124,21,103,payment,307.46
27,27,0,debt,83.12
65,15,50,existence,141.41
13,6,7,debt,51.41
4,1,3,debt,29.33
17,7,10,existence,46.88
2,2,0,debt,30.91
74,30,44,existence,189.6
96,96,0,existence,307.97
119,115,4,payment,310.45
126,76,50,debt,361.02
146,89,57,existence,422.57
101,101,0,payment,254.96
58,49,9,existence,158.68
152,143,9,debt,420.62
151,141,10,debt,462.15
20,19,1,debt,100.23
147,26,121,debt,324.31
16,7,9,debt,58.56
2,1,1,existence,3.88
110,39,71,payment,233.15
63,57,6,payment,206.79
70,41,29,payment,151.18
71,51,20,payment,173.01
55,23,32,payment,103.25
120,119,1,debt,354.04
88,45,43,payment,214.2
25,23,2,debt,97.95
153,144,9,payment,387.46
58,12,46,debt,110.75
41,36,5,existence,115.64
80,16,64,payment,194.33
47,4,43,debt,106.45
20,13,7,payment,77.51
2,1,1,debt,15.9
142,112,30,debt,340.82
101,19,82,existence,173.21
155,85,70,existence,373.19
77,56,21,payment,260.12
39,30,9,existence,97
25,24,1,payment,94.08
36,30,6,payment,128.55
1,1,0,existence,2.67
93,90,3,existence,297.75
90,25,65,debt,183.45
139,126,13,payment,381.66
103,95,8,debt,319.76
29,26,3,existence,86.17
38,25,13,existence,111.31
87,17,70,debt,164.39
57,43,14,existence,160.95
107,38,69,debt,232.35
148,65,83,existence,411.39
39,30,9,existence,94.58
28,7,21,debt,86.23
156,31,125,debt,343.82
35,17,18,debt,113.43
82,72,10,existence,164.05
125,20,105,payment,323.25
10,8,2,payment,37.02
55,28,27,debt,176.92
91,82,9,payment,298.75
122,37,85,payment,308.41
74,24,50,debt,241.09
3,3,0,payment,27.52
50,43,7,payment,162.33
134,81,53,debt,362.68
144,65,79,payment,294.14
41,37,4,payment,156.75
44,12,32,debt,123.59
152,103,49,debt,400.29
113,36,77,existence,246.31
8,6,2,payment,25.44
93,54,39,payment,206.53
18,11,7,debt,52.09
119,82,37,existence,336.78
24,10,14,payment,81.61
86,18,68,payment,253.57
101,16,85,existence,235.1
123,31,92,debt,327.85
111,94,17,existence,242.17
110,47,63,debt,274.71
108,85,23,payment,267.65
21,13,8,existence,61.46
41,4,37,existence,95.72
81,13,68,debt,179.33
131,39,92,debt,275.02
79,13,66,existence,210.67
43,9,34,payment,128.29
113,80,33,payment,334.33
104,47,57,payment,212.41
10,9,1,existence,26.45
16,6,10,debt,59.35
156,89,67,existence,359.4
41,15,26,payment,90.55
156,57,99,existence,355.48
79,65,14,debt,248.99
131,70,61,debt,256.4
105,24,81,payment,219.42
150,80,70,payment,355.17
43,41,2,debt,177.17
51,31,20,existence,126.72
29,5,24,debt,83.3
143,44,99,existence,321.87
125,21,104,debt,312.01
119,31,88,payment,215.59
75,34,41,debt,198.73
69,57,12,existence,223.58
74,33,41,payment,162.55
126,76,50,existence,261.22
153,141,12,payment,401.86
154,93,61,debt,303.01
106,73,33,existence,245.62
69,62,7,debt,194.68
140,45,95,payment,350.02
41,25,16,debt,123.28
26,3,23,payment,43.83
125,31,94,existence,213.9
66,64,2,debt,182.35
31,15,16,debt,73.76
139,61,78,debt,332.27
93,24,69,payment,186.79
68,36,32,debt,140.93
15,12,3,debt,65.77
70,9,61,payment,149.25
17,13,4,payment,62.92
93,85,8,existence,219.58
105,64,41,payment,266.47
51,30,21,payment,174.82
119,19,100,debt,229.36
13,2,11,payment,46.94
29,16,13,debt,70.25
57,37,20,payment,137.37
3,1,2,existence,7.7
40,24,16,debt,161.98
17,12,5,existence,45.62
8,4,4,existence,16.38
8,1,7,payment,19.34
142,73,69,payment,360.59
90,45,45,debt,189.91
101,49,52,existence,247.88
102,46,56,payment,293.67
45,15,30,payment,86.49
111,1,110,debt,191.71
150,67,83,existence,402.45
142,44,98,payment,231.25
65,19,46,payment,168.24
67,12,55,debt,138.71
25,25,0,debt,71.34
9,6,3,debt,24.75
153,2,151,existence,256.32
48,41,7,debt,170.02
102,38,64,payment,280.9
85,59,26,existence,256.59
52,39,13,existence,125.22
28,1,27,existence,35.74
76,38,38,existence,190.17
8,5,3,existence,25.69
103,102,1,existence,353.46
51,38,13,debt,122.57
33,11,22,payment,102.76
96,47,49,existence,216.49
134,77,57,debt,366.51
154,74,80,payment,391.67
125,108,17,debt,304.77
74,15,59,debt,142.09
105,72,33,debt,342.13
34,7,27,debt,111.62
149,105,44,debt,484.03
29,11,18,payment,83.07
123,89,34,payment,315.94
141,50,91,existence,374.7
96,65,31,payment,217.01
56,37,19,payment,120.49
122,120,2,existence,353.99
126,7,119,payment,323.34
88,61,27,debt,182.91
79,19,60,existence,209.53
67,14,53,payment,171.62
34,16,18,existence,80.9
29,14,15,existence,79.9
102,34,68,existence,150.16
127,92,35,existence,324.4
83,17,66,existence,148.25
36,20,16,payment,114.44
115,86,29,existence,284.72
157,66,91,existence,313.36
144,58,86,existence,269.62
64,41,23,payment,151.21
44,20,24,debt,103.72
146,72,74,debt,443.78
3,2,1,debt,27.86
40,13,27,debt,116.82
68,7,61,payment,184.25
112,83,29,existence,317.78
121,54,67,payment,258.98
53,31,22,payment,159.68
128,33,95,payment,306.33
65,13,52,existence,169.8
25,15,10,existence,54.05
46,44,2,payment,164.18
21,18,3,existence,65.57
139,127,12,existence,492.06
129,1,128,existence,257.45
143,71,72,existence,237.75
91,53,38,existence,293.04
73,40,33,debt,233.11
157,57,100,existence,424.66
58,57,1,debt,250.9
31,8,23,payment,92.56
86,22,64,payment,234.24
56,11,45,debt,135.72
38,5,33,existence,60.85
62,30,32,payment,189.3
79,51,28,debt,242.54
99,37,62,payment,223.69
27,21,6,payment,104.46
80,27,53,debt,155.01
109,25,84,debt,296.34
59,1,58,payment,159.54
7,7,0,debt,26.09
148,19,129,payment,315.87
5,5,0,debt,35.59
90,3,87,payment,167.83
57,52,5,payment,169.17
107,85,22,payment,253.93
95,37,58,existence,250.88
18,11,7,debt,81.85
89,31,58,payment,174.86
77,66,11,debt,251.9
64,1,63,existence,156.79
21,4,17,existence,48.26
146,37,109,debt,252.24
33,31,2,debt,108.58
29,27,2,existence,76.27
95,5,90,payment,197.83
153,3,150,existence,248.32
117,94,23,debt,380.73
17,15,2,payment,54.49
139,110,29,existence,419.73
79,33,46,debt,215.23
84,5,79,debt,159.36
43,12,31,debt,143.39
20,12,8,payment,55.54
83,72,11,payment,235.68
82,21,61,debt,136.66
2,1,1,payment,11.64
48,47,1,existence,142.92
108,106,2,existence,370.75
47,16,31,payment,121.78
77,71,6,debt,303.9
103,53,50,debt,288.32
142,97,45,debt,323.38
72,45,27,existence,137.45
22,7,15,existence,62.04
120,79,41,existence,285.02
77,72,5,payment,231.01
130,111,19,debt,352.51
17,10,7,payment,68.55
51,8,43,payment,131.26
33,25,8,existence,79.11
148,109,39,debt,458.13
22,8,14,debt,58.66
109,28,81,existence,267.23
84,19,65,debt,130.45
137,87,50,existence,432.2
18,18,0,existence,34.34
117,3,114,payment,208.96
26,19,7,existence,61.84
106,10,96,payment,205
29,12,17,existence,58.44
102,15,87,debt,205.37
119,53,66,payment,347.37
14,7,7,existence,33.11
43,37,6,debt,141.47
62,45,17,existence,199.88
111,57,54,debt,250.59
103,77,26,existence,220.93
155,120,35,payment,447.93
90,5,85,payment,201.18
55,48,7,existence,164.51
47,3,44,debt,77.66
122,20,102,debt,232.18
108,29,79,debt,182.19
59,7,52,debt,113.42
50,41,9,existence,148.77
97,2,95,debt,130.31
94,15,79,debt,148.28
72,37,35,payment,201.72
154,84,70,payment,287.66
103,66,37,existence,292.32
31,10,21,existence,88.76
140,100,40,payment,400.67
43,14,29,existence,108.17
119,43,76,debt,321.46
2,1,1,debt,23.64
33,15,18,debt,115.18
49,46,3,debt,152.43
151,150,1,existence,541.69
86,84,2,payment,266.83
123,53,70,payment,345.7
68,62,6,payment,181.99
30,4,26,existence,58.57
21,17,4,payment,77.62
131,122,9,existence,438.36
39,32,7,existence,85.31
140,105,35,existence,466.67
51,6,45,debt,93.14
3,1,2,existence,8.34
58,45,13,debt,193.23
28,16,12,existence,74.54
137,56,81,payment,280.92
99,62,37,payment,279.9
84,11,73,debt,135.09
5,3,2,debt,37.37
86,7,79,debt,222.05
120,1,119,existence,187.05
16,11,5,debt,50.79
155,56,99,existence,226.99
108,82,26,existence,284.65
99,43,56,debt,300.33
29,12,17,payment,59.23
46,25,21,existence,129.86
140,122,18,payment,323.65
128,97,31,payment,271.26
74,60,14,existence,165.99
135,97,38,debt,421.57
81,32,49,existence,214.59
110,83,27,payment,353.48
78,30,48,existence,203.68
23,14,9,payment,57.05
87,22,65,existence,163.39
45,37,8,payment,133.48
111,31,80,existence,248.32
34,13,21,debt,90.87
30,22,8,payment,99.89
21,6,15,payment,64.3
44,2,42,existence,52.89
134,82,52,payment,287.74
90,64,26,existence,303.75
20,16,4,existence,42.69
68,9,59,debt,137.89
126,1,125,existence,289.17
84,31,53,existence,174.09
30,25,5,debt,131.22
43,29,14,existence,88.47
32,13,19,payment,99.13
93,49,44,existence,197.19
104,7,97,debt,153.01
115,33,82,existence,237.35
20,14,6,payment,73.42
52,37,15,existence,111.57
145,64,81,existence,226.66
131,16,115,payment,199.48
104,71,33,debt,333.64
54,47,7,debt,169.85
53,27,26,payment,140.82
147,102,45,existence,316.45
58,4,54,existence,115.31
5,3,2,payment,26.91
102,13,89,payment,133.78
30,7,23,existence,43.73
67,56,11,debt,226.43
74,5,69,existence,181.38
85,53,32,existence,217.43
136,4,132,existence,329.14
118,63,55,debt,359.92
52,21,31,debt,161.24
16,14,2,debt,63.24
19,10,9,existence,52.42
119,111,8,payment,298.46
62,39,23,existence,150.41
92,50,42,payment,233.51
117,82,35,payment,287.72
10,4,6,debt,48.21
107,95,12,payment,389.64
93,4,89,existence,223.77
99,10,89,payment,220.23
93,32,61,debt,296.92
38,35,3,existence,127.25
120,115,5,existence,322.46
28,22,6,existence,76.43
28,9,19,payment,74.36
64,1,63,debt,90.7
141,102,39,existence,475.84
53,15,38,debt,101.02
91,88,3,debt,327.25
28,3,25,payment,50.92
53,10,43,payment,142.33
137,134,3,debt,406.6
84,59,25,debt,261.74
133,33,100,existence,190.69
116,41,75,payment,335.54
143,109,34,debt,436.25
142,125,17,payment,488.57
96,86,10,existence,321.98
89,10,79,payment,220.74
12,12,0,payment,58.73
87,66,21,payment,306.01
71,6,65,debt,130.04
46,42,4,payment,132.5
114,59,55,debt,244.39
81,47,34,payment,243.49
46,18,28,payment,141.42
144,13,131,existence,265.28
15,6,9,debt,43.57
71,64,7,existence,152.03
121,66,55,debt,335.9
152,110,42,payment,430.92
144,98,46,payment,385.36
101,48,53,existence,219.83
1,1,0,payment,9.71
143,7,136,payment,298.12
38,28,10,existence,97.05
66,63,3,payment,169.36
114,91,23,payment,396.82
98,18,80,existence,247.31
105,41,64,debt,217.28
151,11,140,payment,235.15
31,10,21,debt,89.4
61,45,16,existence,133.09
108,57,51,debt,251.99
133,43,90,existence,278.25
147,39,108,debt,385.6
32,18,14,debt,102.54
114,38,76,debt,281.24
16,6,10,existence,45.11
135,40,95,existence,208.56
119,95,24,existence,378.98
13,11,2,existence,39.76
83,69,14,payment,225.95
58,6,52,existence,106.69
75,33,42,existence,215.5
45,8,37,payment,87.09
53,47,6,debt,129.73
121,108,13,existence,412.32
135,13,122,existence,299.31
139,78,61,payment,440.28
80,36,44,payment,170.82
1,1,0,existence,3.16
47,26,21,payment,110.47
124,8,116,payment,200.82
81,81,0,existence,259.9
93,53,40,debt,292.11
151,13,138,payment,377.01
133,50,83,payment,262.25
115,108,7,debt,230.11
32,26,6,existence,84.4
74,72,2,debt,204.09
125,39,86,debt,208.28
52,4,48,payment,113.53
26,21,5,existence,61.04
24,14,10,payment,67.2
68,57,11,payment,202.1
22,3,19,existence,41.77
146,7,139,debt,193.45
18,7,11,existence,42.14
15,7,8,existence,30.64
64,20,44,existence,146.44
15,14,1,debt,56.26
14,8,6,debt,49.81
121,82,39,payment,402.26
129,111,18,existence,298.79
15,11,4,debt,59.61
17,1,16,payment,46.31
134,80,54,existence,293.26
109,20,89,payment,242.57
122,63,59,payment,289.94
118,53,65,existence,248.28
84,28,56,debt,256.09
102,86,16,payment,242.85
86,84,2,payment,256.08
78,70,8,debt,203.35
57,40,17,existence,97.63
120,79,41,payment,355.94
109,43,66,payment,242.09
54,38,16,existence,189.09
49,16,33,debt,105.71
51,4,47,debt,96.1
76,57,19,existence,238.62
30,18,12,payment,89.65
74,19,55,existence,111.12
121,43,78,existence,272.86
5,5,0,payment,29.92
71,44,27,payment,165.07
150,70,80,debt,358.95
136,85,51,existence,422.87
49,1,48,existence,69.66
129,81,48,payment,355.76
49,5,44,existence,81.03
149,104,45,payment,360.8
81,37,44,debt,234.63
28,7,21,debt,89.86
128,84,44,existence,352.75
136,34,102,debt,268.89
4,1,3,payment,19.79
110,67,43,debt,322.12
70,29,41,payment,202.22
5,4,1,debt,40.37
37,23,14,payment,127.11
42,7,35,debt,103.61
10,6,4,debt,41.32
151,8,143,debt,262.45
19,13,6,debt,66.35
37,16,21,payment,84.94
44,16,28,payment,109.8
139,23,116,payment,250.84
80,10,70,debt,130.25
47,1,46,debt,93.46
112,64,48,existence,294.84
71,25,46,debt,202.85
157,28,129,existence,383.97
32,8,24,debt,108.06
145,21,124,debt,352.57
31,1,30,debt,91.58
92,67,25,payment,190.7
127,26,101,existence,325.13
151,50,101,debt,450.5
54,8,46,debt,147.41
104,29,75,debt,299.65
116,87,29,payment,352.68
35,35,0,payment,79.24
142,36,106,debt,357.67
64,5,59,existence,99.26
52,44,8,existence,161.56
34,6,28,debt,78.73
7,3,4,payment,18.66
155,87,68,debt,338.3
94,9,85,debt,156.27
33,12,21,payment,76.66
17,16,1,existence,40.07
96,76,20,existence,237.85
23,22,1,existence,73.7
64,25,39,payment,143.1
25,15,10,existence,60.89
60,29,31,payment,119.17
14,12,2,debt,38.87
152,21,131,debt,214.02
1,1,0,existence,2.22
58,33,25,debt,110.95
83,13,70,payment,136.66
22,1,21,existence,36.12
73,33,40,debt,151.47
112,111,1,payment,264.14
14,2,12,payment,33.56
63,52,11,existence,183.59
91,40,51,debt,294.98
84,63,21,payment,182.85
8,5,3,payment,35.88
24,6,18,payment,71.66
47,24,23,payment,124.11
17,13,4,debt,54.05
55,41,14,existence,171.45
121,87,34,debt,284.51
61,21,40,payment,113.69
119,58,61,payment,213.16
25,23,2,existence,59.52
45,12,33,debt,87.44
24,20,4,existence,80.73
77,30,47,payment,178.31
146,31,115,payment,371.33
127,85,42,debt,320.14
19,1,18,debt,49.35
148,106,42,debt,333.49
5,1,4,existence,9.36
136,69,67,payment,380.43
78,45,33,debt,212.1
19,12,7,debt,66.1
66,51,15,debt,212.26
112,25,87,payment,220.83
69,69,0,existence,202.97
90,3,87,existence,142.08
89,57,32,existence,230.56
133,100,33,debt,285.83
80,64,16,payment,271.86
157,62,95,payment,398.85
151,91,60,existence,324.44
23,6,17,payment,56.53
41,3,38,existence,77.05
156,100,56,existence,438.17
148,146,2,payment,408.98
37,20,17,payment,116.8
147,112,35,existence,274.23
123,18,105,existence,222.53
75,51,24,existence,198.06
61,51,10,debt,184.57
134,13,121,payment,246.14
6,3,3,debt,36.81
150,44,106,payment,395.77
65,39,26,payment,158.77
44,34,10,debt,135.26
126,8,118,existence,167.72
5,3,2,payment,22.4
13,2,11,payment,39.25
54,5,49,debt,150.15
108,13,95,payment,227.63
35,23,12,payment,96.59
9,1,8,debt,43.47
28,13,15,existence,60.89
117,16,101,payment,222.04
106,10,96,payment,274.19
126,87,39,existence,412.82
113,106,7,payment,294.81
99,10,89,payment,217.77
117,96,21,payment,338.84
49,48,1,debt,187.89
126,83,43,debt,320.01
27,22,5,existence,62.99
127,84,43,existence,294.77
111,35,76,existence,244.08
124,111,13,existence,394.24
78,47,31,payment,196.7
46,37,9,debt,157.13
100,84,16,payment,358.86
144,137,7,payment,501.8
86,8,78,debt,210.7
60,48,12,debt,154.72
71,12,59,payment,126.14
63,44,19,debt,216.78
38,7,31,debt,101.41
135,69,66,payment,264.96
9,1,8,debt,44.16
157,31,126,debt,251.21
115,115,0,payment,364.13
140,114,26,existence,274.23
122,122,0,payment,290.79
31,30,1,debt,87.87
84,18,66,existence,139.4
59,52,7,existence,124.96
33,18,15,existence,74.98
59,51,8,payment,176.73
141,25,116,existence,318.52
97,28,69,payment,238.36
126,123,3,debt,392.26
157,153,4,payment,528.11
146,130,16,debt,545.93
105,105,0,existence,245.52
69,9,60,payment,118.95
143,7,136,debt,256.3
145,117,28,payment,331.79
3,1,2,debt,19.87
55,50,5,existence,156.99
43,26,17,existence,127.58
46,11,35,payment,132.44
137,102,35,existence,401.29
82,68,14,debt,196.4
112,81,31,existence,253.69
92,25,67,payment,250.27
52,28,24,debt,183.04
153,152,1,debt,390.2
130,89,41,payment,340.79
87,86,1,debt,321.65
113,98,15,debt,384.74
15,2,13,debt,55.32
150,65,85,payment,278.91
127,6,121,payment,247.76
145,24,121,debt,278.88
47,23,24,existence,98.52
147,95,52,debt,442.37
60,50,10,debt,233.28
60,9,51,debt,111.47
99,37,62,existence,194.51
147,103,44,payment,354.22
94,75,19,debt,203.97
64,46,18,payment,189.54
72,3,69,debt,175.49
70,43,27,debt,228.04
142,25,117,payment,285.1
8,5,3,existence,18.11
64,24,40,payment,174.89
109,52,57,payment,200.27
22,20,2,existence,63.36
37,18,19,existence,96.36
65,39,26,debt,215.87
44,35,9,existence,134.57
140,32,108,debt,218.94
83,40,43,existence,204.85
109,82,27,existence,288.04
87,37,50,existence,158.13
123,16,107,existence,170.2
53,12,41,debt,136.59
2,2,0,payment,21.07
36,34,2,payment,122.42
8,1,7,payment,27.05
4,1,3,payment,17.7
135,79,56,debt,426.42
155,78,77,debt,285.98
107,34,73,debt,222.77
124,52,72,existence,310.49
126,1,125,payment,265.33
77,9,68,payment,216.19
121,120,1,payment,315.28
148,121,27,existence,378.78
95,66,29,debt,271.51
86,46,40,payment,266
29,25,4,existence,72.09
149,67,82,existence,382.86
84,69,15,debt,204.48
69,1,68,debt,194.16
68,46,22,existence,206.81
108,11,97,payment,288.9
3,3,0,existence,11.47
147,133,14,payment,490.19
35,7,28,payment,98.76
136,114,22,existence,407.3
31,4,27,existence,71.89
95,3,92,existence,182.24
148,139,9,existence,504.37
138,84,54,payment,439.76
122,109,13,existence,264.57
62,23,39,debt,150.66
137,111,26,debt,441.57
92,67,25,debt,217.96
75,58,17,existence,127.09
139,138,1,existence,411.56
61,50,11,payment,162.73
1,1,0,debt,22.18
157,2,155,existence,380.86
40,27,13,debt,107.3
76,47,29,payment,263.77
22,22,0,payment,71.58
59,29,30,debt,166.68
108,24,84,existence,195.78
121,16,105,payment,282.3
3,1,2,debt,25.12
134,75,59,existence,338.22
127,29,98,payment,251.32
75,63,12,debt,251.08
103,18,85,payment,181.2
20,17,3,payment,54.05
108,80,28,existence,269.17
22,15,7,existence,57.42
110,64,46,existence,194.52
11,6,5,debt,44.93
49,34,15,payment,164.88
22,8,14,existence,42.08
96,89,7,existence,203.49
47,21,26,debt,110.62
105,34,71,debt,202.36
18,2,16,payment,37.47
127,59,68,debt,286.21
99,87,12,debt,237.1
126,78,48,payment,242.8
5,1,4,payment,17.55
48,12,36,existence,101.16
49,33,16,payment,108.71
118,48,70,payment,216.56
97,87,10,payment,349.1
45,32,13,debt,107.57
26,10,16,payment,86.19
86,28,58,existence,232.42
91,48,43,payment,188.49
144,138,6,debt,503.95
88,31,57,payment,230.88
41,23,18,debt,104.51
81,9,72,existence,193.83
11,1,10,debt,47.7
108,34,74,existence,293.56
51,9,42,existence,77.44
26,18,8,payment,92.6
50,2,48,debt,112.52
38,32,6,payment,99.44
12,12,0,existence,38.43
78,17,61,existence,113.09
43,16,27,payment,87.78
121,107,14,existence,340.14
135,19,116,payment,206.83
156,155,1,payment,410.47
101,36,65,debt,230.1
92,41,51,debt,273.15
105,47,58,existence,187.71
31,1,30,payment,67.97
15,8,7,existence,33.88
15,13,2,debt,71.26
25,9,16,debt,100.27
135,120,15,debt,400.17
52,27,25,existence,121.05
33,31,2,debt,124.02
148,87,61,debt,492.9
150,56,94,payment,347.76
65,12,53,debt,123.91
46,39,7,debt,139.51
77,11,66,debt,189.33
30,18,12,debt,69.94
22,7,15,payment,53.49
119,4,115,existence,259.2
95,37,58,existence,241.55
58,36,22,payment,154.05
17,8,9,debt,69.98
6,2,4,debt,29.01
39,18,21,payment,91.19
28,17,11,debt,105.44
134,118,16,debt,472.58
72,66,6,existence,160.41
70,47,23,debt,153.04
61,7,54,debt,163.89
19,12,7,payment,47.2
36,8,28,debt,110.28
41,36,5,payment,143.53
64,34,30,debt,128.66
4,2,2,existence,9.21
109,35,74,existence,214.89
113,3,110,debt,209.76
140,34,106,existence,215.04
71,9,62,existence,101.05
47,19,28,debt,141.21
70,36,34,existence,157.9
37,15,22,existence,106.49
153,69,84,existence,299.56
143,14,129,debt,221.34
110,91,19,payment,350.16
7,6,1,existence,21.28
123,23,100,debt,334.64
35,11,24,existence,87.24
105,89,16,debt,364.44
90,79,11,existence,267.56
123,105,18,payment,356.29
135,32,103,debt,385.13
122,101,21,debt,363.32
88,21,67,payment,199.16
42,17,25,existence,114.81
52,45,7,debt,123.08
65,5,60,existence,152.86
20,13,7,debt,67.8
39,39,0,debt,112.08
99,89,10,payment,342.75
87,71,16,existence,308.96
152,25,127,payment,288.36
117,89,28,payment,233.45
118,63,55,existence,341.94
71,60,11,payment,253.25
22,19,3,debt,84.84
46,42,4,payment,135.1
47,2,45,debt,104.89
56,30,26,payment,112.9
118,60,58,payment,328.78
44,40,4,payment,157.87
7,6,1,payment,31.65
6,3,3,debt,40.7
81,59,22,payment,256.83
72,68,4,debt,247.74
105,19,86,existence,155.34
81,50,31,payment,264.6
92,20,72,existence,197.48
95,54,41,payment,233.04
130,97,33,payment,352.97
99,37,62,payment,186.76
59,44,15,payment,121.02
153,86,67,payment,395.26
15,5,10,existence,37.28
14,14,0,existence,42.52
105,103,2,debt,313.44
137,90,47,existence,387.49
113,66,47,existence,214.07
136,69,67,payment,241.72
155,20,135,debt,341.02
137,20,117,debt,258.75
43,14,29,existence,73.93
152,69,83,existence,363.53
55,15,40,payment,91.8
59,58,1,existence,177.32
122,36,86,existence,307.89
123,57,66,payment,240.11
151,19,132,payment,237.26
104,80,24,debt,383.21
46,20,26,existence,108.36
61,3,58,existence,127.39
40,34,6,payment,153.17
72,23,49,debt,174.66
150,15,135,debt,248.17
59,29,30,existence,100.24
49,18,31,existence,78.9
123,54,69,debt,315.43
128,71,57,debt,409.23
142,74,68,payment,320.22
115,68,47,payment,313.94
52,52,0,payment,166.93
118,58,60,payment,339.54
145,7,138,payment,273.1
90,26,64,existence,242.9
47,13,34,existence,95.61
78,65,13,debt,245.73
83,39,44,payment,161.12
107,23,84,debt,193.85
70,33,37,existence,164.17
51,46,5,debt,163.31
26,3,23,payment,74.08
85,68,17,debt,208.83
42,16,26,existence,113.49
70,57,13,payment,229.51
42,1,41,existence,60.28
150,37,113,existence,302.25
51,19,32,debt,108.52
76,41,35,debt,157.22
149,38,111,payment,397.29
28,8,20,existence,46.21
105,64,41,existence,261.95
23,5,18,payment,49.25
37,6,31,existence,90.69
9,5,4,payment,44.14
137,29,108,debt,384.31
90,62,28,existence,205.32
63,20,43,debt,166.76
157,109,48,existence,447.37
54,17,37,payment,141.55
70,67,3,debt,249.39
46,18,28,existence,85.45
18,17,1,existence,54.11
13,8,5,existence,40.66
90,77,13,payment,238.3
117,86,31,existence,403.49
74,64,10,debt,190.08
17,11,6,payment,62.15
142,18,124,payment,260.69
23,17,6,existence,44.45
68,34,34,existence,192.64
80,15,65,payment,187.93
114,62,52,debt,351.33
131,59,72,existence,244.67
97,17,80,existence,241.34
132,29,103,debt,353.81
80,1,79,existence,119.44
88,26,62,debt,220.57
86,44,42,payment,255.7
40,21,19,payment,86.16
83,25,58,debt,154.59
147,59,88,payment,320.73
31,24,7,payment,85.86
67,12,55,payment,123.34
55,31,24,payment,152.71
101,23,78,payment,270.18
136,17,119,payment,220.79
37,5,32,payment,68.21
33,23,10,existence,91.03
4,3,1,payment,18.58
123,114,9,debt,307.35
28,7,21,payment,73.95
148,142,6,payment,364.29
93,65,28,payment,206.46
19,17,2,debt,69.49
83,25,58,debt,185.47
41,23,18,existence,103.6
58,3,55,payment,102.4
102,63,39,existence,226.19
47,30,17,existence,107.41
30,16,14,payment,91.7
124,97,27,debt,335.83
119,87,32,debt,385.38
129,29,100,existence,203.3
13,1,12,payment,42.69
35,32,3,payment,116.2
73,54,19,payment,220.94
57,16,41,debt,126.13
114,92,22,existence,306.02
44,40,4,debt,147.63
90,20,70,payment,150.46
55,48,7,debt,127.3
142,109,33,debt,419.11
96,21,75,debt,248.45
53,24,29,existence,122.37
155,70,85,debt,435.36
146,132,14,payment,304.93
55,26,29,payment,99.85
136,114,22,payment,377.14
85,68,17,existence,273.53
131,21,110,debt,221.33
24,22,2,payment,93.83
22,14,8,existence,64.4
37,29,8,debt,125.58
73,10,63,payment,156.75
124,43,81,payment,341.85
78,49,29,existence,228.92
121,75,46,payment,346.18
96,94,2,debt,343.99
62,16,46,payment,117.7
145,59,86,debt,429.61
18,1,17,existence,32.41
41,4,37,payment,67.74
28,19,9,debt,66.3
21,16,5,debt,85.39
56,37,19,payment,134.4
80,35,45,payment,212.86
33,23,10,existence,85.73
32,9,23,debt,80.79
126,37,89,existence,248.41
63,33,30,existence,149.5
67,11,56,debt,112.03
27,27,0,existence,88.51
133,37,96,existence,200.21
27,10,17,payment,79.62
132,4,128,payment,305.65
66,26,40,debt,199.81
88,55,33,debt,175.99
15,3,12,payment,41.35
26,16,10,debt,85.02
26,25,1,payment,98.93
71,34,37,existence,148.79
115,50,65,payment,288.56
57,1,56,debt,142.16
4,4,0,payment,21.78
31,27,4,payment,90.95
91,45,46,payment,243.37
49,12,37,existence,112.73
28,14,14,debt,101.88
151,7,144,payment,193.18
89,23,66,existence,187.54
61,54,7,payment,160.1
104,11,93,payment,238.77
122,74,48,debt,351.01
16,15,1,payment,60.21
65,39,26,debt,222.17
10,1,9,payment,32.83
87,84,3,debt,286.94
155,28,127,debt,376.77
20,14,6,payment,48.64
52,50,2,payment,151.69
140,82,58,payment,380.43
134,6,128,payment,298.45
105,51,54,payment,231.58
35,24,11,debt,98.92
5,1,4,existence,12.77
89,48,41,existence,189.15
94,70,24,debt,270.8
147,130,17,debt,374.74
80,39,41,debt,215.5
93,2,91,existence,225.62
55,1,54,debt,93.31
28,21,7,payment,79.37
136,126,10,debt,363.9
70,10,60,existence,142.7
22,15,7,payment,71.63
92,63,29,payment,221.73
7,7,0,existence,21.74
125,82,43,debt,291.06
138,70,68,existence,377.95
138,126,12,debt,308.57
21,3,18,payment,67.34
87,53,34,debt,281.2
88,44,44,payment,272.81
131,11,120,payment,327.73
126,60,66,existence,291.51
5,4,1,debt,23.46
24,19,5,debt,91.89
38,17,21,debt,113.7
97,21,76,payment,215.26
11,5,6,debt,58.45
107,79,28,payment,380.29
28,28,0,payment,69.23
10,8,2,debt,31.91
26,24,2,existence,75.19
115,35,80,existence,226.74
93,50,43,existence,184.46
62,28,34,existence,168.9
68,39,29,existence,149.11
33,18,15,payment,107.83
97,35,62,payment,272.07
130,37,93,debt,377.34
57,29,28,existence,163.31
6,4,2,payment,28.91
61,6,55,existence,93.83
80,19,61,payment,212.99
37,16,21,existence,102.11
79,55,24,existence,162.28
42,6,36,existence,57.92
119,43,76,payment,301.22
6,4,2,debt,33.35
84,56,28,existence,154.92
157,46,111,debt,337.57
35,32,3,payment,134.35
101,64,37,debt,235.44
108,98,10,existence,356.92
136,78,58,existence,283.64
66,19,47,debt,164.93
18,14,4,existence,56.75
121,50,71,debt,275.77
29,24,5,debt,94.92
61,8,53,payment,166.49
78,39,39,existence,170.38
50,18,32,existence,102.4
128,9,119,existence,250.96
81,42,39,existence,210.91
87,75,12,payment,210.02
76,29,47,payment,210.04
50,31,19,existence,130.57
50,20,30,existence,83.81
61,53,8,debt,148.42
46,39,7,debt,136.69
131,111,20,debt,310.84
41,25,16,existence,86.46
61,17,44,payment,173.53
99,30,69,debt,298.41
27,15,12,debt,57.78
79,24,55,existence,139.62
121,36,85,existence,320.74
152,141,11,existence,396.33
116,14,102,existence,159.03
28,9,19,debt,87.98
16,4,12,existence,43.4
47,15,32,debt,94.14
75,64,11,existence,246.76
48,2,46,debt,73.32
54,35,19,debt,166.89
14,7,7,debt,58.73
117,51,66,debt,240.98
131,62,69,payment,245.42
140,15,125,debt,361.5
118,22,96,existence,304.17
96,20,76,payment,184.11
138,108,30,existence,360.15
9,2,7,payment,23.08
1,1,0,payment,15.9
25,19,6,payment,69.94
149,63,86,debt,444.97
137,37,100,existence,279.01
149,67,82,existence,434.21
123,73,50,payment,388.91
118,68,50,debt,324.52
147,102,45,existence,291.35
34,14,20,debt,118.81
42,27,15,existence,80.46
71,60,11,payment,198.94
37,17,20,payment,101.81
131,106,25,debt,337.25
107,55,52,payment,311.81
102,40,62,debt,203.79
129,16,113,existence,291.09
27,2,25,debt,82.83
108,36,72,payment,224.5
100,43,57,payment,274.35
53,34,19,payment,152.71
30,13,17,existence,83.18
20,15,5,existence,39.43
89,12,77,payment,189.03
59,26,33,existence,161.52
137,67,70,payment,402.19
81,61,20,debt,196.94
85,49,36,existence,181.56
148,142,6,existence,556.98
82,48,34,debt,212.91
155,133,22,existence,494.4
50,40,10,payment,126.42
111,70,41,payment,263.58
115,67,48,existence,247.88
8,1,7,debt,37.84
153,15,138,debt,258.63
46,46,0,payment,136.65
24,18,6,debt,87.8
9,6,3,debt,38.11
84,1,83,payment,192.2
58,38,20,payment,149.87
74,33,41,debt,140.59
129,4,125,existence,245.85
73,51,22,existence,152.71
72,22,50,existence,204.42
59,45,14,existence,121.84
57,46,11,debt,184.8
86,80,6,existence,267.98
149,138,11,debt,427.37
34,17,17,debt,98.11
129,54,75,debt,371.85
37,7,30,debt,79.18
128,4,124,payment,275.26
106,70,36,existence,288.58
73,69,4,payment,259.75
6,5,1,debt,49.3
102,16,86,debt,283.08
62,26,36,existence,98
105,64,41,payment,322.94
31,4,27,payment,59.19
106,95,11,debt,369.59
140,71,69,existence,351.33
100,74,26,payment,289.1
107,47,60,payment,235.64
113,28,85,payment,228.5
120,41,79,payment,211.93
44,39,5,payment,120.1
108,10,98,existence,270.43
68,5,63,payment,132.01
9,9,0,debt,45.71
109,87,22,payment,338.64
61,5,56,payment,142.17
87,49,38,existence,243.36
153,43,110,existence,316.75
2,2,0,payment,23.54
38,26,12,payment,101.64
104,41,63,existence,214.93
18,12,6,payment,48.93
32,13,19,payment,87.72
32,21,11,existence,69.01
132,125,7,debt,449.23
96,83,13,debt,221.17
10,8,2,existence,25.69
38,20,18,debt,111.89
41,35,6,debt,101.14
23,3,20,existence,39.64
81,54,27,existence,253.41
143,16,127,payment,239.1
12,5,7,existence,22.1
94,29,65,existence,217.15
156,101,55,existence,343.62
19,6,13,debt,67.82
111,49,62,debt,299.6
83,63,20,debt,167.44
50,44,6,debt,190.43
37,1,36,existence,60.95
41,27,14,payment,100.51
85,59,26,debt,252.37
120,31,89,payment,261.99
99,3,96,existence,237.89
153,19,134,existence,306.1
129,63,66,payment,243.48
113,110,3,payment,351.98
79,70,9,debt,200.83
61,50,11,debt,226.29
96,95,1,payment,312.38
104,72,32,debt,364.35
25,25,0,payment,90.85
141,32,109,payment,380.93
27,5,22,payment,76.53
37,23,14,existence,85.63
47,42,5,payment,154.53
58,44,14,existence,128.07
156,150,6,payment,422.3
145,46,99,existence,321.82
52,22,30,payment,154.63
98,10,88,existence,142.1
96,33,63,debt,171.33
8,3,5,debt,37.7
63,7,56,payment,177.05
37,16,21,payment,104.27
102,94,8,debt,306.34
83,39,44,existence,244.82
94,61,33,payment,184.63
138,102,36,debt,487.47
117,56,61,existence,321.25
52,6,46,debt,125.01
73,5,68,payment,159.9
60,20,40,payment,149.95
146,58,88,payment,430.47
51,35,16,debt,184.9
16,10,6,payment,41.94
126,118,8,existence,406.67
14,11,3,payment,59.21
21,3,18,debt,40.47
62,8,54,payment,155.4
13,8,5,payment,53.64
4,4,0,payment,28.91
12,4,8,debt,34.9
19,10,9,payment,46.53
130,23,107,existence,301.37
16,13,3,existence,37.41
10,1,9,existence,14.73
28,26,2,payment,66.61
33,27,6,debt,119.41
89,83,6,debt,268.89
116,23,93,debt,192.86
123,106,17,payment,374.9
137,90,47,existence,374.71
2,1,1,debt,14.79
59,14,45,debt,132.71
23,5,18,payment,60.46
97,54,43,existence,188.46
87,2,85,existence,161.36
10,4,6,payment,40.18
149,2,147,debt,244.82
34,2,32,payment,90.24
6,4,2,payment,19.5
116,98,18,existence,214.45
92,29,63,payment,175.6
129,56,73,debt,375.43
15,13,2,existence,50.82
119,82,37,existence,304.49
145,40,105,payment,370.76
63,13,50,payment,170.85
81,22,59,payment,181.68
72,69,3,payment,268.63
101,68,33,existence,224.16
127,34,93,payment,338.91
130,93,37,debt,279.86
27,11,16,payment,87.51
47,37,10,existence,146.68
123,64,59,debt,406.07
10,3,7,payment,28.33
13,1,12,debt,52.23
51,45,6,payment,148.22
41,9,32,debt,135.12
61,42,19,payment,133.83
22,10,12,payment,73.73
23,9,14,existence,51.67
152,82,70,payment,372.88
35,30,5,debt,141.51
35,14,21,existence,102.05
133,113,20,existence,328.81
143,38,105,payment,236.15
34,33,1,debt,113.63
17,15,2,payment,51.13
70,37,33,debt,203.48
147,63,84,payment,277.74
119,54,65,existence,317.61
141,126,15,payment,524.65
96,40,56,payment,208.74
93,52,41,existence,274.87
140,80,60,payment,361.16
100,4,96,existence,125.34
9,1,8,debt,33.24
56,5,51,payment,163.08
114,21,93,debt,201.59
77,33,44,debt,174.86
5,5,0,debt,27.48
72,61,11,payment,251.01
117,97,20,existence,287.19
75,18,57,existence,161.24
59,7,52,debt,175.96
102,83,19,payment,279.77
11,7,4,debt,49.54
110,105,5,debt,399.47
3,3,0,payment,26.8
71,67,4,debt,173.51
112,85,27,payment,273.5
97,69,28,payment,195.78
68,19,49,payment,195.74
6,4,2,debt,33.61
30,24,6,debt,114.76
17,12,5,existence,49.78
55,17,38,payment,131.4
6,1,5,debt,30.39
37,15,22,existence,57.1
72,36,36,payment,136.55
117,57,60,payment,292.63
38,9,29,payment,83.72
35,20,15,debt,132.27
156,6,150,existence,260.08
27,8,19,existence,62.02
139,96,43,payment,325.46
91,9,82,payment,237.29
154,50,104,payment,363.08
60,43,17,existence,114.5
87,84,3,debt,299.43
24,5,19,payment,56.12
38,16,22,payment,81.55
110,97,13,existence,326.83
8,7,1,payment,29.29
45,18,27,debt,110.79
55,19,36,debt,121.93
106,5,101,payment,182.38
124,12,112,existence,177.66
2,1,1,existence,6.24
70,43,27,existence,181.81
115,82,33,debt,281.09
115,74,41,debt,288.51
2,1,1,debt,16.12
143,140,3,existence,312.64
53,22,31,debt,159.34
66,30,36,payment,168.73
78,57,21,existence,189.48
125,43,82,payment,230.72
99,74,25,existence,306.14
33,5,28,payment,79.07
48,33,15,existence,133.42
13,8,5,existence,25.06
70,31,39,debt,194.27
110,105,5,payment,353.97
136,124,12,payment,369.16
104,84,20,debt,318.25
19,2,17,existence,44.25
109,54,55,debt,222.03
89,80,9,debt,288.74
72,34,38,payment,152.98
90,26,64,existence,246.52
42,38,4,payment,153.26
75,34,41,existence,149.35
103,91,12,existence,276.29
114,47,67,payment,280.14
103,57,46,existence,206.45
35,1,34,debt,51.75
7,2,5,debt,31.67
128,79,49,payment,305.67
81,21,60,payment,201
92,37,55,debt,233.81
142,15,127,existence,340.34
96,71,25,payment,310.81
90,16,74,existence,137.74
82,58,24,debt,213.68
28,26,2,payment,87.52
13,4,9,existence,21.92
23,2,21,debt,63.64
149,141,8,existence,474.57
121,7,114,existence,185.05
102,26,76,payment,175.3
127,68,59,debt,382.46
35,34,1,debt,107.08
4,1,3,debt,32.56
14,1,13,debt,43.83
112,67,45,debt,381.58
52,27,25,payment,156.76
41,28,13,payment,118.71
143,4,139,existence,266.31
117,79,38,payment,269.18
35,32,3,debt,113.47
128,93,35,existence,258.98
155,65,90,existence,287.08
75,4,71,payment,161.93
7,6,1,payment,22.97
72,72,0,payment,160.93
117,6,111,payment,212.84
118,28,90,debt,322.85
73,34,39,debt,181.49
21,18,3,existence,42.4
66,56,10,existence,222.92
16,9,7,payment,50.79
132,129,3,existence,397.57
49,22,27,payment,102.61
149,73,76,debt,424.08
140,97,43,debt,380.3
110,43,67,existence,250.41
79,77,2,existence,237.69
38,16,22,existence,71.08
39,5,34,existence,92.03
15,6,9,payment,50.38
70,70,0,debt,210.88
104,13,91,debt,155.88
60,25,35,debt,136
79,22,57,existence,192.26
136,15,121,debt,283.59
4,2,2,debt,29.47
86,17,69,payment,212
41,27,14,debt,117.73
118,13,105,payment,251.53
13,13,0,existence,35.25
134,50,84,debt,386.29
79,48,31,existence,171.72
104,34,70,payment,182.94
154,70,84,existence,331.61
3,2,1,payment,22.3
59,22,37,payment,178.16
37,5,32,payment,70.7
84,26,58,payment,211.42
3,3,0,existence,8.63
152,81,71,existence,378.35
134,35,99,debt,341.52
57,13,44,existence,86.81
17,3,14,existence,43.13
57,4,53,existence,103.22
11,9,2,existence,23.79
63,35,28,existence,168.71
125,26,99,debt,223.34
129,92,37,payment,237.09
76,72,4,payment,261.95
4,3,1,payment,14.68
113,110,3,existence,389.78
114,62,52,debt,287.6
1,1,0,debt,13.35
139,45,94,payment,323.01
61,5,56,payment,102.32
119,6,113,payment,195.75
154,32,122,payment,335.32
34,21,13,existence,82.92
71,70,1,existence,212.61
30,15,15,payment,80.95
72,9,63,existence,153.07
131,105,26,payment,391.88
38,17,21,payment,105.85
28,18,10,payment,95.55
45,20,25,debt,121.83
61,48,13,existence,180.28
77,7,70,debt,215.78
96,7,89,payment,161.62
98,85,13,payment,310.11
140,98,42,existence,276.94
54,7,47,payment,89.86
42,36,6,existence,119.09
99,55,44,payment,207.2
118,50,68,payment,366.98
78,8,70,debt,141.17
103,17,86,payment,221.81
91,81,10,debt,332.74
43,3,40,debt,115.14
6,5,1,debt,27.22
41,7,34,payment,81.69
84,28,56,payment,218.5
146,49,97,existence,358.44
9,3,6,existence,15.59
64,59,5,debt,232.78
25,3,22,payment,68.51
155,152,3,payment,410.77
58,33,25,existence,103.83
20,6,14,payment,48.23
155,88,67,payment,337.8
157,150,7,debt,509.86
33,20,13,payment,76.65
49,48,1,payment,117.87
131,86,45,debt,366.76
122,91,31,debt,274.33
93,90,3,payment,299.5
132,62,70,payment,363.84
27,3,24,payment,53.68
2,1,1,existence,5.41
150,19,131,payment,346.72
154,66,88,existence,322.36
37,7,30,payment,61.68
1,1,0,existence,3.54
155,22,133,existence,272.57
133,42,91,payment,282.66
157,10,147,debt,291.92
146,68,78,existence,431.01
117,77,40,debt,391.54
153,114,39,payment,500.78
58,15,43,debt,126.2
50,17,33,existence,126.66
35,12,23,payment,76.26
146,146,0,existence,388.24
76,75,1,existence,223.95
96,35,61,payment,235.72
34,27,7,debt,109.19
104,88,16,debt,295.74
21,17,4,debt,60.57
102,71,31,debt,246.69
44,7,37,debt,103.85
154,6,148,existence,324.78
119,94,25,payment,344.46
157,92,65,debt,329.62
124,103,21,existence,353.42
100,24,76,debt,200.28
47,40,7,existence,128.66
118,43,75,debt,276.84
121,68,53,debt,332.78
130,63,67,debt,351.56
109,58,51,debt,361.29
138,125,13,existence,276.54
131,30,101,payment,236.63
155,54,101,debt,394.31
133,108,25,debt,343.5
39,4,35,existence,90.76
105,92,13,debt,334.91
12,9,3,existence,23.43
154,114,40,payment,358.69
48,11,37,debt,110.32
21,2,19,payment,43.73
21,5,16,existence,54.14
100,47,53,debt,337.22
60,19,41,debt,119.79
68,15,53,payment,164.23
59,56,3,payment,162.28
122,33,89,existence,175.87
154,124,30,debt,383.95
1,1,0,existence,2.57
60,43,17,payment,132.36
143,85,58,existence,407.27
12,5,7,debt,36.45
59,49,10,debt,150.81
111,6,105,existence,168.17
97,47,50,debt,271.79
119,47,72,debt,220.22
150,129,21,debt,486.04
14,6,8,payment,40.3
51,44,7,payment,175.22
48,38,10,debt,178.05
119,29,90,existence,231.3
154,144,10,payment,512.49
105,40,65,existence,269.08
8,1,7,existence,20.62
12,8,4,existence,28.47
108,108,0,payment,370.28
154,15,139,debt,411.34
73,5,68,existence,184.79
138,21,117,debt,303.49
94,74,20,payment,290.23
89,36,53,debt,261.33
133,70,63,debt,303.5
73,8,65,existence,162.9
96,49,47,existence,192.64
115,40,75,payment,238.41
152,72,80,payment,320.28
103,38,65,existence,299.74
139,46,93,debt,236.82
74,56,18,debt,179.16
90,58,32,existence,213.51
147,20,127,existence,209.86
94,78,16,debt,201.72
40,9,31,existence,95.03
11,4,7,payment,31.12
5,5,0,debt,38.68
94,92,2,debt,293.09
70,66,4,debt,238.53
88,59,29,existence,170.14
8,1,7,payment,27.28
73,26,47,payment,217.54
104,45,59,debt,283.83
69,34,35,debt,159.98
108,68,40,debt,310.6
115,43,72,payment,239.36
108,84,24,debt,218.67
156,119,37,payment,388.71
43,36,7,payment,154.5
105,8,97,existence,192.08
42,5,37,existence,74.21
66,60,6,payment,229.88
53,29,24,debt,134.34
128,94,34,payment,412.91
149,33,116,payment,398.56
89,31,58,debt,226.48
20,11,9,debt,59.64
86,85,1,existence,215.33
84,80,4,debt,215.76
85,69,16,debt,182.59
121,54,67,payment,264.41
52,25,27,debt,117.56
123,86,37,existence,315.04
147,114,33,payment,390.1
51,4,47,existence,63.43
80,2,78,existence,168.29
70,64,6,payment,214.66
20,12,8,payment,51.49
102,81,21,payment,369.47
40,3,37,debt,79.83
2,1,1,existence,5.44
84,81,3,existence,208.3
42,24,18,existence,77.08
121,115,6,debt,315.09
30,17,13,debt,99.57
26,11,15,debt,73.57
155,122,33,existence,386.93
156,30,126,debt,333.21
124,56,68,debt,339.99
116,55,61,debt,332.6
75,65,10,debt,197.24
59,37,22,existence,162.36
145,115,30,payment,385.85
53,7,46,existence,95.09
128,125,3,payment,333.9
45,7,38,existence,91.85
111,54,57,debt,186.67
59,8,51,payment,155.67
33,3,30,existence,49.21
67,46,21,debt,173.89
12,9,3,payment,43.31
47,7,40,existence,92.5
62,38,24,existence,149.34
144,16,128,debt,195.34
10,3,7,existence,17.26
45,25,20,debt,139.13
49,49,0,debt,158.34
107,28,79,debt,312.39
6,2,4,existence,12.35
72,9,63,existence,138.98
42,7,35,debt,86.46
123,104,19,existence,396.42
124,67,57,debt,349.21
156,140,16,payment,467.97
78,12,66,debt,195.23
61,16,45,existence,128.75
76,20,56,debt,143.02
40,22,18,debt,137.06
44,10,34,payment,83.49
145,137,8,existence,456.66
78,29,49,payment,195.47
39,23,16,payment,125.7
110,81,29,existence,261.21
102,32,70,debt,280.23
4,2,2,existence,7.88
31,23,8,debt,118.22
6,4,2,debt,33.97
67,18,49,existence,132.88
110,107,3,debt,407.07
80,42,38,payment,181.51
98,23,75,existence,171.01
75,57,18,existence,190.79
72,35,37,existence,139.37
65,17,48,existence,138.75
97,68,29,payment,223.18
140,73,67,debt,436.35
157,142,15,debt,393.89
128,17,111,debt,215.64
20,2,18,payment,52.26
22,1,21,payment,51.96
111,76,35,existence,344.62
49,48,1,payment,193.78
52,35,17,payment,148.72
37,25,12,payment,94.22
27,9,18,debt,57.27
58,49,9,existence,181.96
42,31,11,existence,98.86
66,39,27,payment,172.44
75,60,15,payment,194.86
26,24,2,debt,79.46
10,8,2,debt,45.34
37,33,4,payment,114.29
32,29,3,debt,130.43
130,24,106,debt,193.77
125,31,94,existence,191.58
48,2,46,payment,82.47
115,63,52,payment,186.12
55,50,5,debt,182.05
23,13,10,payment,82.64
29,4,25,debt,76.27
148,92,56,payment,487.6
108,104,4,payment,362.81
75,10,65,debt,155.63
71,15,56,debt,158.66
71,28,43,debt,204.25
148,33,115,existence,217.96
72,53,19,existence,200.39
23,23,0,existence,66.69
71,17,54,debt,181.75
89,11,78,debt,224.26
77,41,36,existence,119.63
76,36,40,debt,191.53
139,88,51,debt,252.62
25,23,2,debt,72.84
134,26,108,debt,253.2
46,3,43,payment,84.47
30,3,27,debt,56.43
72,3,69,debt,178.84
10,6,4,existence,24.77
45,38,7,payment,110.61
33,11,22,payment,106.09
36,36,0,payment,92.4
117,32,85,debt,250.42
19,6,13,debt,58.95
58,24,34,payment,130.97
149,115,34,existence,450.48
126,88,38,debt,388.58
1,1,0,payment,8.7
65,59,6,debt,148.44
8,7,1,payment,34.41
152,126,26,debt,527.67
25,23,2,debt,76.99
64,43,21,debt,160.37
66,2,64,debt,107.3
62,9,53,payment,178.88
26,8,18,debt,62.54
98,95,3,existence,330.56
32,18,14,debt,114.71
49,23,26,debt,117.49
51,50,1,payment,142.13
92,34,58,debt,175.63
16,8,8,debt,52.7
14,7,7,existence,38.51
61,53,8,debt,141.56
124,32,92,payment,354.31
5,1,4,payment,27.77
84,38,46,payment,168.62
50,47,3,existence,121.39
138,3,135,payment,356.88
92,38,54,debt,272
58,6,52,debt,161.99
58,33,25,existence,151.4
35,28,7,existence,79.07
28,17,11,debt,101.52
136,136,0,payment,299.34
136,57,79,existence,397.16
129,121,8,existence,350.4
91,82,9,payment,182.42
65,21,44,debt,106.26
56,54,2,payment,168.13
99,23,76,existence,171.99
131,129,2,existence,373.18
90,40,50,existence,168.95
67,57,10,debt,152.17
51,32,19,existence,149.73
45,38,7,debt,132.06
41,28,13,debt,124.21
25,4,21,existence,38.05
33,24,9,existence,99.42
5,2,3,payment,17.39
123,71,52,debt,399.87
150,17,133,debt,375.79
121,60,61,debt,248.49
129,74,55,debt,300.45
24,6,18,debt,52.22
44,31,13,debt,105.6
129,127,2,payment,294.6
44,3,41,debt,67.63
32,6,26,payment,71.19
138,49,89,payment,421.5
52,9,43,payment,115.09
12,5,7,payment,34.63
37,14,23,debt,110.44
94,78,16,payment,264.66
113,33,80,existence,285.61
66,58,8,existence,218.64
126,54,72,existence,303.17
19,4,15,existence,37.3
155,152,3,payment,396.33
16,11,5,debt,47.66
17,16,1,debt,70.89
147,1,146,debt,189.43
135,100,35,existence,385.32
36,35,1,existence,113.54
137,99,38,debt,454.98
122,110,12,payment,328.36
77,45,32,payment,201.35
137,78,59,debt,436.71
155,128,27,debt,468.83
133,133,0,existence,308.5
154,70,84,debt,290.43
104,79,25,payment,313.21
39,21,18,debt,89.41
96,52,44,existence,211.87
118,8,110,debt,262.33
103,79,24,existence,255.91
99,7,92,debt,159.02
62,50,12,debt,171.57
2,2,0,existence,5.05
134,25,109,payment,371.93
112,59,53,debt,236.7
95,52,43,existence,178.11
103,12,91,existence,162.91
69,49,20,payment,222.46
22,13,9,existence,59.24
150,19,131,payment,249.38
126,116,10,existence,382.93
58,45,13,debt,198.56
103,80,23,debt,330.66
41,37,4,payment,121.62
17,8,9,existence,48.5
134,65,69,debt,302.08
74,39,35,payment,208.64
123,40,83,payment,298.18
79,37,42,payment,225.05
138,96,42,existence,378.69
1,1,0,existence,3.01
87,22,65,payment,204.37
149,22,127,existence,306.64
23,23,0,existence,63.02
58,28,30,existence,159.52
157,108,49,payment,385.26
135,35,100,existence,218.53
25,25,0,existence,71.23
57,20,37,debt,157.47
40,30,10,payment,139.52
124,56,68,payment,328.38
60,16,44,existence,89.46
62,32,30,debt,140.24
76,33,43,debt,192.76
37,3,34,debt,74.78
26,5,21,payment,69.41
33,28,5,existence,106.52
97,78,19,payment,295.48
60,19,41,debt,152.6
131,31,100,existence,239.91
143,111,32,payment,466.32
136,11,125,payment,205.86
14,12,2,existence,39.97
96,67,29,existence,216.12
46,33,13,payment,94.1
148,88,60,payment,283.98
50,10,40,debt,142.56
94,34,60,debt,222.06
118,86,32,existence,296.33
43,34,9,payment,142.8
8,5,3,debt,43.71
148,93,55,existence,262.46
90,30,60,debt,163.48
30,5,25,debt,79.03
114,106,8,existence,391.9
146,1,145,existence,337.34
152,145,7,payment,467.58
10,2,8,existence,26.21
59,59,0,debt,141.55
28,8,20,existence,60.57
87,11,76,payment,173.02
63,31,32,existence,153.79
60,51,9,payment,163.37
91,71,20,existence,183.45
123,40,83,payment,229.49
79,70,9,debt,307.76
155,6,149,payment,406.04
75,11,64,existence,138.19
89,82,7,existence,265.63
55,25,30,existence,95.14
79,37,42,debt,222.68
24,1,23,existence,33.6
16,16,0,debt,65.21
153,10,143,debt,228.51
21,5,16,payment,50.8
69,50,19,debt,214.15
44,10,34,existence,121.27
151,26,125,payment,412.28
79,57,22,payment,236.48
68,9,59,debt,110.86
110,55,55,debt,279.04
79,72,7,existence,175.87
34,17,17,existence,88.85
16,13,3,payment,66.72
89,47,42,debt,189.92
119,27,92,existence,308.26
101,80,21,debt,343.26
111,73,38,debt,275.47
46,29,17,debt,110.33
110,87,23,payment,290.3
24,24,0,debt,109.17
59,39,20,payment,165.86
76,25,51,existence,184.59
75,34,41,existence,186.16
28,22,6,existence,67.2
76,71,5,debt,201.08
118,109,9,payment,237.91
15,12,3,debt,50.39
96,25,71,existence,264.12
141,106,35,debt,431.26
89,7,82,payment,208.22
64,33,31,payment,145.92
77,36,41,debt,218.38
89,1,88,debt,247.58
12,2,10,existence,15.98
120,110,10,existence,315.63
24,21,3,payment,74.24
79,63,16,existence,213.94
22,19,3,payment,73.31
129,103,26,debt,362.15
77,2,75,debt,206.46
102,66,36,existence,208.15
96,16,80,existence,262.35
25,11,14,debt,93.31
38,20,18,existence,107.81
121,50,71,debt,233.54
74,45,29,existence,158.99
109,106,3,debt,349.6
104,26,78,payment,294.11
134,50,84,payment,349.69
157,98,59,existence,419.68
137,127,10,existence,426.34
124,118,6,payment,461.64
46,26,20,debt,146.7
137,68,69,debt,334.95
113,105,8,existence,289.08
6,2,4,existence,16.5
55,21,34,debt,139.32
115,49,66,debt,312.25
138,76,62,existence,240.83
2,1,1,payment,19.9
83,38,45,existence,180.03
153,44,109,existence,393.02
141,48,93,existence,253.49
65,40,25,payment,223.68
126,47,79,existence,287.65
49,45,4,debt,185.16
1,1,0,existence,2.8
9,2,7,payment,29.85
74,55,19,existence,257.71
14,13,1,debt,51.84
150,41,109,debt,290.88
44,22,22,existence,123.95
53,25,28,payment,133.95
80,22,58,existence,145.24
92,81,11,debt,302.59
69,24,45,existence,113.05
152,145,7,payment,502.16
76,12,64,payment,211.49
57,1,56,debt,138.33
48,12,36,payment,127.47
124,12,112,payment,201.85
4,4,0,existence,9.37
15,11,4,debt,38.21
66,21,45,existence,177
76,26,50,payment,122.3
107,107,0,existence,277.42
150,53,97,payment,318.83
22,18,4,debt,88.9
90,21,69,existence,245.26
74,60,14,debt,212.5
17,7,10,existence,46.84
113,101,12,debt,337.7
146,2,144,payment,204.69
149,116,33,payment,386.22
94,85,9,existence,270.34
52,43,9,payment,119
26,9,17,payment,61.41
142,20,122,debt,290.35
150,117,33,debt,574.25
101,22,79,payment,208.01
123,118,5,payment,390.48
103,60,43,payment,302.79
67,46,21,debt,191.54
114,63,51,debt,250.04
2,2,0,existence,5.22
80,8,72,existence,204.45
144,52,92,payment,350.67
45,28,17,debt,135.42
96,83,13,debt,310.66
96,68,28,debt,226.59
88,80,8,existence,161.66
99,5,94,payment,192.9
91,73,18,payment,199.47
35,13,22,payment,77.68
31,7,24,debt,65.27
95,78,17,payment,300.64
131,71,60,debt,420.44
24,12,12,debt,88.25
26,26,0,debt,85.8
29,9,20,existence,76.83
7,2,5,debt,44.49
147,114,33,debt,333.27
2,1,1,existence,5.82
21,3,18,existence,41.44
19,15,4,payment,54.15
65,52,13,payment,163.17
68,21,47,existence,145.49
117,12,105,debt,280.07
87,65,22,debt,268.32
153,56,97,payment,338.81
132,5,127,payment,255.68
48,28,20,debt,127.96
39,10,29,existence,92.75
104,81,23,debt,305.99
10,6,4,existence,23.54
41,23,18,existence,92.08
107,43,64,debt,249.17
85,68,17,existence,251.12
149,120,29,existence,436.24
31,22,9,payment,62.65
26,8,18,debt,96.87
64,26,38,payment,154.92
52,35,17,existence,111.11
110,68,42,existence,274.57
125,41,84,payment,203.12
141,121,20,existence,394.8
33,13,20,existence,68.95
39,22,17,debt,134.3
145,125,20,debt,359.96
125,122,3,payment,287.5
42,11,31,debt,111.3
133,88,45,debt,298.98
47,31,16,payment,124.19
59,39,20,payment,153.84
123,54,69,payment,360.84
82,21,61,existence,147.47
51,20,31,existence,145.37
56,51,5,existence,128.21
18,1,17,debt,66.03
75,50,25,existence,201.37
23,21,2,payment,72.99
100,65,35,debt,280.12
16,11,5,payment,39.37
88,41,47,debt,231.36
115,79,36,debt,359.58
150,27,123,payment,245.16
145,69,76,existence,385.12
103,90,13,debt,244.94
2,2,0,payment,15.45
52,1,51,payment,90.44
12,6,6,existence,24.67
46,28,18,existence,122.51
3,1,2,existence,7.59
76,20,56,existence,153
135,78,57,payment,296.16
31,10,21,existence,59.84
44,25,19,existence,146.11
71,9,62,payment,132.42
156,109,47,existence,462.1
83,55,28,debt,227.14
48,1,47,debt,91.62
43,39,4,payment,141.73
45,14,31,payment,97.71
1,1,0,debt,24.34
147,16,131,debt,256.38
134,10,124,existence,234.92
135,10,125,existence,250.86
124,49,75,existence,282.29
97,85,12,payment,245.25
107,46,61,existence,272.68
114,21,93,existence,305.26
22,9,13,existence,62.08
148,129,19,existence,380.26
133,130,3,payment,384.38
104,72,32,existence,258.78
71,8,63,debt,172.59
105,62,43,debt,328.24
84,64,20,debt,293.78
155,135,20,existence,425.92
13,10,3,debt,57.74
15,1,14,payment,47.12
150,109,41,payment,491.11
144,13,131,existence,240.02
153,7,146,debt,390.9
72,23,49,debt,185.23
146,31,115,existence,339.19
10,8,2,debt,37.46
123,37,86,payment,293.57
42,13,29,existence,101.83
141,105,36,existence,452.74
111,36,75,existence,246.64
83,70,13,payment,185.16
126,90,36,debt,375.52
105,3,102,existence,187.59
46,4,42,existence,88.83
141,104,37,payment,453.66
145,2,143,debt,246.8
82,76,6,debt,286.08
144,5,139,existence,298.96
149,76,73,existence,318.9
57,9,48,existence,153.81
112,31,81,existence,202.48
89,18,71,payment,139.84
133,8,125,debt,236.85
34,2,32,payment,86.52
38,7,31,debt,114.85
149,99,50,payment,327.28
49,36,13,payment,161.16
135,123,12,payment,362.56
132,62,70,debt,271.66
39,9,30,payment,68.69
84,83,1,existence,254.74
71,58,13,existence,190.18
145,25,120,debt,268.29
20,4,16,existence,30.84
96,25,71,payment,160.49
136,59,77,payment,339.89
88,24,64,existence,134.6
79,62,17,debt,190.2
101,34,67,existence,276.55
55,20,35,payment,97.06
73,3,70,payment,187.19
90,85,5,debt,185.4
103,10,93,payment,266.03
139,68,71,debt,373.9
34,22,12,debt,134.66
92,75,17,debt,302.7
104,76,28,payment,267
113,55,58,debt,218.3
138,39,99,existence,299.09
66,2,64,payment,146.9
30,13,17,payment,78.77
77,27,50,payment,153.71
28,8,20,existence,75.78
119,22,97,existence,182.24
122,95,27,debt,435.25
118,85,33,existence,289.7
70,36,34,existence,145.86
47,1,46,payment,78.41
149,108,41,debt,479.25
88,39,49,payment,189.96
128,9,119,payment,293.86
114,68,46,debt,248.53
64,30,34,debt,129.14
133,14,119,payment,264.81
91,86,5,existence,270.74
58,7,51,debt,154.29
93,85,8,existence,327.91
116,47,69,existence,208.98
86,67,19,payment,278.42
128,74,54,debt,347.43
58,18,40,existence,86.2
19,11,8,payment,75.65
128,97,31,existence,346.98
50,24,26,payment,113.62
109,97,12,existence,315.57
74,69,5,existence,199.78
13,6,7,debt,56.62
51,30,21,existence,155.85
42,42,0,existence,131.58
134,78,56,existence,285.42
129,73,56,existence,318.74
88,83,5,payment,306.55
4,4,0,debt,23.19
142,87,55,debt,324.43
116,115,1,payment,412.79
35,22,13,existence,81.81
27,14,13,debt,81.67
82,66,16,payment,263.92
28,16,12,existence,89.03
49,34,15,payment,117.12
22,3,19,existence,54.42
85,57,28,payment,215.06
140,108,32,payment,465.23
96,36,60,existence,193.06
132,91,41,existence,252.85
30,8,22,existence,64.59
138,5,133,debt,291.46
21,12,9,debt,84.73
129,127,2,existence,292.27
124,43,81,existence,294.71
105,29,76,debt,185.3
51,32,19,existence,97.09
103,67,36,existence,287.67
45,26,19,payment,128.52
45,44,1,existence,103.76
47,10,37,existence,71.8
48,13,35,existence,133.52
131,58,73,debt,268.59
82,22,60,debt,159.53
28,9,19,existence,42.3
107,100,7,debt,400.28
57,35,22,existence,175.86
124,35,89,payment,275.48
94,84,10,debt,198.72
43,39,4,payment,112.52
74,70,4,payment,191.7
48,39,9,payment,133.57
28,18,10,debt,75.37
47,28,19,debt,89.84
111,38,73,debt,288.84
57,52,5,payment,162.14
103,51,52,existence,256.44
43,39,4,payment,133.32
6,5,1,debt,30.99
122,117,5,payment,267.12
59,56,3,payment,195.52
25,20,5,existence,70.59
1,1,0,payment,19.38
148,111,37,payment,376.03
10,2,8,existence,19.85
44,39,5,existence,130.04
23,2,21,payment,52.37
156,115,41,debt,497.35
103,13,90,existence,258.38
20,8,12,debt,71.23
15,15,0,debt,55.22
13,8,5,payment,36.9
38,22,16,existence,110.05
20,8,12,existence,57.19
81,55,26,debt,203.11
1,1,0,payment,19.01
51,9,42,payment,113.52
118,18,100,debt,264.65
121,59,62,existence,221.47
157,72,85,existence,481.14
124,81,43,payment,340.97
65,59,6,existence,155.32
33,32,1,payment,124.96
103,100,3,debt,259.06
94,71,23,debt,296.49
11,2,9,payment,38.39
2,1,1,debt,20.05
101,68,33,existence,336.23
101,74,27,payment,228.42
153,117,36,debt,397.56
1,1,0,existence,3.44
53,27,26,debt,180.48
7,3,4,debt,32.03
36,36,0,payment,124
126,87,39,existence,315.67
148,110,38,payment,417.17
126,54,72,existence,282.1
102,10,92,debt,218.7
116,96,20,debt,287.21
36,15,21,debt,85.71
42,30,12,payment,134.03
78,48,30,existence,155.33
144,100,44,payment,489.25
78,74,4,debt,224.67
15,11,4,existence,44.19
132,70,62,payment,393.03
4,1,3,debt,19.92
65,14,51,payment,158.83
23,11,12,debt,81.26
100,53,47,payment,208.95
105,80,25,existence,246.61
24,19,5,payment,83.85
80,54,26,payment,172.1
56,55,1,existence,127.22
77,38,39,debt,229.43
132,116,16,debt,350.18
92,45,47,debt,238.93
44,23,21,debt,138.81
63,7,56,debt,159.7
149,21,128,payment,309.69
141,70,71,payment,347.93
121,61,60,existence,279.26
80,41,39,existence,200.38
49,18,31,debt,169.05
154,100,54,debt,488.66
20,10,10,payment,60.33
147,118,29,payment,502.26
75,48,27,debt,233.37
142,120,22,debt,340.64
87,22,65,existence,170.95
19,3,16,debt,55.94
151,68,83,payment,383.64
118,31,87,payment,329.29
28,22,6,payment,66.71
27,6,21,debt,62.92
57,30,27,payment,178.75
45,37,8,existence,101.37
107,64,43,payment,238.7
89,76,13,payment,318.56
23,9,14,debt,59
104,72,32,existence,265.02
71,7,64,existence,139.74
84,73,11,payment,200.82
92,85,7,payment,316.73
55,51,4,payment,145.71
130,20,110,existence,203.86
43,8,35,existence,108.83
10,3,7,payment,39.97
41,9,32,payment,124.29
47,25,22,existence,87.57
18,1,17,debt,54.9
46,19,27,existence,97.56
14,3,11,payment,31.31
84,35,49,existence,181.7
11,2,9,payment,38.24
34,28,6,payment,95.87
59,10,49,debt,105.29
133,130,3,payment,412.44
94,30,64,debt,273.81
147,135,12,existence,444.39
118,55,63,existence,273.06
62,40,22,debt,189.7
2,2,0,existence,7.11
36,21,15,payment,87.54
81,31,50,debt,253.79
75,36,39,payment,232.55
43,19,24,payment,91.51
84,39,45,payment,214.2
26,9,17,debt,70.32
124,107,17,debt,323.19
38,9,29,debt,109.58
46,32,14,existence,105.83
130,93,37,debt,346.84
9,6,3,payment,33.8
39,38,1,payment,106.61
98,65,33,debt,269.39
1,1,0,existence,2.04
35,26,9,debt,119.12
115,11,104,existence,150.94
87,20,67,payment,139.87
98,6,92,debt,132
145,7,138,payment,359.45
148,32,116,existence,396.91
34,18,16,debt,74.29
102,29,73,debt,299.77
99,43,56,debt,263.99
61,49,12,debt,149.54
64,43,21,debt,211.14
120,97,23,debt,338.15
94,74,20,existence,268.04
67,50,17,existence,193.78
43,1,42,payment,118.07
64,44,20,payment,192.75
140,70,70,payment,304.29
89,36,53,existence,170.88
18,18,0,payment,74.5
84,77,7,payment,253.48
148,37,111,payment,273.27
142,65,77,debt,312.37
53,8,45,payment,97.14
136,25,111,debt,196
53,13,40,existence,112.34
91,11,80,debt,181.86
38,35,3,debt,104.42
109,73,36,existence,276.94
87,20,67,payment,238.81
60,27,33,existence,136.21
123,103,20,payment,423
65,43,22,existence,162.91
125,10,115,payment,166.26
118,75,43,debt,376
150,32,118,existence,249.84
140,54,86,payment,336.07
89,87,2,existence,210.37
66,51,15,existence,145.38
144,94,50,existence,450.68
133,13,120,debt,347.29
64,33,31,existence,148.14
152,52,100,debt,397.75
137,7,130,debt,225.56
10,3,7,debt,56.21
118,76,42,debt,383.2
25,17,8,existence,60.78
68,62,6,debt,266.98
14,2,12,existence,26.49
84,34,50,payment,216.64
104,37,67,payment,256.23
107,28,79,debt,183.79
1,1,0,debt,13.42
41,9,32,existence,56.25
92,22,70,payment,217.89
150,129,21,debt,394.74
76,42,34,existence,142.15
85,34,51,debt,202.32
85,24,61,existence,198.83
139,74,65,debt,331.48
119,110,9,debt,260.24
13,3,10,payment,43.53
91,50,41,existence,273.68
73,19,54,debt,177.51
96,29,67,payment,276.61
15,9,6,existence,31.7
29,15,14,debt,72.29
94,75,19,payment,211.94
151,30,121,debt,390.56
13,12,1,debt,48.01
37,7,30,payment,93.81
122,77,45,existence,262.64
95,35,60,existence,228.19
19,11,8,existence,42.94
92,38,54,payment,225.45
62,61,1,debt,244.71
60,27,33,debt,184.13
65,45,20,existence,138.01
76,46,30,existence,200.5
126,36,90,existence,294.78
144,4,140,existence,295.58
49,43,6,debt,189.98
9,2,7,existence,14.67
115,99,16,payment,299.94
60,14,46,payment,172.85
26,5,21,debt,65.95
80,12,68,existence,177.79
87,68,19,payment,301.97
90,35,55,debt,236.51
88,59,29,debt,209.12
36,3,33,debt,59.12
10,9,1,existence,31.44
83,43,40,payment,272.02
63,40,23,existence,193.15
74,10,64,debt,148.86
8,8,0,existence,28.63
125,37,88,payment,325.81
25,23,2,payment,61.48
47,38,9,payment,121.72
94,92,2,debt,352.28
95,16,79,debt,215.82
108,107,1,payment,398.47
70,11,59,payment,188.74
102,23,79,payment,161.08
76,23,53,payment,162.03
30,23,7,debt,133.63
90,42,48,existence,143.04
137,123,14,existence,419.39
110,107,3,payment,234.75
33,7,26,payment,86.1
157,101,56,existence,358.27
74,7,67,debt,130.3
91,63,28,payment,211.71
76,11,65,existence,113.13
30,5,25,existence,64.2
103,27,76,debt,280.66
131,63,68,debt,307.48
34,27,7,debt,106.02
152,120,32,debt,399.27
87,69,18,existence,250.88
70,40,30,payment,202
63,7,56,existence,162.43
141,89,52,existence,264
30,29,1,existence,77.17
97,81,16,payment,239.72
37,6,31,debt,104.45
120,120,0,existence,332.54
73,51,22,debt,176.77
67,29,38,debt,156.38
9,8,1,existence,29.08
110,77,33,debt,320.74
119,28,91,debt,211.2
59,33,26,debt,138.83
73,70,3,payment,192.54
120,86,34,debt,368.03
31,25,6,existence,60.65
42,24,18,existence,86.56
85,27,58,payment,167.17
35,1,34,payment,93.6
24,5,19,debt,79.34
7,2,5,existence,17.81
101,57,44,debt,287.75
67,67,0,payment,198.89
13,3,10,existence,29.12
7,4,3,existence,15.53
119,19,100,debt,266.93
86,83,3,existence,257.42
111,98,13,debt,271.51
6,3,3,debt,22.17
91,39,52,existence,180.63
136,66,70,debt,365.57
97,97,0,payment,340.44
121,10,111,debt,185.59
84,78,6,payment,243.23
149,30,119,payment,225.95
55,37,18,existence,140.31
131,67,64,payment,319.69
19,7,12,debt,60.87
141,21,120,debt,320.75
63,16,47,payment,134.73
67,40,27,debt,145.23
9,9,0,debt,33.97
122,5,117,payment,247.23
122,36,86,debt,282.85
121,81,40,existence,247.94
130,54,76,debt,285.19
156,88,68,existence,399.87
69,35,34,existence,179.03
106,103,3,existence,263.52
138,5,133,debt,349.15
152,24,128,debt,391.94
101,20,81,existence,175.81
20,18,2,existence,49.79
137,130,7,payment,399.78
57,53,4,debt,173.03
109,96,13,payment,232.37
95,18,77,payment,140.06
146,75,71,debt,375.11
1,1,0,debt,19.78
43,1,42,debt,70.22
34,11,23,debt,96.01
88,1,87,debt,222.95
110,70,40,debt,329.09
31,8,23,debt,104.68
12,2,10,existence,17.41
14,5,9,debt,52.37
71,20,51,existence,116.24
81,37,44,existence,162.39
6,5,1,existence,17.92
100,99,1,payment,275.69
151,119,32,debt,367.4
11,10,1,existence,36.53
56,18,38,debt,120.73
117,100,17,payment,376.22
88,67,21,existence,175.59
3,1,2,payment,15.4
110,67,43,payment,325.42
26,24,2,debt,81.42
32,20,12,debt,105.03
21,4,17,payment,46.11
127,126,1,debt,415.97
25,20,5,debt,91.18
15,13,2,existence,32.98
63,3,60,existence,150.88
157,89,68,payment,416.07
117,14,103,existence,267.98
35,27,8,debt,132.14
23,19,4,debt,79.31
46,23,23,debt,98.51
152,33,119,debt,315.8
146,63,83,payment,440.64
115,20,95,existence,165.75
89,44,45,existence,228.9
47,41,6,payment,150.53
73,18,55,debt,207.95
143,67,76,debt,445.1
65,14,51,payment,126.28
126,65,61,existence,251.88
52,43,9,debt,194.34
27,4,23,payment,85.77
87,50,37,existence,203.52
11,6,5,payment,37.27
9,3,6,payment,31.07
24,14,10,debt,70.63
37,12,25,debt,93.52
43,20,23,debt,116.83
57,15,42,payment,125.11
122,65,57,existence,235.48
13,3,10,existence,36.64
64,11,53,debt,192.55
1,1,0,payment,16.36
80,31,49,payment,238.25
22,2,20,existence,41.1
67,50,17,existence,141.03
93,32,61,debt,246.59
58,43,15,existence,164.66
31,16,15,payment,102.02
18,11,7,debt,67.15
121,22,99,payment,272.49
100,54,46,payment,217.62
104,92,12,existence,277.14
5,4,1,payment,26.15
43,10,33,existence,118.3
105,30,75,existence,196.68
36,32,4,debt,129.08
41,32,9,existence,147.42
140,31,109,existence,256.16
61,13,48,existence,135.87
82,8,74,debt,143.55
121,22,99,debt,244.96
65,50,15,debt,177.06
93,48,45,debt,287.69
41,17,24,payment,121.32
123,38,85,existence,350
24,2,22,payment,60.76
30,29,1,payment,92.14
133,75,58,payment,389.8
7,4,3,payment,30.91
99,77,22,payment,237.82
117,94,23,existence,306.76
155,103,52,debt,506.54
30,20,10,payment,102.88
28,10,18,existence,44.48
120,13,107,existence,262
15,9,6,payment,36.65
56,40,16,payment,120.73
118,10,108,payment,280.53
95,28,67,existence,175.32
63,39,24,debt,161.22
110,95,15,existence,249.25
27,26,1,payment,84.81
127,49,78,existence,304.41
17,16,1,debt,62.16
97,30,67,existence,264.78
28,14,14,debt,103.1
53,44,9,existence,138.36
115,51,64,debt,279.34
148,122,26,payment,541.8
7,1,6,debt,28.5
68,58,10,debt,252.13
121,102,19,debt,367.53
2,2,0,existence,6.67
50,37,13,payment,163.19
142,68,74,debt,412
69,7,62,payment,111.33
134,97,37,existence,300.37
119,94,25,existence,301.05
141,53,88,debt,310.62
13,3,10,debt,55.46
46,12,34,payment,88.7
2,2,0,existence,5.11
30,15,15,payment,100.41
86,84,2,payment,318.18
97,35,62,debt,280.65
104,55,49,existence,170.11
45,10,35,payment,88.02
110,40,70,debt,321.89
34,4,30,payment,75.83
25,8,17,payment,78.65
42,36,6,payment,115.78
55,14,41,existence,111.65
153,135,18,existence,476.4
113,75,38,existence,351.39
71,13,58,debt,161.22
90,31,59,existence,214.31
51,14,37,existence,107.14
100,38,62,existence,149.61
144,96,48,payment,282.99
63,38,25,payment,132.43
65,10,55,debt,109.21
12,2,10,debt,43.82
105,51,54,debt,244.17
121,32,89,existence,192.56
1,1,0,payment,9.19
117,39,78,payment,294.23
123,84,39,existence,340.76
63,43,20,existence,169.49
55,6,49,payment,156.34
122,11,111,debt,279.25
139,107,32,existence,396.95
123,123,0,payment,403.2
68,8,60,debt,183.54
78,68,10,debt,266.87
72,7,65,payment,109.44
27,23,4,existence,79.7
152,107,45,debt,450.75
51,17,34,payment,155.76
18,16,2,existence,34.44
54,40,14,debt,157.65
23,7,16,existence,40.29
96,5,91,payment,200.26
94,79,15,payment,198.76
108,67,41,debt,247.17
124,13,111,debt,324.27
41,8,33,debt,96.48
17,7,10,debt,59.92
49,37,12,debt,172.02
152,106,46,payment,367.74
143,119,24,payment,387.99
66,15,51,debt,148.38
151,10,141,existence,217.76
125,38,87,existence,306.09
36,4,32,existence,58.58
123,50,73,debt,247.06
68,60,8,payment,233.37
35,27,8,payment,102.82
114,63,51,debt,242.78
24,13,11,debt,68.61
125,48,77,debt,342.76
149,109,40,existence,273.56
63,51,12,existence,131.74
19,14,5,debt,66.86
153,85,68,payment,483.13
120,48,72,payment,310.79
82,66,16,debt,231.76
108,36,72,payment,306.96
154,145,9,payment,556.9
67,3,64,debt,119.28
6,5,1,debt,27.36
46,38,8,debt,130.09
49,43,6,existence,102.3
110,40,70,debt,258.26
116,112,4,payment,361.46
108,10,98,payment,167.09
93,13,80,payment,168.43
17,13,4,debt,53.64
6,4,2,payment,21.41
150,96,54,payment,407.18
42,30,12,debt,133.78
81,71,10,debt,258.53
37,35,2,payment,119.27
156,74,82,debt,302.21
6,5,1,payment,22.32
119,69,50,existence,247.97
136,75,61,debt,297.41
65,51,14,payment,145.08
150,3,147,payment,384.65
109,31,78,existence,200.82
93,9,84,payment,125.71
116,22,94,payment,264.2
152,151,1,debt,568.44
26,7,19,payment,63.08
14,6,8,debt,45.83
3,3,0,existence,8.51
143,117,26,debt,309.37
97,38,59,existence,172.27
18,15,3,existence,57.75
78,29,49,payment,182.52
53,39,14,payment,113.24
44,30,14,existence,97.02
92,58,34,debt,267.83
136,120,16,debt,339.65
76,2,74,debt,176.98
51,22,29,existence,145.87
20,15,5,debt,58.22
118,100,18,existence,369.31
128,31,97,payment,285.34
125,59,66,existence,278.66
56,53,3,existence,168.38
82,26,56,payment,214.89
57,40,17,existence,140.48
62,27,35,existence,134.33
29,6,23,existence,50.66
45,11,34,debt,119.07
146,116,30,existence,304.34
77,44,33,existence,141.67
79,71,8,payment,201.2
34,15,19,debt,68.49
26,23,3,payment,93.41
134,81,53,payment,357.86
51,30,21,payment,140.25
146,2,144,payment,348.73
104,25,79,debt,232.36
80,46,34,existence,178.95
157,57,100,existence,408.19
97,77,20,payment,314.83
62,41,21,payment,136.82
72,28,44,debt,228.17
149,128,21,debt,475.64
31,19,12,existence,63.12
154,37,117,debt,409.83
94,31,63,debt,286.12
86,45,41,debt,164.28
106,92,14,payment,298.3
32,20,12,existence,75.43
11,1,10,payment,32.92
125,76,49,payment,346.71
93,43,50,payment,232.52
9,5,4,existence,20.32
114,83,31,existence,351.63
75,63,12,payment,253.98
61,17,44,debt,156.32
96,63,33,debt,298.17
102,48,54,debt,276.97
115,74,41,payment,307.58
37,28,9,existence,94.92
23,7,16,existence,36.32
118,73,45,payment,261.81
37,31,6,debt,122.65
37,22,15,debt,130.74
77,31,46,existence,144.32
63,51,12,existence,185.2
124,99,25,existence,359.81
35,6,29,existence,93.2
140,78,62,payment,277.57
49,9,40,existence,129
89,88,1,debt,338.49
98,16,82,debt,175.27
42,6,36,payment,85.53
72,1,71,debt,143.98
86,62,24,debt,254.91
46,19,27,debt,119.18
125,117,8,existence,421.57
118,23,95,existence,240.51
65,11,54,existence,101.06
86,48,38,debt,307.99
138,6,132,debt,318.13
103,87,16,debt,215.26
49,21,28,payment,107.76
118,12,106,payment,257.15
121,109,12,payment,370.35
23,11,12,payment,58.9
92,62,30,existence,231.62
120,95,25,existence,275.79
13,1,12,debt,48.49
156,122,34,existence,383.73
1,1,0,existence,2.62
38,26,12,debt,80.87
111,18,93,payment,173.88
146,88,58,payment,447.25
133,26,107,debt,205.17
16,14,2,payment,48.87
27,5,22,debt,60.42
21,17,4,existence,43
135,69,66,payment,391.8
30,23,7,payment,87.3
35,28,7,debt,126.23
131,108,23,debt,300.13
38,24,14,payment,100.45
80,80,0,payment,307.18
82,77,5,payment,287.12
83,79,4,payment,259.67
138,31,107,debt,245.35
104,89,15,debt,372.48
65,48,17,payment,180.22
49,16,33,debt,145.69
47,10,37,debt,138.57
78,36,42,existence,226.07
152,21,131,payment,264.15
121,3,118,existence,227.89
118,8,110,payment,181.65
115,28,87,debt,243.37
4,2,2,existence,7.83
21,14,7,debt,69.03
139,124,15,existence,342.16
130,113,17,existence,347.88
90,62,28,existence,236.93
18,1,17,debt,47.5
117,52,65,existence,229.68
128,47,81,existence,277.02
4,3,1,existence,13.35
54,23,31,debt,138.1
119,61,58,existence,346.29
121,97,24,payment,351.14
3,3,0,payment,27.37
80,29,51,debt,187.63
112,22,90,debt,203.97
146,91,55,payment,333.73
16,1,15,payment,38.93
1,1,0,debt,18.57
13,7,6,existence,39.6
155,92,63,debt,437.44
134,123,11,payment,320.67
24,22,2,payment,62.92
17,4,13,debt,49.71
43,14,29,payment,93.77
64,7,57,existence,151.03
109,94,15,debt,251.22
48,2,46,payment,72.33
82,5,77,debt,187.1
24,17,7,payment,61.53
128,24,104,existence,239.48
108,30,78,debt,247.33
140,22,118,payment,288.79
55,51,4,payment,174.6
114,80,34,existence,229.99
71,36,35,existence,173.1
131,54,77,debt,246.67
112,51,61,existence,224.63
50,11,39,existence,107.21
69,10,59,existence,141.94
106,77,29,debt,269.03
129,94,35,existence,417.06
116,18,98,debt,249.53
109,14,95,payment,304.72
106,79,27,existence,323.77
102,52,50,payment,217.31
53,12,41,debt,108.51
114,100,14,debt,287.06
19,15,4,payment,72.32
130,2,128,debt,274.65
29,25,4,payment,105.98
58,40,18,existence,166.83
129,1,128,debt,262.75
22,13,9,existence,58.68
22,15,7,payment,69.13
86,59,27,debt,238.91
13,8,5,existence,36.46
86,9,77,existence,139.75
21,20,1,debt,85.87
90,47,43,existence,227.48
57,9,48,debt,170.01
139,129,10,debt,364.93
80,37,43,payment,181.15
74,2,72,existence,120.89
23,5,18,existence,56.49
50,34,16,debt,146.21
76,43,33,payment,226.54
49,12,37,existence,96.28
15,11,4,existence,49.18
75,41,34,payment,137.85
29,2,27,debt,75.23
74,70,4,debt,180.26
78,61,17,payment,244.92
134,38,96,existence,320.64
82,38,44,debt,195.75
19,17,2,payment,66.46
145,145,0,debt,389.37
141,69,72,payment,410.45
110,6,104,debt,209.84
35,22,13,debt,98.47
119,110,9,existence,352.32
7,3,4,existence,20.88
109,105,4,payment,295.78
77,70,7,existence,148.21
135,60,75,payment,352.87
135,112,23,existence,304.85
81,54,27,debt,282.66
154,70,84,existence,432.78
47,9,38,debt,147.17
141,125,16,debt,307.13
4,2,2,payment,25.06
16,8,8,existence,46.91
114,28,86,existence,210.53
115,46,69,payment,332.24
124,25,99,payment,267.22
77,71,6,existence,174.51
123,56,67,payment,257.74
18,14,4,debt,63.35
76,49,27,payment,163.91
121,88,33,payment,391.65
33,1,32,payment,84.32
95,43,52,debt,300.88
153,46,107,debt,341.99
103,86,17,debt,369.99
150,95,55,debt,299.39
76,9,67,payment,170.61
57,12,45,payment,121.62
86,29,57,payment,178.67
3,3,0,existence,9.38
42,7,35,payment,88.2
116,107,9,existence,291.46
49,25,24,existence,125.35
117,81,36,existence,292.75
107,97,10,existence,252.96
59,10,49,debt,119.81
8,5,3,debt,34.42
90,11,79,existence,130.16
106,94,12,payment,315.57
93,62,31,payment,291.25
64,40,24,payment,157.86
34,19,15,debt,116.05
139,29,110,debt,358.38
124,3,121,existence,296.87
110,32,78,debt,206.72
71,70,1,debt,198.62
89,71,18,existence,270.18
72,4,68,payment,138.25
8,8,0,existence,22.96
69,58,11,debt,263.97
38,29,9,debt,133.49
152,130,22,debt,476.54
140,96,44,existence,366.48
45,36,9,payment,120.36
10,8,2,payment,47.51
64,19,45,payment,132.03
99,64,35,existence,225.25
14,14,0,debt,52.43
136,8,128,payment,353.56
28,4,24,existence,41.42
106,12,94,debt,233.81
95,65,30,payment,267.57
126,49,77,debt,263.29
115,18,97,payment,175.9
82,7,75,debt,233.39
131,103,28,existence,380.92
101,50,51,debt,269.98
26,10,16,payment,77.1
141,55,86,debt,404.22
45,1,44,debt,77.27
154,72,82,payment,317.73
88,52,36,payment,238.89
75,66,9,payment,196.23
89,64,25,existence,247.36
74,65,9,payment,195.74
134,5,129,debt,315.22
76,21,55,existence,124.72
155,77,78,debt,498.05
124,82,42,existence,317.79
64,15,49,payment,136.18
68,64,4,debt,250.48
130,65,65,existence,242.43
46,42,4,payment,153.89
47,27,20,existence,144.13
66,16,50,payment,128.96
9,4,5,existence,17.05
101,91,10,debt,251.07
123,28,95,existence,336.19
65,21,44,payment,165.65
54,16,38,debt,162.45
61,56,5,payment,239.28
17,11,6,existence,54.38
113,45,68,payment,331.02
140,67,73,payment,355.54
24,4,20,existence,45
50,39,11,existence,146.88
17,13,4,debt,59.5
156,139,17,payment,497.55
81,55,26,existence,200.67
124,104,20,existence,261.64
67,10,57,payment,137.97
26,9,17,payment,57.05
136,102,34,debt,454.62
97,12,85,debt,216.76
38,6,32,existence,64.52
155,27,128,debt,287.18
116,21,95,debt,258.8
51,24,27,payment,101.6
88,50,38,existence,201.22
19,6,13,existence,40.91
106,57,49,debt,274.12
84,68,16,existence,168.69
97,2,95,payment,205.2
20,1,19,existence,27.81
125,82,43,payment,345.97
78,42,36,debt,157.79
109,37,72,debt,190.19
30,6,24,debt,61.18
115,32,83,existence,275.69
108,87,21,payment,278.68
33,14,19,debt,88.98
16,9,7,payment,57.09
29,23,6,payment,91.1
59,31,28,debt,122.44
107,5,102,payment,149.12
34,32,2,payment,96.79
97,66,31,existence,274.65
76,58,18,debt,207.77
155,64,91,debt,451.03
125,16,109,existence,187.72
4,1,3,payment,17.09
68,52,16,debt,193.05
41,18,23,payment,88.58
24,6,18,existence,50.21
77,66,11,existence,248.97
137,100,37,payment,329.84
16,2,14,debt,64.02
69,66,3,debt,225.03
27,15,12,debt,81.5
52,43,9,debt,166.46
5,2,3,payment,19.77
23,17,6,payment,95.66
8,5,3,debt,42.52
100,20,80,existence,174.44
54,36,18,payment,125
3,2,1,payment,12.88
77,38,39,existence,166.28
112,37,75,existence,285.3
135,113,22,debt,390.01
119,103,16,existence,315.55
30,28,2,debt,98.05
147,18,129,payment,265.58
13,5,8,existence,21.65
70,37,33,debt,151.74
123,78,45,payment,357.86
66,5,61,existence,159.27
27,16,11,debt,97.2
8,8,0,payment,34.65
127,39,88,existence,325.62
21,21,0,payment,77.32
75,28,47,payment,215.67
135,21,114,debt,348.25
119,85,34,existence,234.83
41,4,37,payment,77.02
75,24,51,payment,185.31
3,2,1,debt,35.87
133,46,87,debt,381.91
62,52,10,debt,188.95
34,3,31,payment,63.1
147,1,146,payment,304.68
110,33,77,payment,185.58
115,87,28,payment,390.22
72,45,27,debt,238.09
92,60,32,existence,181.73
29,28,1,existence,63.89
133,97,36,existence,411.22
19,1,18,existence,37.36
122,108,14,existence,232.37
127,46,81,debt,322.34
105,29,76,debt,199.26
133,89,44,payment,328.84
99,59,40,debt,237.97
36,23,13,existence,107.29
137,46,91,existence,291.84
89,21,68,existence,121.43
5,4,1,payment,28.5
131,80,51,debt,389.84
16,5,11,existence,26.94
151,113,38,existence,414.74
40,30,10,existence,119.96
28,11,17,existence,47.8
75,27,48,existence,214.27
17,1,16,payment,46.67
69,37,32,existence,181.16
16,14,2,debt,51.4
23,21,2,debt,79.31
150,34,116,debt,278.15
145,53,92,payment,315.71
72,6,66,debt,119.06
126,42,84,existence,263.1
141,7,134,existence,218.18
100,32,68,payment,294.25
22,11,11,payment,47.52
142,91,51,debt,415.98
112,76,36,debt,203.68
123,48,75,debt,258.46
144,98,46,existence,299.77
4,2,2,debt,20.64
109,35,74,debt,220.88
142,68,74,payment,408.42
85,57,28,payment,232.32
6,6,0,payment,38.14
39,8,31,payment,89.2
15,11,4,debt,44.81
131,13,118,payment,335.74
63,16,47,payment,119.62
60,47,13,debt,139.17
87,13,74,debt,133.37
39,14,25,existence,79.78
27,22,5,payment,99.95
123,88,35,debt,344.64
23,20,3,existence,59.53
28,11,17,payment,74.38
120,86,34,payment,279.44
70,24,46,existence,133.58
23,2,21,existence,34.76
27,25,2,existence,68.72
62,11,51,debt,120.6
134,14,120,existence,305.59
61,49,12,debt,209.36
140,46,94,payment,324.39
134,49,85,existence,259.51
45,41,4,debt,152.9
68,29,39,payment,207.49
99,80,19,debt,234.31
135,109,26,existence,312.38
85,34,51,debt,236.54
40,5,35,payment,73.17
137,91,46,existence,326.46
92,70,22,existence,310.28
148,145,3,payment,360.91
20,3,17,existence,33.23
84,18,66,debt,160.75
82,58,24,existence,164.96
54,1,53,existence,69.95
130,87,43,debt,297.13
111,48,63,existence,294.02
74,18,56,payment,133.51
10,1,9,payment,31.85
68,49,19,debt,240.38
20,16,4,debt,76.81
37,14,23,existence,88.64
50,49,1,debt,130.24
47,4,43,debt,97.38
31,6,25,existence,52.47
150,150,0,existence,559.13
91,83,8,payment,287.68
87,30,57,debt,243.66
22,13,9,debt,58.23
112,46,66,payment,317.27
30,24,6,payment,88.83
62,39,23,payment,142.75
24,19,5,existence,60.76
52,15,37,debt,122.89
22,18,4,payment,70.29
119,66,53,existence,319.7
149,106,43,payment,337.85
84,61,23,existence,183.15
128,67,61,debt,335.66
29,12,17,payment,82.25
14,4,10,debt,53.13
42,28,14,existence,76.27
14,7,7,payment,40.76
22,22,0,payment,82.35
87,44,43,payment,259.57
3,1,2,existence,6.74
45,42,3,payment,157.49
110,52,58,existence,188.04
143,111,32,payment,527.2
149,86,63,debt,503.92
16,5,11,existence,27.21
100,85,15,existence,228.32
123,58,65,existence,326.75
147,123,24,existence,333.53
140,103,37,existence,305.84
87,31,56,payment,188.21
24,19,5,payment,59.58
38,4,34,debt,105.53
112,43,69,debt,316.06
26,4,22,debt,59.87
155,132,23,existence,473.81
36,29,7,existence,88.15
153,74,79,existence,249.17
35,21,14,debt,121.92
77,3,74,payment,162.15
94,2,92,debt,221.12
3,3,0,debt,25.96
137,95,42,existence,448.09
57,23,34,debt,128.43
21,5,16,debt,61.1
36,5,31,debt,81.55
6,2,4,existence,12.07
80,35,45,debt,181.64
130,32,98,existence,209.46
91,40,51,existence,253.22
108,97,11,payment,318.42
141,1,140,payment,209.96
108,13,95,payment,176.04
149,31,118,debt,327.92
55,28,27,payment,167.52
65,62,3,existence,220.65
4,4,0,debt,24.35
106,54,52,debt,319.11
140,91,49,payment,405.23
152,149,3,debt,436.76
29,29,0,debt,96.35
12,4,8,debt,49.88
69,23,46,debt,208.31
150,128,22,debt,342.34
19,19,0,payment,53.61
112,100,12,debt,398.75
88,70,18,debt,272.7
24,14,10,existence,41.18
95,91,4,existence,276.52
2,1,1,existence,4.01
88,8,80,debt,167.03
109,109,0,existence,356.72
40,33,7,debt,146.81
29,13,16,payment,66.01
121,2,119,debt,168.03
109,78,31,payment,333.74
120,84,36,debt,271.77
9,6,3,existence,21.96
38,5,33,existence,84.44
126,78,48,existence,230.07
132,127,5,debt,491.54
147,61,86,existence,358.2
41,9,32,existence,66.94
128,104,24,payment,418.44
10,5,5,existence,29.12
123,5,118,payment,227.19
58,34,24,debt,162.85
89,41,48,payment,168.63
129,102,27,payment,458.81
144,70,74,existence,273.1
56,33,23,existence,119.53
117,116,1,existence,279.46
20,14,6,debt,87.77
144,22,122,debt,375.72
107,45,62,debt,245.68
13,11,2,payment,51.23
50,42,8,payment,121.69
37,19,18,debt,79.46
68,30,38,payment,166.12
113,41,72,debt,302.3
149,124,25,debt,315.64
142,107,35,payment,439.13
124,83,41,payment,298.06
121,92,29,existence,417.77
27,7,20,payment,66.63
150,29,121,payment,225.15
87,18,69,existence,179.36
85,64,21,existence,167.27
85,82,3,payment,271.74
5,5,0,payment,28.34
31,15,16,payment,80.58
15,5,10,payment,32.91
118,60,58,existence,316.59
114,91,23,existence,242.27
50,18,32,existence,89.45
128,2,126,existence,238.79
107,38,69,existence,206.98
143,26,117,debt,346.3
72,1,71,debt,181.37
129,68,61,debt,332.62
149,110,39,existence,435.77
144,116,28,debt,494.93
111,87,24,payment,254.13
75,45,30,debt,236.39
99,96,3,existence,190.5
27,6,21,existence,74.44
98,30,68,debt,226.58
60,11,49,existence,91.93
26,6,20,debt,73.51
75,13,62,debt,181.9
106,61,45,payment,313.08
74,28,46,existence,156.6
28,28,0,existence,89.54
5,4,1,payment,21.06
6,6,0,debt,30.13
44,2,42,payment,116.97
139,53,86,existence,343.01
30,22,8,existence,94.85
150,110,40,debt,464.1
121,96,25,payment,379.22
33,19,14,existence,86.18
39,30,9,existence,94.25
70,22,48,existence,163.74
38,36,2,payment,93.53
97,18,79,payment,197.09
108,75,33,payment,244.88
8,7,1,existence,29.09
8,8,0,existence,26.45
33,22,11,existence,70.23
55,6,49,payment,136.63
24,13,11,debt,82.99
135,91,44,debt,428.55
99,99,0,payment,322.67
89,89,0,debt,321.9
6,1,5,debt,33.73
65,35,30,existence,120.47
55,49,6,debt,174.59
58,9,49,existence,137.47
148,27,121,payment,330.67
93,47,46,existence,199.95
34,19,15,debt,115.48
64,32,32,existence,134.66
119,30,89,existence,237.86
102,6,96,existence,225.88
119,33,86,existence,255.73
10,8,2,debt,60.78
156,93,63,existence,448.89
151,34,117,debt,309.63
89,21,68,payment,194.47
151,34,117,existence,266.45
147,13,134,debt,327.68
141,9,132,debt,208.37
146,67,79,payment,336.61
90,89,1,existence,201.39
7,7,0,debt,49.56
102,11,91,debt,226.42
57,28,29,debt,174.73
2,2,0,existence,4.63
16,16,0,payment,63.71
155,84,71,debt,344.44
29,22,7,debt,98.8
128,23,105,debt,263.11
89,30,59,debt,188.8
5,5,0,existence,14.75
146,100,46,payment,447.9
113,76,37,existence,329.31
13,7,6,payment,50.1
94,24,70,payment,164.28
133,115,18,existence,317.52
17,12,5,existence,41.06
106,65,41,existence,210.37
117,20,97,payment,302.23
133,112,21,payment,427.86
103,30,73,payment,253.79
70,24,46,payment,208.8
23,9,14,payment,56.28
142,104,38,debt,493.5
20,3,17,debt,66.79
35,13,22,debt,70.44
35,15,20,payment,83.78
127,110,17,debt,331.93
106,74,32,debt,307.63
91,30,61,debt,261.77
110,52,58,payment,359.52
30,15,15,debt,120.53
138,120,18,existence,487.21
129,40,89,existence,210.22
31,26,5,existence,86.97
105,79,26,debt,229.71
14,2,12,existence,33.38
18,8,10,existence,39.24
25,1,24,payment,50.52
154,24,130,debt,274.55
133,119,14,existence,422.82
83,14,69,debt,173.28
110,34,76,existence,286.3
135,22,113,payment,341.59
46,23,23,existence,116.67
9,8,1,payment,39.58
61,25,36,existence,137.23
71,41,30,debt,194.61
20,18,2,payment,75.69
125,1,124,payment,233.54
120,37,83,existence,225.27
141,109,32,existence,284.17
103,1,102,debt,193.1
60,24,36,existence,98.14
143,19,124,debt,386.94
48,2,46,existence,111.13
128,33,95,existence,207.76
107,79,28,debt,312.58
113,4,109,existence,195.18
81,1,80,existence,137.29
85,26,59,existence,180.34
32,5,27,debt,107.88
22,1,21,existence,46.05
60,32,28,existence,174.77
10,6,4,existence,26.18
13,12,1,existence,39.82
92,54,38,debt,220.52
5,4,1,payment,18.21
34,14,20,existence,66.11
95,3,92,existence,210.33
70,67,3,payment,251.26
6,5,1,payment,36.99
98,2,96,existence,182.6
3,1,2,existence,7.31
82,8,74,debt,217.1
46,37,9,existence,128.01
15,5,10,debt,47.74
103,82,21,debt,320.49
88,67,21,payment,261.23
145,70,75,debt,319.02
22,12,10,payment,70.96
8,5,3,payment,34.3
81,57,24,debt,264.38
93,32,61,existence,134.53
120,26,94,debt,320.44
95,28,67,existence,148.69
110,71,39,existence,247.52
20,19,1,payment,74.43
2,2,0,payment,17.78
14,12,2,payment,57.3
147,101,46,existence,293.21
61,3,58,existence,101.64
63,53,10,payment,161.79
65,54,11,payment,158.85
51,15,36,payment,127.93
128,10,118,debt,257.4
25,7,18,debt,93.34
44,35,9,debt,150.77
76,67,9,payment,195.37
101,44,57,payment,186.23
130,122,8,payment,383.01
57,45,12,debt,182.9
125,49,76,debt,273.96
48,21,27,existence,129.39
16,15,1,payment,61.49
155,103,52,debt,412.4
111,15,96,existence,167.47
8,7,1,existence,27.59
154,75,79,debt,436.59
34,7,27,debt,75.83
22,13,9,existence,43.56
35,1,34,existence,46.93
51,3,48,payment,92.58
11,8,3,payment,38.98
26,7,19,existence,44.4
22,6,16,existence,49.43
105,42,63,debt,283.77
54,28,26,existence,98.87
88,28,60,debt,199.62
96,24,72,payment,263.08
93,3,90,debt,209.85
135,30,105,existence,329.88
117,103,14,payment,413.36
90,69,21,debt,300.24
144,107,37,existence,448.81
32,15,17,debt,108.45
130,11,119,payment,325.93
147,132,15,existence,392.71
10,3,7,debt,43.98
69,16,53,existence,136.68
141,24,117,payment,368.74
10,6,4,debt,37.95
11,4,7,existence,23.21
117,111,6,existence,406.68
132,69,63,existence,311.82
49,22,27,payment,155.5
14,7,7,existence,40.21
88,51,37,existence,249.04
139,32,107,payment,331.22
130,63,67,existence,327.73
57,52,5,debt,178.67
47,3,44,payment,98.04
88,74,14,existence,273.44
130,18,112,existence,335.68
26,6,20,debt,71.21
7,6,1,debt,47.02
99,56,43,payment,255.04
149,121,28,payment,347.28
32,30,2,existence,73.61
18,10,8,debt,55.2
119,116,3,existence,367.32
99,83,16,existence,339.45
144,130,14,debt,473.42
37,27,10,debt,125.97
151,43,108,debt,280.02
79,73,6,existence,172.2
21,17,4,payment,75.95
76,44,32,existence,241.01
39,22,17,existence,68.06
11,9,2,existence,23.59
37,11,26,existence,65.37
81,80,1,payment,219.12
104,94,10,debt,372.07
118,107,11,payment,356.19
141,34,107,debt,354.35
106,8,98,debt,256.01
23,10,13,existence,63.17
114,46,68,existence,303.85
136,93,43,existence,315.56
50,34,16,payment,115.35
65,6,59,payment,123.58
151,80,71,debt,430.13
140,61,79,payment,247.52
21,10,11,payment,67.67
50,20,30,payment,126.98
70,13,57,debt,139.18
149,9,140,debt,380.97
30,17,13,payment,101.14
2,1,1,payment,19.18
66,53,13,existence,213.07
3,1,2,payment,17.65
146,1,145,payment,220.41
58,49,9,debt,165.86
30,20,10,payment,108.04
110,87,23,debt,349.56
51,43,8,debt,133.67
137,16,121,existence,314.25
138,65,73,debt,368.15
71,50,21,payment,198.11
31,8,23,payment,52.84
61,2,59,payment,144.44
143,101,42,existence,456.88
157,144,13,existence,478.6
51,29,22,debt,163.17
125,44,81,payment,287.3
130,113,17,debt,368.48
117,57,60,existence,256.93
18,11,7,payment,61.57
106,12,94,payment,250.91
36,21,15,debt,94.82
95,78,17,debt,273.36
40,6,34,debt,74.42
25,20,5,existence,85.28
94,71,23,debt,285.21
142,92,50,existence,255.6
3,2,1,debt,24.61
79,11,68,payment,115.36
96,1,95,debt,141.24
101,41,60,payment,260.51
14,5,9,debt,39.01
66,62,4,existence,186.18
36,4,32,existence,58.74
119,90,29,payment,376.6
132,131,1,debt,362.69
69,3,66,payment,174.65
7,3,4,payment,29.46
94,67,27,debt,220.22
103,45,58,payment,228.32
116,25,91,existence,177
132,85,47,debt,278
157,114,43,existence,370.53
23,23,0,payment,78.91
149,114,35,existence,389.62
148,90,58,existence,443.94
34,7,27,payment,97.22
125,26,99,debt,235.67
82,31,51,payment,254.94
127,85,42,payment,235.44
54,13,41,existence,119.58
57,3,54,debt,119.16
107,76,31,debt,285.62
23,5,18,payment,56.26
42,7,35,payment,77.06
120,54,66,payment,202.4
107,58,49,payment,236.19
45,22,23,payment,117.6
78,11,67,existence,143.05
37,9,28,existence,98.99
81,11,70,payment,119.72
32,18,14,payment,96.91
157,113,44,debt,510.86
52,43,9,debt,141.33
77,34,43,payment,209.64
75,32,43,payment,156.69
4,3,1,payment,21.77
98,7,91,existence,208.18
41,33,8,existence,101.18
155,28,127,payment,291.36
93,50,43,payment,267.23
57,18,39,existence,132.54
49,31,18,existence,154.39
17,13,4,existence,40.67
88,1,87,payment,200.36
49,16,33,existence,107.83
143,102,41,debt,384.95
50,44,6,existence,173.22
118,87,31,existence,366.17
61,49,12,debt,180.68
4,4,0,existence,11.83
113,55,58,existence,301.33
62,55,7,existence,169.5
18,7,11,existence,43.65
125,48,77,debt,394.78
105,20,85,payment,204.22
35,2,33,debt,67.68
154,102,52,existence,345.77
7,5,2,debt,34.23
152,152,0,existence,465.61
123,60,63,debt,361.18
139,43,96,existence,276.27
138,9,129,debt,311.9
149,59,90,debt,373.07
149,21,128,payment,212.99
108,61,47,payment,345.25
110,65,45,debt,219.87
74,59,15,existence,233.99
62,50,12,payment,152.84
99,61,38,payment,241.65
37,22,15,debt,136.96
16,10,6,debt,41.77
23,13,10,existence,45.27
64,30,34,existence,122.6
152,103,49,existence,465.68
94,44,50,payment,237.67
131,93,38,debt,307.14
38,26,12,debt,100.59
131,94,37,debt,428.06
48,17,31,payment,107.87
123,106,17,existence,386.66
55,24,31,payment,159.23
103,101,2,existence,353.6
20,16,4,payment,77.27
15,9,6,payment,36.26
41,19,22,debt,115.67
14,6,8,debt,43.34
103,59,44,payment,315
109,87,22,debt,298.38
48,47,1,existence,139.45
131,87,44,debt,452.63
64,35,29,existence,107.63
86,2,84,payment,176.7
15,6,9,debt,57.64
138,110,28,debt,303.89
15,7,8,debt,49.68
64,14,50,payment,119.85
133,125,8,payment,470.83
43,43,0,debt,165.27
31,24,7,debt,64.25
31,5,26,payment,64.54
8,6,2,debt,45.8
13,8,5,existence,37.84
11,3,8,existence,18.27
79,53,26,payment,268.44
131,22,109,existence,286.26
8,7,1,payment,33.75
47,42,5,existence,116.26
66,47,19,existence,134.34
5,4,1,debt,34.47
142,86,56,payment,470.14
125,110,15,debt,295.52
80,79,1,existence,224.27
85,13,72,existence,187.35
152,20,132,existence,363.45
15,9,6,existence,46.21
85,19,66,existence,200.43
127,59,68,debt,248.36
113,10,103,debt,293.7
2,1,1,existence,4.34
63,42,21,debt,173.8
118,74,44,payment,236.42
145,81,64,debt,442.59
68,15,53,payment,168.77
151,74,77,existence,297.78
90,47,43,existence,170.28
25,13,12,debt,63.62
135,40,95,debt,235.47
129,30,99,debt,294.25
150,26,124,debt,340.62
121,12,109,existence,258.11
105,18,87,debt,233.84
119,41,78,debt,227.63
107,21,86,existence,237.77
109,68,41,debt,367.25
33,13,20,payment,73.14
64,63,1,payment,221.56
97,74,23,existence,315.35
136,63,73,payment,419.89
35,9,26,existence,70.52
123,14,109,debt,338.34
136,124,12,payment,367.69
127,14,113,payment,295.54
139,19,120,debt,246.29
40,1,39,payment,97.45
79,55,24,payment,262.09
67,33,34,debt,217.11
78,40,38,payment,153.36
16,15,1,existence,43.72
148,18,130,existence,352.9
119,114,5,existence,280.92
81,59,22,payment,181.3
37,35,2,existence,119.6
12,2,10,existence,22.46
140,41,99,existence,390.31
2,1,1,debt,26.14
123,38,85,payment,262.46
97,77,20,debt,341.75
87,62,25,existence,193.96
94,37,57,debt,241.82
104,85,19,debt,356.22
2,2,0,existence,5.71
48,23,25,existence,89.91
131,128,3,payment,465.55
131,106,25,existence,359.69
46,15,31,debt,128.61
107,5,102,debt,295.29
38,25,13,debt,100.69
28,3,25,debt,78.05
71,13,58,payment,148.45
135,26,109,existence,336.29
144,17,127,existence,233.39
62,14,48,existence,109.62
126,36,90,payment,221.66
77,51,26,payment,228.91
129,87,42,existence,321.89
96,28,68,payment,239.54
14,10,4,payment,33.78
46,29,17,existence,136.72
63,25,38,payment,171.35
81,65,16,existence,220.09
84,15,69,existence,137.16
100,30,70,payment,184.62
144,45,99,payment,407.84
103,83,20,existence,254.2
3,2,1,existence,8.46
58,10,48,payment,139.95
117,16,101,debt,217.35
82,15,67,debt,235.26
36,15,21,existence,95.23
35,3,32,existence,83.93
114,43,71,debt,309.89
50,37,13,payment,120.43
13,8,5,payment,57.7
146,11,135,payment,242.74
81,12,69,payment,171.12
138,10,128,payment,228.94
82,57,25,existence,254.17
41,4,37,payment,89.47
15,2,13,debt,59.35
48,4,44,payment,95.16
46,17,29,payment,99.23
139,10,129,payment,300.74
6,5,1,debt,43.77
120,23,97,debt,253.53
38,8,30,payment,92.53
102,53,49,debt,303.35
99,1,98,debt,212.27
77,35,42,existence,178.29
69,16,53,debt,211.9
105,57,48,existence,209.09
95,85,10,existence,313.95
137,86,51,payment,408.96
13,10,3,payment,49.22
86,85,1,debt,271.15
76,3,73,debt,196.58
141,120,21,debt,468.16
108,84,24,existence,237.23
111,109,2,payment,410.47
106,106,0,debt,290.73
54,42,12,debt,150.73
150,77,73,debt,403.5
4,1,3,existence,8.53
4,1,3,debt,16.37
70,8,62,payment,138.79
106,82,24,payment,288.8
41,10,31,debt,107.57
90,4,86,debt,201.43
86,57,29,payment,171.22
131,82,49,debt,281
121,89,32,payment,312.89
156,41,115,payment,317.48
2,2,0,debt,21.97
14,13,1,debt,46.24
21,15,6,debt,64.26
149,78,71,existence,362.16
156,44,112,payment,438.22
121,119,2,existence,403.94
6,6,0,existence,16.93
144,11,133,debt,260.4
2,1,1,existence,4.17
22,18,4,payment,66.3
15,12,3,existence,33.31
112,68,44,debt,265.72
56,12,44,debt,141.01
4,4,0,payment,30.64
104,11,93,existence,265.89
107,23,84,existence,166.75
121,94,27,existence,233.16
97,91,6,payment,288.53
66,15,51,debt,128.72
101,35,66,payment,265.89
43,32,11,existence,124.39
125,71,54,debt,343.27
124,35,89,debt,365.19
112,14,98,payment,172.52
2,2,0,debt,33.38
37,24,13,payment,88.38
157,38,119,existence,302.14
76,47,29,debt,213.07
50,17,33,existence,104.45
91,86,5,existence,220.56
63,16,47,payment,147.33
85,29,56,existence,240.21
90,52,38,debt,183.86
143,60,83,payment,264.6
15,3,12,existence,22.28
15,14,1,existence,44.65
6,5,1,payment,29.19
101,5,96,debt,196.01
87,42,45,debt,174.46
121,112,9,payment,369.45
18,18,0,debt,69.34
84,64,20,payment,290.35
130,6,124,payment,344.75
2,1,1,debt,32.61
43,14,29,payment,92.37
107,33,74,payment,285.8
131,12,119,debt,205.62
71,26,45,debt,181.49
51,18,33,payment,112.6
53,13,40,existence,138.6
82,22,60,payment,235.65
97,19,78,debt,190.69
83,61,22,debt,302.12
137,12,125,existence,229.24
81,43,38,existence,212.53
59,44,15,payment,178.65
89,40,49,debt,258.65
32,6,26,payment,69.51
135,34,101,payment,202.99
60,39,21,existence,196.67
5,2,3,existence,8.14
2,1,1,payment,12.07
84,24,60,payment,213.29
82,54,28,debt,178.45
42,28,14,payment,111.4
141,72,69,payment,275.69
50,1,49,existence,65.3
77,60,17,payment,251.44
78,33,45,debt,144.41
116,83,33,debt,241.04
19,3,16,payment,57.18
103,89,14,debt,320.23
149,50,99,existence,237.8
58,10,48,existence,106.62
87,39,48,debt,233.12
11,7,4,debt,51.51
82,11,71,debt,202.19
146,19,127,payment,336.54
54,37,17,payment,180.96
9,2,7,debt,26.11
41,26,15,payment,110.97
149,116,33,existence,342.33
107,37,70,payment,246.58
123,14,109,existence,302.65
19,16,3,existence,51.24
133,96,37,payment,342.08
118,75,43,existence,306.39
19,10,9,payment,70.81
155,143,12,existence,389.44
93,33,60,existence,221.23
109,25,84,debt,186.29
93,43,50,payment,268.5
47,20,27,existence,130.95
133,105,28,debt,382.16
148,70,78,existence,357
130,115,15,debt,349.42
40,13,27,existence,70.33
135,95,40,debt,455.65
156,5,151,existence,274.26
95,27,68,debt,271.02
28,23,5,existence,73.62
103,70,33,existence,290.37
55,49,6,payment,170.98
39,15,24,debt,114.11
5,1,4,debt,32.12
117,79,38,payment,327.28
11,9,2,existence,36.25
85,51,34,payment,234.97
154,131,23,existence,416.59
69,44,25,existence,198.98
44,3,41,debt,120.9
132,9,123,existence,295.16
106,102,4,debt,337.32
64,22,42,existence,118.1
90,81,9,debt,320.97
90,70,20,debt,210.81
73,32,41,existence,191.68
105,37,68,payment,238.5
46,4,42,debt,102.93
22,13,9,existence,56.93
73,28,45,payment,213.57
27,4,23,payment,60.74
139,79,60,debt,426.17
145,39,106,debt,397.23
31,2,29,existence,44.56
132,81,51,payment,305.22
109,13,96,debt,278.6
105,69,36,existence,256.96
16,16,0,existence,38.31
99,93,6,debt,238.22
31,28,3,payment,120.55
31,26,5,debt,105.64
4,2,2,existence,8.77
44,23,21,existence,120.76
73,56,17,payment,238.15
157,122,35,payment,302.98
37,13,24,existence,79.52
11,3,8,payment,34.91
2,2,0,debt,29.3
55,9,46,debt,85.86
80,71,9,existence,218.67
18,1,17,payment,37.66
77,60,17,existence,253.59
37,4,33,existence,82.2
135,18,117,debt,267.57
42,11,31,debt,81.85
36,21,15,debt,102.71
140,60,80,payment,307.06
43,41,2,existence,131.14
44,1,43,debt,80.36
20,1,19,payment,61
5,4,1,payment,25.21
141,128,13,existence,444.15
86,48,38,existence,210.66
66,58,8,debt,207.57
96,31,65,debt,259.35
40,13,27,existence,69.6
151,92,59,debt,311.84
10,6,4,debt,29.56
96,9,87,existence,218.88
126,27,99,payment,224.19
125,10,115,existence,152.11
14,10,4,debt,56.81
115,50,65,existence,200.15
28,6,22,existence,50.33
35,16,19,payment,93.05
151,82,69,existence,340.41
71,23,48,debt,174.84
2,2,0,debt,30.88
39,3,36,payment,69.25
101,98,3,debt,297.51
46,39,7,payment,140.26
31,30,1,debt,124.29
152,143,9,debt,548.67
124,79,45,payment,236.06
54,26,28,debt,170.6
74,9,65,existence,162.45
42,36,6,existence,133.2
111,110,1,existence,303.7
150,140,10,existence,393.97
144,74,70,debt,413.61
86,28,58,debt,193.26
130,11,119,debt,267.79
147,19,128,payment,263.18
59,29,30,payment,145.78
116,74,42,debt,281.27
83,41,42,payment,217.66
133,72,61,existence,398.59
135,15,120,debt,359.06
74,31,43,debt,224.01
72,14,58,payment,187.83
156,128,28,existence,501.02
61,7,54,existence,87.25
152,81,71,existence,291.77
110,40,70,payment,324.12
142,31,111,debt,405.82
37,12,25,payment,98.34
125,41,84,existence,210.88
123,31,92,debt,343.59
13,4,9,existence,24.22
115,23,92,existence,294.71
22,9,13,existence,59.98
80,5,75,payment,191.83
79,42,37,existence,219.66
37,28,9,payment,133.43
56,45,11,debt,175.82
38,16,22,debt,92.36
15,12,3,debt,56.88
156,11,145,payment,230.34
154,51,103,payment,333.27
102,30,72,payment,239.03
51,10,41,debt,131.86
15,4,11,payment,38.14
64,22,42,payment,164.53
127,16,111,payment,258.4
68,63,5,payment,259.76
139,47,92,existence,343.72
48,24,24,existence,138.33
110,102,8,existence,304.49
16,9,7,existence,45.54
76,56,20,payment,233.34
113,7,106,payment,203.34
105,84,21,existence,269.85
31,20,11,debt,103.24
18,17,1,payment,75.24
81,13,68,debt,134.69
138,96,42,existence,399.87
95,60,35,payment,273.01
100,41,59,payment,209.13
143,105,38,existence,254.53
156,33,123,debt,293.79
22,17,5,payment,59.99
90,24,66,payment,172.04
31,2,29,existence,63.39
100,36,64,debt,181.64
81,67,14,payment,196.4
33,14,19,existence,75.16
36,19,17,existence,79.49
31,8,23,debt,89.74
136,118,18,payment,397.41
141,128,13,debt,440.28
146,54,92,existence,417.63
40,9,31,payment,97.26
56,44,12,payment,187.05
85,63,22,existence,197.95
145,86,59,debt,419.48
154,38,116,debt,338.44
54,27,27,existence,123.01
29,25,4,debt,101.89
90,73,17,payment,325.28
19,3,16,payment,54.7
55,33,22,payment,134.02
81,17,64,existence,205.85
24,17,7,existence,51.53
136,2,134,payment,328.69
126,1,125,debt,183.75
5,2,3,debt,37.97
52,42,10,existence,163.72
51,3,48,debt,107.72
136,133,3,payment,384.98
81,30,51,existence,185.45
5,4,1,debt,45.27
145,67,78,existence,342.52
117,12,105,debt,223.58
66,55,11,debt,248.02
51,50,1,payment,141.38
120,85,35,debt,289.48
126,59,67,debt,388.54
75,1,74,existence,145.85
89,58,31,payment,214.64
16,4,12,existence,33.6
103,15,88,payment,226.59
114,85,29,debt,288.43
93,14,79,payment,144.63
82,15,67,payment,181.55
132,98,34,debt,285.08
100,72,28,debt,252.78
146,44,102,debt,279.43
131,104,27,debt,447.89
148,26,122,payment,242.53
107,36,71,debt,216.32
100,37,63,existence,216.68
144,23,121,existence,264.56
98,16,82,debt,204.25
138,135,3,debt,467.17
46,24,22,payment,148.89
87,37,50,payment,242.94
145,122,23,existence,509.72
98,54,44,debt,314.36
38,17,21,existence,63.9
15,12,3,payment,62.46
131,8,123,debt,319.97
18,9,9,debt,73.96
154,40,114,debt,275.81
114,98,16,debt,335.48
31,27,4,debt,89.17
86,30,56,existence,172.57
55,9,46,debt,106.5
128,44,84,payment,227.24
2,2,0,payment,12.26
98,42,56,debt,205.48
145,12,133,debt,328.52
149,149,0,existence,497.26
15,7,8,payment,37.98
6,5,1,existence,14.7
43,40,3,debt,147.48
142,21,121,debt,295.9
48,33,15,debt,172.75
98,5,93,payment,136.4
3,1,2,existence,4.96
56,48,8,existence,193.24
57,6,51,existence,106.02
144,74,70,debt,269.02
59,57,2,debt,141.22
144,31,113,debt,218.52
126,100,26,existence,271.85
145,58,87,existence,360.82
142,20,122,existence,236.61
90,14,76,payment,203.5
60,46,14,existence,122.21
36,24,12,existence,111.57
2,1,1,payment,13.29
113,105,8,payment,293.47
53,26,27,debt,147.24
85,75,10,existence,256.5
155,97,58,existence,453.23
114,47,67,payment,314.7
108,61,47,existence,210.94
28,15,13,debt,96.3
58,29,29,payment,116.93
21,10,11,existence,58.36
139,128,11,existence,440.92
28,9,19,payment,65.04
18,13,5,payment,41.18
147,91,56,existence,363.9
63,41,22,payment,122.58
123,120,3,payment,389.69
62,28,34,existence,159.87
85,46,39,existence,235.14
73,73,0,existence,244.66
47,43,4,debt,159.65
41,4,37,debt,72.87
123,15,108,existence,240.73
1,1,0,debt,25.59
80,61,19,existence,209.27
35,2,33,payment,88.17
105,56,49,debt,218.14
70,50,20,existence,175.78
7,6,1,payment,34.26
117,20,97,existence,283.22
4,3,1,payment,14.81
16,10,6,debt,66.23
93,1,92,payment,136.11
126,75,51,existence,387.15
7,3,4,payment,26.17
42,36,6,payment,120.03
106,90,16,debt,300.6
89,69,20,payment,227.1
47,30,17,existence,90.75
34,11,23,payment,94.39
84,65,19,debt,197.61
117,22,95,payment,275.16
148,42,106,debt,273.66
119,20,99,existence,232.94
41,2,39,existence,93.34
64,62,2,payment,202.87
15,7,8,existence,27.93
5,4,1,existence,15.19
110,102,8,debt,345.93
48,23,25,debt,87.93
140,11,129,existence,332.81
2,1,1,debt,24.31
32,13,19,existence,88.33
1,1,0,payment,19.7
86,78,8,existence,192.43
12,7,5,debt,45.79
138,115,23,debt,469.48
125,92,33,existence,393.56
7,3,4,existence,11.21
18,9,9,existence,36.17
130,44,86,debt,196.94
56,7,49,payment,123.48
10,4,6,existence,19.93
107,52,55,debt,336.24
2,1,1,existence,5.72
83,59,24,payment,193.6
139,41,98,existence,253.48
47,28,19,debt,107.36
9,2,7,payment,28.1
101,5,96,existence,164.59
146,113,33,payment,324.03
93,33,60,existence,215.95
93,66,27,debt,318.98
123,15,108,existence,241.31
140,137,3,debt,359.14
104,27,77,existence,248.93
59,1,58,existence,76.8
75,71,4,payment,248.68
27,7,20,existence,65.5
73,69,4,payment,175.45
69,62,7,payment,236.86
34,18,16,payment,87.34
120,8,112,payment,240.23
78,17,61,debt,234.8
152,23,129,existence,396.18
54,21,33,payment,132.27
54,33,21,debt,184.44
47,30,17,existence,131.28
138,16,122,existence,295.9
12,6,6,existence,28.65
83,33,50,debt,182.4
50,34,16,existence,142.14
85,74,11,payment,223.62
48,41,7,debt,128.52
126,112,14,debt,347.14
125,89,36,existence,216.91
73,73,0,debt,197.57
67,43,24,existence,212.56
79,49,30,payment,190.85
55,53,2,debt,193.87
3,3,0,debt,22.85
53,30,23,existence,95.9
134,71,63,debt,305.32
97,42,55,payment,239.44
33,14,19,existence,65.59
97,26,71,debt,259.34
5,5,0,existence,15.41
153,64,89,debt,426.61
127,20,107,existence,327.91
97,94,3,debt,314.81
31,29,2,debt,105.4
51,29,22,payment,139.71
10,6,4,existence,24.01
60,10,50,existence,102.67
11,8,3,debt,48.42
59,37,22,payment,147.65
91,49,42,debt,247.77
147,30,117,payment,331.03
141,60,81,existence,396.76
128,54,74,existence,299.8
151,121,30,existence,361.89
96,78,18,debt,262.83
2,1,1,debt,33.32
155,132,23,debt,396.36
107,65,42,payment,227.05
78,56,22,debt,240.11
32,11,21,payment,74.73
93,20,73,existence,164.8
152,8,144,debt,284.95
111,46,65,debt,319.82
42,38,4,existence,111.65
151,106,45,debt,503.86
55,23,32,payment,146.94
84,22,62,existence,144.12
126,94,32,payment,275.93
54,25,29,payment,120.99
142,77,65,payment,343.68
101,93,8,existence,288.38
59,20,39,payment,181.71
35,25,10,existence,104.73
97,74,23,payment,259.98
150,82,68,existence,271.53
79,54,25,debt,289.01
99,75,24,existence,340.58
128,29,99,existence,208.76
119,49,70,payment,276.97
8,2,6,existence,19.17
12,6,6,existence,29.28
138,63,75,existence,346.32
100,73,27,existence,242.18
39,33,6,existence,91.73
98,95,3,debt,237.48
122,83,39,payment,340.18
55,11,44,existence,147.07
149,76,73,debt,388.94
151,31,120,payment,220.43
92,46,46,debt,189.22
154,9,145,existence,396.86
150,85,65,debt,384.56
17,9,8,debt,42.31
23,3,20,existence,41.84
89,65,24,debt,242.05
17,17,0,debt,68.59
35,2,33,existence,77.59
120,46,74,debt,276.45
144,23,121,payment,218.07
120,58,62,existence,276.69
131,73,58,debt,360.1
10,2,8,debt,37.92
157,45,112,existence,445.31
72,72,0,debt,191.52
68,38,30,debt,182.99
85,77,8,payment,255.39
116,81,35,debt,327.66
119,119,0,debt,376.02
57,9,48,existence,78.71
58,12,46,payment,148.28
42,31,11,payment,113.06
68,45,23,payment,153.36
76,45,31,existence,197.7
59,25,34,payment,135.22
125,52,73,payment,353.78
27,15,12,debt,83.09
91,36,55,payment,221.4
45,9,36,debt,83.9
90,53,37,payment,287.75
76,3,73,existence,149.78
102,17,85,payment,159.66
9,1,8,payment,33.45
118,83,35,debt,397.95
45,34,11,payment,107.38
8,7,1,existence,26.08
28,7,21,debt,60.93
124,22,102,existence,324.35
97,26,71,payment,237.37
90,38,52,payment,231.5
14,13,1,payment,46.11
140,15,125,payment,302.24
117,7,110,debt,237.91
81,19,62,debt,162.08
134,20,114,debt,365.22
1,1,0,debt,26.11
102,51,51,existence,232.51
29,26,3,debt,101.26
54,26,28,debt,126.99
42,21,21,existence,101.86
39,36,3,payment,109.49
137,83,54,debt,326.58
68,42,26,debt,167.73
157,145,12,existence,453.16
73,43,30,existence,117.15
121,120,1,debt,460.04
80,26,54,existence,211.24
111,50,61,debt,245.54
69,21,48,existence,141.34
70,52,18,payment,182.58
136,65,71,payment,357.15
128,6,122,debt,319.62
145,76,69,debt,330.09
91,33,58,payment,274.94
36,11,25,debt,117.99
64,11,53,payment,190.53
85,83,2,existence,281.75
141,29,112,payment,345.95
35,23,12,debt,91.78
62,9,53,debt,162.86
139,85,54,payment,299.47
11,2,9,debt,44.03
64,3,61,existence,137.64
99,26,73,existence,163.55
67,11,56,debt,143.33
25,17,8,debt,70.73
80,24,56,existence,211.83
89,9,80,debt,134.86
35,30,5,payment,111.21
58,26,32,debt,169.34
2,1,1,existence,3.7
130,23,107,payment,253.04
25,16,9,existence,69.5
131,129,2,payment,491.09
11,3,8,debt,54.39
80,49,31,existence,236.37
99,29,70,debt,258.58
77,22,55,debt,154.08
132,100,32,payment,372.88
38,29,9,existence,97.01
17,4,13,payment,49.69
143,15,128,existence,323.34
139,88,51,existence,428.17
2,1,1,debt,17.81
81,22,59,debt,174.11
103,14,89,payment,207.46
57,27,30,payment,119.15
99,16,83,existence,164.7
6,5,1,existence,16.38
51,44,7,payment,125.3
48,2,46,payment,81.68
84,66,18,payment,178.67
34,24,10,debt,97.54
82,28,54,debt,188.41
55,26,29,payment,118.09
116,15,101,debt,214.83
115,22,93,debt,219.22
20,7,13,existence,59.2
66,14,52,payment,154.22
59,2,57,existence,104.26
123,111,12,debt,375.6
150,139,11,debt,504.66
54,30,24,payment,154.36
115,105,10,existence,305.64
94,53,41,debt,217.4
99,30,69,debt,201.53
156,130,26,existence,458.72
19,19,0,payment,74.81
56,8,48,payment,163.19
9,9,0,existence,27.4
24,20,4,payment,92.24
111,9,102,debt,180.85
32,1,31,existence,38.51
12,5,7,payment,37.98
143,118,25,debt,370.9
69,54,15,existence,221.43
121,84,37,debt,311.24
129,7,122,existence,288.62
10,2,8,existence,20.7
16,1,15,payment,34.97
39,28,11,existence,106.95
88,64,24,debt,283.72
76,3,73,payment,105.75
20,2,18,debt,60.88
21,9,12,debt,43.18
52,21,31,payment,172.48
27,4,23,debt,88.45
118,115,3,existence,322.31
44,19,25,existence,82.25
41,38,3,payment,133.95
13,11,2,existence,32.6
11,10,1,payment,39.61
8,7,1,debt,34.41
58,7,51,existence,102.73
107,40,67,existence,211.5
79,40,39,existence,140.02
33,32,1,payment,88.68
33,26,7,payment,113.01
50,35,15,existence,163.06
37,1,36,debt,77.83
33,13,20,debt,99.24
152,79,73,payment,476.64
105,104,1,existence,371.49
11,10,1,payment,45.66
51,44,7,existence,132.92
110,51,59,payment,280.5
101,83,18,existence,287.04
103,66,37,debt,228.34
44,17,27,debt,137.99
83,66,17,existence,258.41
71,57,14,existence,211.8
71,20,51,existence,119.43
72,15,57,payment,166.97
97,4,93,debt,138.91
27,20,7,existence,78.5
30,23,7,debt,91.67
65,4,61,existence,80.76
117,59,58,payment,250.96
25,7,18,debt,81.45
61,2,59,existence,87.61
101,1,100,debt,219.15
19,7,12,payment,49.37
48,6,42,debt,117.08
7,7,0,payment,43.12
11,7,4,debt,47.63
20,6,14,payment,62.27
67,41,26,debt,215.74
117,31,86,debt,206.49
107,23,84,payment,234.08
74,6,68,debt,109.89
103,39,64,debt,230.29
80,51,29,payment,192.75
92,23,69,payment,248.97
38,19,19,payment,106.03
146,93,53,existence,378.89
10,2,8,debt,36.94
149,88,61,payment,441.37
96,85,11,debt,264.68
83,4,79,payment,145.74
71,52,19,payment,187.47
82,45,37,payment,223.96
67,21,46,existence,162.61
60,24,36,existence,123.62
35,17,18,debt,97.17
53,15,38,debt,155.71
45,44,1,debt,160.18
55,53,2,debt,213.92
89,84,5,existence,252.8
122,103,19,debt,334.29
146,18,128,payment,205.24
60,35,25,payment,118.72
127,118,9,payment,387.27
149,32,117,payment,368.02
128,9,119,payment,276.15
69,44,25,payment,218.91
32,27,5,existence,89.02
92,11,81,existence,240.83
28,20,8,existence,88.55
127,10,117,debt,296.43
76,73,3,debt,253.97
62,17,45,debt,174.33
42,35,7,existence,86.58
129,79,50,existence,233.39
140,88,52,payment,413.81
89,17,72,debt,262.04
112,17,95,payment,252.33
69,24,45,existence,138.9
143,14,129,payment,382.9
56,2,54,debt,137.54
10,2,8,existence,25.89
5,1,4,payment,18.47
72,49,23,payment,187.21
110,95,15,debt,305.2
99,93,6,debt,329.38
87,46,41,existence,262.89
18,2,16,existence,45.79
37,22,15,debt,128.86
152,76,76,existence,359.85
142,47,95,payment,249.43
137,106,31,debt,366.97
14,1,13,existence,34.32
40,23,17,debt,124.73
147,66,81,debt,257.28
133,113,20,payment,338.13
59,46,13,existence,181.49
37,10,27,existence,100.61
43,5,38,debt,71.4
98,5,93,debt,245.3
73,16,57,debt,147.34
8,7,1,payment,31.67
129,126,3,payment,436.56
146,66,80,debt,384.41
11,2,9,existence,15.78
65,52,13,payment,189.84
101,21,80,debt,146.24
40,35,5,payment,112.52
4,4,0,existence,10.51
99,72,27,debt,207.06
2,1,1,payment,23.29
45,8,37,payment,119.84
109,63,46,debt,256.15
75,17,58,existence,168.28
148,119,29,payment,436.25
131,126,5,existence,296.24
84,21,63,debt,247.01
156,6,150,payment,354.31
39,16,23,existence,91.82
46,8,38,existence,71.66
33,30,3,payment,112.49
16,4,12,payment,42.11
69,16,53,payment,173.99
14,3,11,existence,36.78
5,2,3,payment,25.75
46,34,12,existence,83.37
149,62,87,debt,411.7
75,37,38,payment,200.88
76,40,36,payment,157.49
41,7,34,debt,118.97
62,33,29,debt,164.85
148,15,133,debt,353.31
92,89,3,debt,260.42
111,98,13,payment,315.55
6,3,3,existence,15.41
7,3,4,debt,38.25
11,7,4,payment,52.16
69,18,51,debt,175.31
59,12,47,payment,155.13
94,19,75,existence,209.58
90,8,82,payment,174.45
20,3,17,existence,50.94
148,2,146,debt,319.37
139,122,17,existence,396.32
156,58,98,debt,434.05
17,5,12,debt,65.66
77,29,48,payment,228.41
32,2,30,payment,47.64
114,42,72,existence,320.08
25,14,11,existence,47.4
105,27,78,existence,237.23
105,83,22,payment,303.07
38,5,33,payment,73.06
31,21,10,debt,96.1
78,39,39,existence,183
76,9,67,existence,177.88
54,18,36,existence,113.85
50,34,16,payment,158.34
53,33,20,existence,140.27
53,10,43,existence,107.07
143,89,54,existence,394.05
146,14,132,payment,236.46
31,29,2,payment,96.96
43,11,32,debt,80.84
102,51,51,debt,279.76
123,17,106,payment,224.65
128,108,20,debt,322.69
37,12,25,debt,95.33
146,146,0,existence,298.29
151,74,77,payment,401.11
144,29,115,debt,365.32
64,38,26,debt,201.01
9,4,5,debt,46.08
85,85,0,existence,248.33
88,44,44,existence,189.24
90,57,33,existence,191.19
95,13,82,debt,205.18
86,29,57,payment,182.71
125,70,55,payment,253.31
116,75,41,payment,239.81
80,74,6,existence,258.54
59,58,1,debt,194.9
153,124,29,payment,333.32
56,55,1,debt,150.57
32,8,24,debt,98.27
106,31,75,payment,277.08
146,22,124,existence,322.88
30,27,3,debt,101.92
71,66,5,existence,210.33
145,64,81,payment,424.1
119,118,1,payment,344.01
97,85,12,debt,277.28
78,7,71,existence,197.67
142,59,83,debt,392.53
145,78,67,payment,247.19
43,6,37,existence,95.35
73,52,21,debt,184.49
15,2,13,debt,58.45
91,11,80,existence,190.7
69,26,43,existence,185.2
1,1,0,debt,19.82
38,4,34,payment,84.55
91,36,55,existence,178.87
23,19,4,existence,73.44
101,99,2,existence,243.57
87,4,83,payment,212.49
26,15,11,payment,87.59
122,82,40,debt,389.17
120,48,72,existence,272.74
99,88,11,payment,317.04
71,53,18,existence,150.41
31,22,9,existence,71.14
55,17,38,existence,91.54
41,34,7,payment,148.97
140,126,14,payment,436.08
101,60,41,payment,323.95
133,5,128,debt,182.06
90,23,67,payment,152.59
136,136,0,debt,547.78
153,124,29,payment,438.77
120,20,100,payment,236.6
38,3,35,existence,49.65
8,6,2,existence,20.26
25,2,23,existence,38.75
78,10,68,existence,114.38
85,75,10,payment,199.54
13,10,3,debt,61.65
102,14,88,existence,226.95
2,1,1,existence,5.99
66,4,62,payment,172.34
42,32,10,debt,141.7
131,82,49,debt,278.09
141,69,72,debt,399
15,14,1,existence,42.49
27,17,10,payment,87.53
101,96,5,existence,295.2
77,28,49,existence,196.73
59,52,7,debt,176.49
11,8,3,existence,22.21
128,79,49,existence,407.69
16,16,0,debt,50.6
119,18,101,payment,209.14
18,4,14,debt,48.11
32,5,27,debt,84.38
88,47,41,payment,261.3
135,68,67,debt,383.94
40,1,39,existence,52.04
83,44,39,payment,210.66
140,21,119,debt,234.54
52,23,29,existence,158.3
1,1,0,existence,3.16
78,28,50,debt,207.95
137,128,9,existence,362.27
85,53,32,existence,252.55
92,36,56,payment,257.53
4,2,2,existence,8.92
10,3,7,existence,26.88
35,16,19,existence,81.42
56,53,3,existence,124.9
58,22,36,debt,138.4
131,87,44,existence,272.94
107,46,61,debt,318.6
91,10,81,payment,189.22
1,1,0,existence,3.67
112,14,98,payment,224.08
71,59,12,payment,223.95
2,2,0,payment,21.51
110,40,70,debt,227.36
31,21,10,existence,64.88
135,35,100,existence,198.82
70,1,69,debt,176.53
6,4,2,existence,12.27
113,45,68,debt,359.92
42,36,6,payment,136.55
88,71,17,payment,185.85
91,52,39,existence,196.42
53,5,48,debt,131.4
12,2,10,existence,28.86
56,54,2,debt,201.79
144,35,109,payment,367.92
106,93,13,existence,350.36
36,22,14,existence,65.46
57,22,35,existence,154.31
93,34,59,debt,272.16
45,32,13,existence,135.53
55,22,33,payment,121.06
81,45,36,existence,153.63
72,59,13,payment,252.83
115,21,94,existence,192.05
108,11,97,payment,257.45
121,15,106,payment,223.05
80,53,27,payment,199.56
126,61,65,payment,286.7
47,46,1,payment,134.96
65,49,16,payment,203.35
83,53,30,existence,271.01
36,26,10,payment,123.82
100,39,61,payment,278.87
153,54,99,debt,310.86
48,20,28,debt,136.03
98,49,49,payment,207.05
120,18,102,debt,266.6
49,20,29,debt,127.7
135,122,13,debt,421.05
138,47,91,existence,343.08
91,81,10,existence,252.37
115,94,21,debt,294.2
57,10,47,debt,139.24
93,42,51,existence,217.87
17,5,12,payment,54.56
54,31,23,debt,155.09
152,103,49,debt,454.71
43,35,8,debt,155.15
156,16,140,existence,335.5
14,9,5,existence,36.35
89,11,78,payment,146.43
128,95,33,payment,409.57
60,34,26,existence,127.21
108,68,40,payment,218.32
83,39,44,payment,158.37
122,12,110,existence,172.99
144,74,70,debt,388.63
8,5,3,existence,24.4
28,15,13,payment,70.07
65,31,34,existence,148.31
125,56,69,existence,329.44
2,1,1,debt,22.9
52,7,45,existence,132.01
75,52,23,existence,187.64
137,29,108,payment,373.07
102,13,89,existence,138.46
37,31,6,debt,79.27
28,26,2,existence,71.79
139,62,77,existence,387.58
121,103,18,payment,404.01
151,128,23,existence,383.55
42,2,40,payment,79.56
36,23,13,payment,85.1
64,56,8,payment,175.48
15,11,4,payment,51.22
124,16,108,existence,271.03
145,2,143,debt,191.75
117,5,112,existence,181.84
78,62,16,existence,199.96
109,94,15,payment,325.36
79,61,18,debt,277.52
132,87,45,debt,307.25
3,3,0,payment,20.19
115,110,5,debt,350
32,4,28,debt,70.47
111,104,7,existence,253.86
130,100,30,payment,346.75
127,24,103,debt,258.99
80,33,47,debt,235.49
36,31,5,payment,130.24
152,81,71,existence,437.32
143,71,72,existence,441.2
115,82,33,payment,232.08
83,60,23,payment,241.51
37,13,24,payment,74.71
88,44,44,existence,177.92
111,16,95,existence,180.26
9,5,4,debt,39.4
1,1,0,debt,32.11
23,18,5,existence,41.3
150,99,51,debt,334.91
53,30,23,debt,183.36
27,27,0,payment,77.14
65,4,61,debt,108.75
50,7,43,debt,154.73
131,88,43,debt,339
34,34,0,existence,115.84
112,42,70,debt,223.78
123,74,49,payment,294.46
78,19,59,payment,153.66
34,25,9,debt,101.85
27,18,9,existence,66.07
43,14,29,payment,106.37
32,15,17,payment,82.62
39,18,21,payment,95.65
81,81,0,payment,279.39
144,40,104,debt,291.87
30,5,25,existence,58.54
109,39,70,debt,340.87
12,3,9,existence,18.98
116,20,96,existence,242.81
59,12,47,existence,133.44
114,96,18,debt,301.41
128,76,52,debt,351.26
99,20,79,payment,271.92
130,33,97,existence,351.33
40,30,10,debt,102.75
56,2,54,payment,142.99
84,16,68,debt,231.76
62,42,20,debt,151.03
112,76,36,existence,278.29
156,113,43,existence,345.81
126,93,33,payment,355.96
150,51,99,debt,367.32
42,10,32,existence,59.55
17,3,14,existence,41.74
62,23,39,existence,149.3
71,45,26,debt,188.48
54,51,3,debt,152.19
66,50,16,payment,141.52
22,15,7,payment,62.76
150,67,83,debt,313
147,74,73,payment,482.24
125,80,45,existence,272.23
72,21,51,debt,217.34
83,2,81,existence,145.17
35,7,28,existence,59.62
35,35,0,payment,105.69
120,56,64,existence,310.67
40,5,35,existence,72.52
23,13,10,debt,92.48
144,43,101,existence,331.59
124,75,49,debt,304.17
97,66,31,existence,235.23
153,64,89,debt,405.07
153,7,146,payment,207.13
22,20,2,debt,81.14
28,18,10,existence,84.5
76,44,32,payment,183.29
127,61,66,debt,244.43
40,17,23,existence,118.77
53,53,0,existence,146.31
54,11,43,payment,126.68
6,6,0,debt,26.2
144,126,18,payment,323.09
45,11,34,existence,75.14
2,2,0,payment,12.45
140,34,106,payment,260.64
71,68,3,debt,277.75
12,11,1,existence,30.06
62,35,27,existence,204.19
133,76,57,existence,364.36
32,31,1,existence,79.6
125,75,50,debt,354.37
153,5,148,existence,250.09
16,14,2,debt,71.35
18,16,2,payment,53.17
82,44,38,existence,179.06
85,36,49,payment,168.68
40,6,34,existence,88.93
37,6,31,debt,107.39
71,55,16,debt,168.63
150,81,69,payment,390.33
62,10,52,existence,138.24
128,58,70,debt,284.18
63,28,35,existence,125.59
107,49,58,existence,216.98
130,58,72,debt,374.09
34,12,22,payment,103.54
117,70,47,existence,340.4
77,31,46,payment,166.68
15,2,13,payment,40.41
155,103,52,payment,388.13
71,57,14,debt,185.02
42,26,16,payment,126.21
15,6,9,existence,26.95
30,29,1,debt,117.63
4,4,0,payment,27.34
32,14,18,existence,81.38
122,46,76,existence,224.02
56,39,17,existence,160.85
70,7,63,payment,135.8
46,40,6,existence,116.77
112,88,24,debt,230.81
81,13,68,debt,149.63
17,6,11,payment,43.71
135,135,0,payment,323.69
74,45,29,debt,174.93
7,6,1,existence,24.74
51,36,15,existence,123.07
43,42,1,debt,152.99
96,52,44,payment,234.2
5,5,0,debt,45.95
21,12,9,existence,62.77
58,40,18,payment,144.61
92,20,72,debt,255.66
78,13,65,payment,178.95
96,87,9,payment,262.12
89,32,57,debt,159.33
86,61,25,payment,279.25
67,56,11,payment,188.68
9,3,6,payment,33.02
31,14,17,existence,60.22
149,42,107,payment,294.85
84,21,63,payment,232.8
123,74,49,debt,321.93
74,44,30,payment,233.59
33,4,29,payment,70.65
113,80,33,debt,369.59
68,48,20,debt,237.92
147,70,77,payment,380.12
51,9,42,existence,68.62
136,42,94,payment,250.86
75,56,19,existence,208.63
58,15,43,debt,148.2
25,20,5,debt,69.32
131,102,29,existence,333.52
138,75,63,payment,388.98
38,2,36,debt,64.72
152,43,109,existence,399.64
80,33,47,existence,167.2
118,50,68,existence,316.67
126,81,45,payment,382.08
92,79,13,debt,201.13
35,30,5,existence,108.44
83,69,14,payment,287.74
128,86,42,existence,327.94
148,85,63,existence,386.13
53,11,42,payment,145.65
150,27,123,payment,313.57
119,114,5,existence,235.82
28,13,15,existence,70.69
75,70,5,existence,188.32
105,23,82,debt,241.43
148,98,50,debt,432.27
117,62,55,payment,267.11
43,25,18,payment,109.48
14,4,10,debt,43.68
136,24,112,payment,249.91
136,130,6,payment,414.43
117,56,61,existence,225.21
145,68,77,debt,308.83
12,2,10,payment,37.36
120,64,56,existence,349.38
95,6,89,existence,159.22
34,30,4,existence,93.89
16,3,13,payment,37.18
79,39,40,existence,240.53
110,4,106,existence,168.98
2,1,1,debt,18.12
56,24,32,debt,190.09
9,6,3,existence,18.37
117,92,25,existence,271.88
29,7,22,debt,73.4
101,36,65,existence,275.82
150,140,10,debt,406.21
13,3,10,debt,42.78
127,116,11,existence,295.61
149,70,79,payment,399.71
145,14,131,existence,226.44
35,31,4,payment,127.28
30,23,7,existence,63.9
76,41,35,payment,181
89,79,10,debt,307.09
144,46,98,existence,385.33
76,11,65,existence,105.7
86,40,46,debt,252.04
133,38,95,existence,346.47
143,111,32,payment,365.61
73,70,3,payment,193.39
110,110,0,existence,418.39
21,5,16,existence,38.51
88,23,65,payment,219.54
98,55,43,debt,333.91
101,1,100,debt,138.34
78,21,57,debt,168.97
17,3,14,debt,44.58
101,75,26,payment,217.86
129,90,39,debt,382.32
15,15,0,debt,51
153,103,50,debt,466.85
73,35,38,debt,200.17
150,147,3,existence,439.17
109,27,82,existence,205.24
101,7,94,existence,136.43
8,8,0,debt,33.36
132,132,0,debt,359.37
144,125,19,payment,526.59
142,73,69,payment,342.06
136,56,80,existence,226.29
2,1,1,existence,6.09
20,13,7,payment,58.92
19,17,2,payment,54.53
82,10,72,debt,148.03
88,54,34,payment,264.48
54,17,37,payment,125.12
123,62,61,payment,382.62
107,62,45,debt,352.27
62,28,34,debt,163.13
110,87,23,payment,246.59
156,146,10,payment,423.84
60,16,44,payment,131.17
32,25,7,debt,86.69
28,9,19,debt,96.66
21,13,8,existence,57.91
76,46,30,payment,173.15
40,15,25,debt,118.53
4,4,0,debt,25.78
153,116,37,payment,428.15
43,27,16,existence,145.46
40,12,28,payment,82.11
156,36,120,debt,301.95
129,54,75,debt,385.3
80,46,34,existence,196.79
54,46,8,payment,148.89
135,102,33,existence,437.93
31,20,11,existence,90.17
117,94,23,existence,395.37
31,29,2,payment,112.22
150,52,98,debt,407.81
78,66,12,debt,218.12
64,46,18,existence,187.38
61,5,56,debt,103.17
72,33,39,existence,163
120,116,4,payment,429.62
95,45,50,existence,290.33
117,88,29,payment,312.47
82,50,32,existence,221.28
71,30,41,existence,161.56
11,2,9,debt,42.05
43,35,8,debt,120.95
35,11,24,existence,75.41
70,62,8,debt,246.96
142,95,47,debt,380.05
71,4,67,debt,122.46
20,17,3,payment,83.11
81,34,47,existence,158.16
33,30,3,existence,123.6
69,64,5,payment,163.52
9,2,7,debt,44.93
28,11,17,payment,88.18
96,68,28,debt,220.97
142,94,48,debt,338
89,61,28,existence,236.98
88,76,12,payment,264.36
59,20,39,payment,122.25
53,16,37,debt,94.35
121,74,47,debt,264.38
77,54,23,debt,238.3
111,72,39,existence,236.02
149,102,47,existence,365.58
23,2,21,payment,38.6
53,17,36,existence,105.06
46,12,34,payment,122.6
30,1,29,existence,59.23
13,1,12,debt,46.59
63,30,33,existence,190.29
32,14,18,payment,94.44
131,109,22,existence,303.59
89,31,58,existence,180.88
129,123,6,existence,282.69
51,13,38,payment,136.13
49,26,23,debt,153.27
91,28,63,payment,233.03
85,15,70,payment,141.7
23,3,20,debt,52.08
69,26,43,existence,199.67
61,29,32,debt,203.22
119,89,30,debt,344.42
156,66,90,payment,460.69
129,59,70,existence,281.85
104,77,27,existence,297.28
136,18,118,existence,236.53
121,43,78,existence,220.52
86,69,17,debt,319.4
69,16,53,debt,192.16
154,37,117,debt,358.75
29,27,2,payment,103.95
125,9,116,existence,309.67
132,68,64,existence,332.37
99,65,34,payment,335.46
133,114,19,payment,446.54
97,29,68,debt,293.02
1,1,0,existence,3.1
25,23,2,existence,77.07
66,23,43,payment,124.86
108,95,13,debt,349.99
43,32,11,payment,117.51
133,61,72,payment,261.35
13,7,6,payment,46.37
140,38,102,existence,279
47,9,38,payment,120.59
7,7,0,payment,31.13
138,90,48,existence,316.6
141,43,98,payment,240.24
123,58,65,payment,338.88
79,66,13,debt,264.53
120,36,84,existence,270.35
104,95,9,debt,345.69
134,26,108,payment,305.17
3,2,1,existence,5.6
76,56,20,existence,147.21
76,14,62,debt,171.45
76,1,75,debt,199.15
110,78,32,debt,326.78
149,119,30,payment,445.51
52,43,9,debt,162.42
7,4,3,debt,38.36
75,23,52,payment,162.01
18,14,4,existence,45.93
78,49,29,existence,213.33
134,112,22,debt,379.35
19,14,5,payment,48.14
138,91,47,payment,389.62
1,1,0,debt,19.37
113,94,19,payment,305.45
87,38,49,debt,201.69
47,35,12,existence,98.82
94,89,5,payment,265.39
48,40,8,payment,155.88
54,10,44,debt,142.93
19,5,14,existence,42.34
48,28,20,debt,168.98
124,75,49,debt,343.24
2,2,0,payment,14.55
4,2,2,existence,11.36
34,33,1,debt,128.53
83,51,32,existence,180.58
28,24,4,existence,87.65
52,27,25,payment,174.76
6,1,5,debt,36.76
62,53,9,payment,218.05
117,27,90,debt,259.54
63,47,16,payment,203.9
27,19,8,existence,83.75
52,35,17,payment,167.22
21,14,7,payment,66.66
69,6,63,existence,120.1
30,12,18,existence,58.11
136,91,45,payment,335.17
103,32,71,payment,251.5
135,9,126,existence,300.19
88,69,19,payment,184.29
139,139,0,existence,381.71
55,19,36,existence,93.14
92,60,32,debt,229.17
157,146,11,debt,516.68
17,5,12,payment,50.46
25,9,16,payment,59.94
157,153,4,debt,420.57
75,44,31,debt,179.71
131,39,92,payment,235.35
94,63,31,existence,285.35
80,51,29,payment,174.07
28,5,23,existence,41.54
105,80,25,debt,386.04
95,45,50,payment,280.76
130,45,85,debt,211.59
69,25,44,existence,117.13
146,95,51,payment,431.63
147,141,6,payment,368.43
57,26,31,payment,157.08
2,1,1,debt,13.94
45,27,18,payment,106.04
32,27,5,debt,116.76
149,114,35,debt,358.79
13,7,6,debt,46.51
45,4,41,debt,146
7,3,4,payment,36.34
28,17,11,existence,71.89
45,16,29,payment,103.19
132,113,19,payment,427.26
131,87,44,existence,258.11
113,57,56,existence,215.82
20,9,11,debt,88.03
22,2,20,debt,81.29
20,4,16,debt,64.94
65,13,52,existence,133.59
47,33,14,existence,136.59
29,20,9,payment,79.96
14,3,11,existence,23.69
118,52,66,debt,274.83
109,17,92,existence,213.85
48,48,0,debt,116.53
142,5,137,existence,299.84
71,23,48,payment,172.83
122,86,36,payment,297.38
57,45,12,existence,132.86
3,3,0,payment,22.66
91,15,76,existence,135.93
39,38,1,payment,124.75
138,105,33,existence,426.52
47,24,23,debt,95.36
49,45,4,debt,116.22
132,47,85,debt,345.19
28,27,1,existence,75.38
45,23,22,debt,135.29
83,23,60,debt,265.53
52,4,48,existence,72.65
23,13,10,existence,56.43
120,6,114,existence,281.36
36,1,35,existence,50.02
146,122,24,existence,305.96
20,3,17,debt,63.06
54,9,45,debt,125.07
97,93,4,existence,250.65
97,61,36,existence,272.7
134,50,84,existence,227.06
56,55,1,payment,195.42
115,1,114,debt,250.07
35,20,15,debt,92.04
89,82,7,payment,228.66
128,101,27,existence,404.04
106,57,49,payment,246.6
106,38,68,existence,204.24
43,13,30,debt,94.96
14,8,6,existence,31.65
29,3,26,existence,50.46
35,7,28,existence,83.94
1,1,0,existence,2.47
108,102,6,existence,360.42
66,58,8,payment,188.18
46,35,11,existence,147.51
22,8,14,existence,54.63
120,74,46,debt,311.69
78,15,63,existence,125.49
129,50,79,payment,339.26
77,11,66,debt,216.23
106,33,73,existence,227.52
116,116,0,debt,328.6
19,12,7,debt,69.11
90,76,14,debt,266.47
86,7,79,debt,124.5
14,8,6,debt,57.67
64,9,55,existence,166.69
91,5,86,payment,214.53
102,95,7,debt,369.27
106,83,23,debt,322.11
152,92,60,existence,288.43
94,26,68,payment,167.29
17,2,15,payment,56.27
65,17,48,existence,97.85
92,12,80,debt,229.99
155,32,123,payment,275.44
56,23,33,existence,116.63
82,30,52,payment,181.73
2,1,1,existence,4.82
3,3,0,existence,9.28
106,104,2,payment,389.14
141,62,79,existence,341.89
110,18,92,existence,216.61
91,61,30,debt,208.51
108,104,4,payment,367.71
72,14,58,debt,176.07
148,50,98,payment,298.57
114,19,95,existence,210.9
152,18,134,existence,294.56
42,8,34,existence,93.5
27,2,25,debt,67.09
112,71,41,debt,307.65
157,67,90,debt,468.68
5,1,4,payment,20.99
121,43,78,debt,295.02
57,14,43,existence,85.55
52,25,27,debt,135.97
73,56,17,payment,209.64
117,33,84,payment,341.23
80,33,47,existence,219.51
128,72,56,payment,295.1
133,61,72,existence,309.2
128,113,15,debt,459.42
98,67,31,debt,224.59
106,60,46,debt,340.74
61,19,42,existence,162.69
5,1,4,debt,25.18
42,30,12,existence,105.63
111,34,77,payment,231.98
101,20,81,existence,171.83
22,7,15,payment,69.79
90,2,88,debt,242.34
76,28,48,payment,162.55
122,96,26,debt,276.18
87,70,17,existence,163.03
122,31,91,payment,228.83
77,52,25,existence,244.17
55,53,2,existence,125.38
119,28,91,payment,234.95
17,4,13,payment,54.42
6,6,0,payment,32.08
3,2,1,existence,5.8
36,22,14,payment,121.61
4,1,3,debt,22.35
17,5,12,debt,67.27
66,24,42,payment,168.02
70,25,45,existence,101.46
21,17,4,existence,54.89
111,22,89,payment,285.73
58,49,9,debt,178.99
65,12,53,debt,131.34
97,97,0,payment,259.17
60,43,17,existence,119.48
119,62,57,debt,317.84
61,2,59,payment,116.47
126,96,30,payment,305.42
19,5,14,payment,62.06
28,2,26,debt,58.19
39,28,11,existence,87.04
122,3,119,debt,323.8
71,61,10,payment,205.97
114,85,29,payment,350.89
11,7,4,debt,46.65
42,41,1,debt,161.66
32,2,30,existence,78.93
65,21,44,payment,173.72
110,108,2,existence,352.1
92,31,61,payment,162.44
110,4,106,existence,206.28
12,6,6,debt,46.2
92,79,13,existence,201.25
123,87,36,debt,326.62
11,1,10,existence,19.53
155,17,138,payment,348.11
50,31,19,existence,150.29
111,51,60,payment,303.59
129,8,121,payment,235.91
33,14,19,existence,75.85
1,1,0,existence,3.39
27,13,14,existence,55.91
151,122,29,existence,559.22
119,116,3,debt,373
37,22,15,existence,84.61
15,5,10,payment,47.06
129,29,100,payment,230.25
145,131,14,debt,501.41
130,35,95,payment,358.02
67,6,61,payment,163.74
106,41,65,existence,260.74
72,45,27,debt,204.25
113,54,59,existence,198.78
29,2,27,payment,73.97
104,64,40,debt,313.04
82,64,18,payment,220.43
94,90,4,existence,349.41
96,4,92,debt,249.84
40,40,0,payment,138.92
87,82,5,existence,259.09
77,31,46,existence,215.22
136,123,13,debt,333.77
51,1,50,existence,81.2
4,2,2,existence,9.74
16,12,4,debt,54.35
102,36,66,payment,210.62
64,59,5,payment,160.83
99,19,80,debt,233.77
148,89,59,payment,288.64
61,53,8,existence,206.53
119,29,90,payment,187.63
101,81,20,existence,267.9
28,20,8,payment,52.81
15,7,8,payment,46.03
117,65,52,existence,258.33
80,38,42,existence,195.28
77,42,35,payment,186.35
113,53,60,existence,194.97
10,6,4,payment,36.91
108,59,49,payment,336.9
147,88,59,debt,375.34
17,15,2,existence,46.09
77,22,55,existence,163.02
117,76,41,payment,205.61
33,10,23,existence,95.9
117,7,110,debt,214.28
91,13,78,debt,251.69
104,55,49,debt,240.27
32,30,2,payment,83.43
80,75,5,payment,261.78
20,8,12,existence,42.72
98,78,20,debt,295.45
87,40,47,payment,180.38
129,107,22,payment,419.34
9,5,4,debt,35.03
68,44,24,payment,155.56
40,13,27,existence,72.04
109,107,2,debt,344.27
153,9,144,existence,241.42
86,73,13,existence,208.85
61,19,42,payment,109.44
25,21,4,payment,86.02
94,77,17,existence,318.76
48,8,40,debt,117.88
60,37,23,payment,182.18
60,31,29,payment,153.47
100,69,31,payment,246.48
8,7,1,debt,49.76
147,65,82,existence,296.83
53,5,48,payment,140.87
64,17,47,debt,176.43
125,7,118,payment,207.68
94,30,64,existence,219.81
14,5,9,existence,24.05
119,20,99,debt,229.19
151,70,81,existence,453.79
6,5,1,debt,24.86
51,9,42,existence,81.77
144,44,100,payment,316.94
76,1,75,existence,177.85
136,6,130,debt,311.59
113,55,58,existence,259.93
28,18,10,existence,90.15
106,106,0,payment,355.31
38,38,0,debt,137.77
17,5,12,payment,46.01
112,50,62,payment,223.76
134,13,121,payment,256.44
69,26,43,payment,174.25
139,90,49,payment,317.89
112,64,48,existence,186.98
116,9,107,existence,245.39
113,29,84,payment,195.04
58,2,56,existence,103.06
18,11,7,existence,33.72
18,3,15,debt,40.7
10,6,4,payment,25.66
138,108,30,payment,464.22
120,75,45,existence,292.46
6,3,3,debt,23.39
122,84,38,existence,230.52
89,35,54,debt,191.59
140,114,26,existence,409.87
40,32,8,debt,132.25
55,16,39,payment,116.78
77,5,72,payment,131.53
71,61,10,debt,237.65
133,73,60,debt,405.49
43,21,22,payment,143.17
16,5,11,existence,28.22
16,4,12,existence,33.22
80,50,30,existence,246.67
29,24,5,debt,87.47
29,6,23,debt,84.54
115,4,111,payment,305.19
117,41,76,payment,231.78
78,48,30,payment,226.6
149,109,40,existence,331.63
73,28,45,payment,213.34
82,58,24,existence,260.03
44,28,16,debt,127.94
63,22,41,payment,143.64
106,36,70,existence,196.71
91,1,90,debt,221.98
107,87,20,existence,260.45
21,18,3,debt,75.05
137,9,128,existence,180.44
29,19,10,payment,84.66
156,11,145,debt,291.53
101,23,78,existence,241.29
121,114,7,existence,362.88
137,132,5,debt,332.04
68,29,39,debt,216.85
22,20,2,debt,68.3
53,37,16,payment,154.13
88,45,43,existence,251.67
100,39,61,existence,171.48
141,129,12,debt,450.39
79,34,45,payment,216.22
79,37,42,existence,206.66
40,4,36,debt,90.96
153,122,31,debt,444.56
31,28,3,existence,77.04
17,14,3,payment,55.83
90,38,52,payment,195.06
120,16,104,payment,302.6
151,139,12,existence,400.52
151,68,83,debt,418.85
54,10,44,existence,98.31
133,59,74,existence,376.28
94,8,86,payment,225.82
17,10,7,payment,50.91
147,63,84,debt,390.63
12,1,11,payment,34.47
126,23,103,debt,223.29
154,11,143,existence,239.3
54,33,21,debt,192.68
16,6,10,debt,53.98
77,53,24,existence,193.13
143,93,50,payment,468.58
57,19,38,existence,121.92
135,64,71,payment,327.37
16,2,14,existence,32.02
95,78,17,payment,230.42
151,151,0,existence,574.79
9,8,1,existence,23.83
93,50,43,debt,239.13
47,35,12,existence,96.85
147,91,56,debt,455.28
122,49,73,existence,240.8
156,51,105,debt,451.28
157,35,122,payment,389.72
134,23,111,debt,247.64
140,82,58,payment,402.4
143,34,109,existence,328.92
141,35,106,existence,286.57
105,61,44,payment,228.25
24,18,6,existence,72.78
67,66,1,debt,195.84
6,3,3,existence,12.98
63,10,53,existence,143.65
44,19,25,existence,112.44
107,2,105,debt,264.26
53,16,37,debt,111.46
124,96,28,debt,347.27
65,35,30,existence,118.99
90,19,71,debt,149.87
52,6,46,debt,86.73
125,31,94,payment,359.05
89,68,21,payment,200.18
148,27,121,existence,241.99
121,113,8,existence,317.27
14,11,3,existence,44.74
106,37,69,existence,190.8
57,9,48,payment,151.67
130,85,45,existence,317.99
26,15,11,existence,57.02
42,31,11,existence,80.99
53,10,43,debt,109.51
86,3,83,debt,189.98
123,50,73,debt,301.14
8,7,1,debt,50.63
70,52,18,existence,227.91
80,49,31,payment,160.6
95,23,72,payment,252.09
65,24,41,payment,166.72
130,71,59,existence,319.75
135,129,6,existence,414.11
129,50,79,payment,278.51
3,2,1,payment,17.75
95,26,69,debt,167.35
51,48,3,debt,143.57
66,28,38,debt,186.02
129,48,81,existence,213.74
83,29,54,payment,210.05
107,61,46,payment,201.93
29,22,7,existence,91.99
70,46,24,existence,175.71
83,26,57,existence,173.85
143,111,32,debt,425.29
84,66,18,debt,238.23
137,110,27,debt,442.9
7,2,5,existence,12.55
41,26,15,existence,102.07
11,11,0,payment,36.8
41,19,22,existence,114.79
59,26,33,payment,159.92
117,109,8,existence,252.45
74,42,32,payment,183.13
45,23,22,debt,124.94
128,38,90,payment,194.62
138,24,114,payment,335.29
36,24,12,debt,136.23
96,11,85,existence,172.43
54,25,29,debt,151.41
85,80,5,payment,243.01
40,32,8,payment,127.62
84,33,51,existence,185.36
70,69,1,payment,242.71
37,2,35,payment,97.96
128,12,116,existence,193.27
147,132,15,existence,368.94
47,15,32,existence,87.56
116,30,86,existence,272.05
52,7,45,debt,162.54
75,21,54,debt,201.11
8,2,6,debt,29.8
49,39,10,existence,143.53
52,39,13,existence,135.49
149,84,65,existence,292.58
123,43,80,payment,215.64
102,70,32,existence,238.61
12,7,5,payment,45.65
44,36,8,debt,140.83
56,12,44,existence,127.84
37,34,3,payment,91.54
137,89,48,existence,358.96
150,36,114,existence,341.14
43,2,41,debt,84.43
35,33,2,payment,135.62
14,6,8,existence,22.7
48,32,16,payment,103.91
152,137,15,payment,541.79
64,13,51,existence,101.95
36,26,10,payment,107.2
68,52,16,existence,151.59
100,25,75,debt,252.38
115,6,109,payment,212.15
48,21,27,debt,143.93
51,4,47,payment,95.38
153,51,102,debt,288.38
2,1,1,debt,15.22
54,28,26,payment,98.66
27,23,4,debt,91.89
82,71,11,existence,170.97
36,28,8,existence,87.84
93,8,85,payment,187.67
81,30,51,existence,196.31
115,113,2,debt,278.11
37,3,34,debt,101.28
61,18,43,payment,113.62
38,2,36,existence,96.06
51,2,49,existence,126.11
152,137,15,debt,388.21
50,29,21,existence,124.91
156,82,74,debt,291.09
121,68,53,debt,395.04
128,18,110,existence,195.58
124,24,100,payment,223.92
18,11,7,existence,45.93
69,58,11,debt,178.42
80,36,44,debt,243.25
89,64,25,debt,180.54
68,45,23,payment,191.86
87,30,57,payment,199.89
18,2,16,existence,44.17
26,25,1,payment,79.71
99,94,5,existence,277.34
101,10,91,existence,130.46
146,111,35,payment,314.57
129,80,49,existence,332.18
42,39,3,existence,155.15
7,2,5,payment,22.33
128,39,89,existence,317.25
40,40,0,existence,133.84
82,74,8,existence,204.76
88,33,55,existence,166.9
113,53,60,existence,202.34
74,35,39,existence,214.25
17,7,10,existence,40.16
139,109,30,existence,373.68
63,26,37,debt,136.88
36,18,18,existence,81.78
73,53,20,debt,177.53
113,96,17,existence,255.34
141,4,137,debt,315.5
149,95,54,payment,476.45
103,12,91,payment,241.19
125,94,31,payment,380.77
38,7,31,existence,83.47
3,2,1,existence,9.66
120,103,17,payment,331.83
145,17,128,payment,236.9
133,94,39,debt,432.71
67,60,7,payment,212.88
144,30,114,existence,288.49
68,32,36,debt,216.26
32,3,29,existence,57.84
101,56,45,debt,300.76
136,94,42,existence,377.54
121,19,102,existence,225.34
121,27,94,debt,260.24
120,6,114,existence,214.23
92,29,63,payment,210.48
9,4,5,debt,48.92
1,1,0,payment,20.83
109,92,17,debt,340
154,122,32,debt,373.59
48,32,16,payment,110.02
70,5,65,existence,154.92
106,44,62,existence,188.31
45,6,39,debt,116.02
104,69,35,existence,294.03
111,40,71,debt,298.19
43,25,18,debt,161.83
68,54,14,existence,212.66
100,31,69,existence,244.09
122,101,21,payment,407.02
51,22,29,debt,137.79
148,65,83,existence,229.09
2,2,0,payment,12.71
20,12,8,payment,39.51
7,6,1,payment,26.27
124,48,76,existence,349.55
116,33,83,payment,260.56
56,38,18,debt,117.08
123,78,45,existence,359.99
27,4,23,existence,60.06
59,16,43,debt,157.1
137,121,16,existence,367.02
61,2,59,payment,94.66
96,32,64,payment,283.54
109,87,22,existence,279.64
141,135,6,debt,501.55
11,10,1,payment,46.79
13,5,8,debt,35.72
95,61,34,payment,271.33
62,11,51,debt,167.3
130,80,50,debt,316.93
14,5,9,debt,51.92
34,16,18,payment,96.08
103,46,57,payment,283.12
93,74,19,payment,323.9
20,14,6,existence,39.84
46,6,40,debt,76.37
79,18,61,payment,210.9
81,1,80,debt,179.39
70,70,0,debt,186.88
143,116,27,payment,386.9
78,29,49,debt,190.92
79,47,32,debt,223.45
12,12,0,debt,64.32
100,62,38,debt,274.38
110,2,108,debt,214.59
33,7,26,existence,71.69
55,9,46,existence,137.42
4,4,0,payment,26.82
75,63,12,debt,225.97
8,1,7,debt,28.96
54,36,18,debt,122.76
117,48,69,existence,259.14
69,66,3,payment,244.28
119,111,8,payment,352.95
50,18,32,debt,120
59,58,1,debt,205.95
81,70,11,existence,262.41
157,65,92,debt,321.54
112,49,63,payment,216.05
51,45,6,debt,125.4
6,6,0,existence,20.16
71,27,44,payment,202.98
58,5,53,debt,125.9
117,35,82,payment,274.38
116,5,111,debt,224.68
32,5,27,payment,71.61
110,55,55,debt,353.64
63,62,1,debt,190.95
128,1,127,payment,274.45
11,11,0,existence,36.14
75,38,37,payment,182.82
144,109,35,payment,390.19
29,5,24,payment,70.05
141,136,5,existence,429.54
63,33,30,existence,194.72
150,38,112,debt,270.74
56,27,29,debt,147.83
22,5,17,payment,46.53
92,21,71,existence,185.75
76,28,48,payment,205.85
53,9,44,debt,149.9
107,82,25,existence,333.41
64,30,34,debt,165.46
40,29,11,debt,107.29
76,6,70,existence,97.74
82,11,71,existence,140.08
78,34,44,debt,219.47
62,42,20,existence,157.09
132,93,39,payment,336.7
21,13,8,debt,68.88
15,4,11,debt,65.35
79,76,3,existence,271.46
46,14,32,payment,89.5
100,79,21,debt,330.07
29,1,28,debt,75.55
79,60,19,payment,205.02
90,37,53,debt,240.23
105,59,46,debt,218.61
147,57,90,debt,424.11
45,19,26,debt,99.49
145,11,134,debt,347.9
18,8,10,existence,51.91
23,22,1,debt,96.59
118,112,6,payment,303.08
42,33,9,payment,118.34
33,9,24,debt,79.19
103,12,91,payment,157.69
121,19,102,existence,275.04
29,21,8,existence,91.69
43,14,29,existence,120.13
138,91,47,payment,409.11
118,23,95,payment,221.01
77,3,74,debt,177.32
41,7,34,payment,100.14
82,50,32,payment,219.24
145,88,57,debt,487.73
50,19,31,existence,115.62
78,68,10,payment,295.45
27,20,7,debt,86.48
47,14,33,payment,131.91
139,56,83,debt,317.78
26,4,22,debt,89.99
56,46,10,payment,148.28
92,2,90,existence,185.54
119,12,107,debt,260.09
32,23,9,payment,102.71
68,1,67,debt,151.66
36,16,20,payment,75.39
9,9,0,existence,23.34
142,100,42,payment,321.25
4,2,2,payment,25.25
141,77,64,debt,337.79
143,99,44,existence,258.83
8,8,0,payment,30.52
11,7,4,debt,54.23
87,40,47,debt,220.75
75,42,33,payment,172.98
18,4,14,existence,42.47
18,15,3,payment,58.33
150,69,81,existence,348.35
121,113,8,existence,277.83
133,87,46,debt,306.11
56,30,26,payment,175.37
87,6,81,payment,174.1
96,67,29,payment,219.03
23,9,14,existence,53.97
58,36,22,debt,135.69
101,88,13,debt,323.2
63,63,0,existence,148.05
30,5,25,payment,70.83
2,1,1,existence,3.93
50,40,10,debt,123.52
52,3,49,debt,121.28
91,76,15,debt,273.78
29,29,0,payment,86.03
62,43,19,payment,150.51
147,11,136,existence,347.94
47,33,14,payment,113.36
15,9,6,debt,54
24,6,18,existence,35.52
28,10,18,existence,80.1
98,50,48,debt,252.08
152,25,127,debt,236.25
76,19,57,payment,178.42
47,13,34,existence,101.55
1,1,0,debt,18.78
95,52,43,debt,238.73
83,22,61,debt,238.62
74,25,49,debt,193.78
54,29,25,payment,111.26
21,1,20,payment,54.79
134,27,107,debt,321.9
120,82,38,payment,321.76
136,36,100,debt,263.22
53,11,42,payment,115.53
153,44,109,debt,295.27
19,14,5,payment,55.72
73,4,69,existence,134.69
60,9,51,payment,163.34
130,68,62,payment,295.27
83,73,10,debt,306.8
72,56,16,existence,201.07
32,22,10,payment,96.52
64,54,10,existence,173.15
111,70,41,payment,369.74
10,2,8,existence,20.81
2,2,0,existence,6.94
97,44,53,payment,284.26
127,120,7,existence,305.8
125,51,74,payment,316.25
36,20,16,payment,113.88
49,42,7,payment,177.78
120,30,90,payment,255.83
145,54,91,debt,327.1
5,4,1,debt,32.84
122,60,62,existence,238.36
146,56,90,existence,346.93
64,24,40,payment,159.02
37,35,2,existence,106.94
22,15,7,existence,68.68
12,9,3,existence,33.77
81,44,37,existence,248.1
72,36,36,debt,162.82
109,90,19,debt,339.42
32,19,13,payment,93.81
94,69,25,existence,276.07
79,77,2,existence,202.04
39,32,7,debt,118.31
19,19,0,payment,77.41
95,93,2,debt,352.24
108,62,46,debt,273.98
19,18,1,payment,54.05
130,95,35,existence,355.25
85,59,26,existence,242.45
63,54,9,payment,183.37
128,17,111,payment,186.03
93,79,14,payment,218.12
24,9,15,existence,41.03
72,62,10,existence,172.6
101,35,66,existence,269.2
77,48,29,debt,259.33
55,49,6,existence,144.84
134,10,124,existence,324.5
18,16,2,existence,58.53
81,57,24,debt,235.74
60,54,6,existence,145.98
5,2,3,payment,21.74
45,22,23,payment,99.07
101,6,95,existence,188.12
61,2,59,debt,98.51
82,43,39,payment,167.61
2,1,1,debt,17.84
85,74,11,existence,240.58
45,9,36,payment,114.07
140,123,17,debt,467.4
68,13,55,debt,115.34
91,64,27,existence,223.39
39,1,38,payment,98.51
29,14,15,existence,83.78
15,5,10,payment,51.92
45,24,21,debt,112.29
37,30,7,debt,125.39
55,54,1,debt,188.66
106,102,4,existence,236.49
139,73,66,debt,314.62
121,104,17,existence,350.75
120,37,83,existence,209.14
13,2,11,debt,32.51
127,46,81,payment,366.91
76,57,19,existence,191.27
22,6,16,debt,48.1
55,9,46,payment,159.52
93,11,82,debt,239.62
64,10,54,payment,93.32
130,121,9,existence,443.65
38,34,4,existence,109.05
83,3,80,debt,235.03
119,16,103,payment,220.22
117,5,112,existence,267.47
71,22,49,payment,164.76
108,37,71,payment,213.54
62,45,17,debt,124.6
21,6,15,payment,54.79
83,42,41,existence,232.02
14,8,6,payment,42.13
11,11,0,payment,44.46
38,6,32,existence,100.16
33,26,7,payment,114.5
140,69,71,existence,304.13
19,7,12,payment,58.78
4,4,0,existence,13.83
2,1,1,payment,21.47
10,5,5,existence,18.62
41,8,33,debt,83.68
73,55,18,payment,213.52
146,5,141,existence,333.14
87,79,8,payment,245.37
69,16,53,debt,146.5
13,9,4,payment,43.52
149,116,33,debt,475.19
84,7,77,debt,192.72
139,97,42,payment,493.52
130,19,111,existence,223.24
18,4,14,existence,34.13
108,104,4,payment,349.29
136,22,114,payment,365.41
120,52,68,existence,303.12
18,5,13,debt,37.72
137,11,126,debt,357.76
79,12,67,existence,190.66
106,47,59,debt,216.58
126,25,101,payment,328.3
7,3,4,debt,26.97
90,59,31,existence,186.76
57,27,30,payment,171.14
114,61,53,existence,314.94
43,5,38,existence,63.78
22,5,17,existence,48.23
138,61,77,debt,359.84
46,36,10,existence,120
37,31,6,payment,104.92
25,16,9,existence,69.87
54,19,35,debt,131.07
157,56,101,debt,332.8
148,30,118,existence,230.5
87,85,2,existence,262.86
24,7,17,payment,82.46
16,8,8,debt,44.93
10,5,5,existence,23.49
139,5,134,payment,213.93
129,6,123,existence,239.84
53,39,14,existence,162.46
67,25,42,debt,172.39
60,46,14,debt,151.82
134,100,34,debt,322.21
17,11,6,debt,63.39
146,19,127,payment,288.04
38,20,18,existence,71.07
27,15,12,debt,80.82
135,31,104,payment,252.85
18,1,17,debt,42.57
100,63,37,debt,202.52
115,19,96,payment,308.61
122,105,17,debt,336.5
99,18,81,existence,253.08
96,52,44,debt,250.67
82,58,24,existence,211.04
28,13,15,payment,69.16
128,14,114,existence,226.4
18,8,10,existence,48.3
15,5,10,debt,54.74
104,56,48,existence,234.98
16,3,13,payment,51.59
84,51,33,payment,277.21
155,121,34,payment,512.32
130,5,125,debt,194.67
89,62,27,debt,263.69
58,2,56,existence,125.5
144,129,15,payment,526.13
106,67,39,debt,271.37
24,1,23,existence,29.75
125,119,6,payment,264.09
147,112,35,debt,335.36
124,51,73,debt,300.28
155,93,62,debt,335.14
88,25,63,debt,236.13
130,89,41,debt,278.18
42,34,8,debt,133.71
71,51,20,existence,178.19
155,15,140,payment,342.15
68,50,18,existence,176.62
82,21,61,existence,153.24
83,27,56,debt,177.9
36,34,2,payment,116.77
82,52,30,debt,201.32
103,62,41,debt,271.5
155,99,56,debt,291.19
121,71,50,existence,285.95
3,3,0,existence,7.51
42,19,23,existence,87.15
127,2,125,debt,190.23
80,66,14,debt,262.04
120,64,56,debt,281.13
31,15,16,payment,88.9
150,113,37,payment,316.59
81,55,26,existence,194.12
140,89,51,debt,457.09
82,1,81,existence,115.56
66,4,62,debt,114.23
141,106,35,debt,396.59
121,53,68,payment,301.57
31,12,19,existence,60.32
59,23,36,payment,115.87
63,4,59,payment,108.2
84,52,32,existence,269.59
5,4,1,existence,13.3
94,20,74,debt,218.13
108,9,99,debt,212.13
137,103,34,payment,350.58
156,104,52,payment,420.92
146,136,10,debt,466.73
52,35,17,payment,121.36
38,4,34,existence,52.68
63,20,43,payment,145.77
89,4,85,existence,192.22
55,25,30,payment,106.81
127,47,80,debt,349.91
36,31,5,debt,141.31
92,26,66,payment,273.14
13,12,1,debt,42.95
15,11,4,payment,47.55
15,13,2,payment,44.55
113,100,13,debt,326.06
71,39,32,payment,233.58
137,68,69,payment,416.58
125,81,44,existence,241.63
64,10,54,debt,114.14
89,4,85,payment,180.51
72,8,64,payment,128.35
18,4,14,existence,43.01
8,2,6,existence,19.7
19,17,2,payment,74.47
119,35,84,debt,296.04
30,29,1,debt,96.52
77,13,64,existence,186.35
49,4,45,debt,76.03
8,6,2,debt,32.35
98,53,45,existence,275.52
71,40,31,debt,192.74
109,72,37,debt,254.31
106,70,36,payment,299.62
46,2,44,payment,91.39
90,58,32,payment,241.87
50,26,24,payment,153.22
150,57,93,debt,455.26
145,72,73,payment,343.86
102,36,66,payment,224.29
66,46,20,debt,235.39
9,9,0,payment,32.97
135,39,96,payment,200.29
155,90,65,debt,430.2
53,20,33,debt,161.77
47,23,24,existence,85.19
63,10,53,payment,108.72
91,74,17,existence,279.11
14,11,3,debt,42.56
80,22,58,existence,199.29
156,39,117,existence,285.21
113,49,64,existence,234.23
115,30,85,debt,268.55
127,121,6,payment,390.19
57,36,21,payment,183.04
19,14,5,payment,63.85
62,58,4,payment,154.47
133,44,89,debt,274.66
121,76,45,debt,228.61
77,45,32,debt,227.49
30,6,24,debt,79.15
20,11,9,existence,34.82
52,32,20,existence,125.12
72,35,37,existence,179.18
10,5,5,debt,31.47
16,12,4,debt,66.64
151,85,66,payment,405.55
132,30,102,existence,258.55
117,83,34,existence,306.7
98,19,79,payment,179.77
83,45,38,existence,250.47
100,54,46,payment,268.27
81,68,13,existence,153.6
90,70,20,existence,232.05
150,82,68,existence,338.71
10,5,5,existence,20.43
43,35,8,payment,118.94
110,11,99,existence,271.08
106,42,64,payment,276.1
7,7,0,existence,27.56
95,79,16,existence,273.3
30,25,5,payment,111.6
100,65,35,debt,193.28
133,97,36,existence,325.35
55,2,53,payment,134.74
20,6,14,existence,37.52
39,9,30,payment,78.75
87,45,42,debt,213.9
69,63,6,debt,257.1
144,70,74,debt,409.41
108,47,61,payment,207.9
26,13,13,existence,55.59
106,14,92,debt,245.36
11,1,10,debt,36.14
85,29,56,existence,177.83
31,18,13,payment,84.12
74,35,39,payment,227.86
141,127,14,existence,382.85
146,2,144,debt,190.52
58,47,11,debt,203.67
153,42,111,payment,375.51
6,3,3,payment,19.17
81,33,48,debt,244.15
108,78,30,debt,295.96
141,65,76,debt,271.69
44,8,36,existence,107.88
28,3,25,payment,61.28
101,66,35,existence,332.95
55,48,7,payment,159.44
26,17,9,existence,55.67
56,12,44,debt,119.92
45,27,18,debt,133.54
39,28,11,payment,103.71
100,25,75,debt,309.34
46,39,7,debt,172.53
105,100,5,payment,366.86
5,3,2,existence,14.64
116,41,75,debt,296.3
34,17,17,debt,90.62
36,1,35,existence,44.33
60,40,20,existence,160.74
40,6,34,debt,74.14
68,2,66,debt,191.61
154,52,102,debt,362.57
30,21,9,existence,69.35
132,22,110,existence,296.88
56,20,36,debt,116.74
113,60,53,existence,336.4
138,123,15,debt,385.03
91,83,8,existence,286.99
87,11,76,existence,181.09
47,24,23,existence,82
145,106,39,existence,247.51
90,60,30,debt,274.53
25,14,11,payment,82.26
130,90,40,existence,340.52
26,26,0,debt,91.21
3,1,2,debt,30.36
8,3,5,existence,15.7
88,85,3,payment,288.96
139,65,74,existence,426.89
87,40,47,debt,222.91
85,72,13,existence,178.72
42,35,7,debt,104.34
71,56,15,debt,181.8
2,1,1,payment,10.8
123,123,0,payment,308.08
18,6,12,existence,37.71
53,51,2,existence,147.17
110,29,81,debt,275.23
5,2,3,payment,23.56
17,7,10,debt,45.37
45,27,18,existence,113.47
134,32,102,debt,250.31
130,98,32,debt,261.65
143,37,106,debt,405.92
129,103,26,debt,387.51
78,66,12,debt,214.98
97,11,86,payment,241.37
70,66,4,existence,199.25
156,94,62,debt,361.99
113,55,58,existence,246.49
26,18,8,payment,84.16
47,5,42,debt,75.67
78,57,21,existence,198.52
74,46,28,debt,188.4
140,63,77,debt,248.54
18,5,13,existence,49.24
38,37,1,payment,105.38
79,67,12,existence,193.27
43,34,9,existence,141.42
105,52,53,payment,175
50,12,38,payment,119.75
51,34,17,debt,134.78
152,66,86,existence,354.47
137,127,10,debt,339.44
130,4,126,debt,252.36
118,17,101,existence,285.93
68,6,62,debt,117.08
137,114,23,existence,330.63
110,33,77,existence,297.92
132,86,46,existence,365.3
147,65,82,payment,351.27
19,18,1,payment,76.43
39,39,0,payment,105.14
131,17,114,payment,334.35
34,29,5,existence,104.16
21,5,16,debt,45.61
124,38,86,payment,249.1
8,6,2,debt,44.89
102,20,82,existence,147.45
155,98,57,debt,445.42
28,22,6,debt,89.35
108,79,29,payment,351.16
75,66,9,payment,215.2
154,144,10,existence,515.86
53,52,1,debt,203.49
113,42,71,existence,212.88
110,99,11,payment,323.46
102,32,70,payment,289.92
61,33,28,existence,152.56
88,23,65,debt,232.83
79,46,33,debt,172.62
70,6,64,existence,131.31
68,17,51,debt,191.33
147,134,13,debt,403.74
138,62,76,debt,433.42
60,14,46,payment,114.7
73,62,11,existence,170.37
123,8,115,debt,207.88
137,122,15,debt,422.34
75,45,30,debt,179.38
17,12,5,payment,46.54
119,36,83,existence,190.19
106,57,49,debt,295.56
86,54,32,payment,230.79
119,47,72,payment,243.18
147,123,24,debt,370.1
64,35,29,payment,170.98
134,47,87,existence,273.22
27,6,21,existence,55.21
119,73,46,existence,346.07
34,17,17,payment,98.09
145,59,86,payment,228.43
23,21,2,existence,70.57
146,15,131,existence,369.25
2,1,1,debt,31.88
112,45,67,existence,232.34
85,30,55,existence,206.08
41,16,25,debt,98.05
60,25,35,existence,177.94
139,129,10,debt,468.01
70,32,38,existence,152.06
44,33,11,debt,141.45
75,70,5,payment,240.92
20,10,10,existence,52.2
147,25,122,payment,215.67
79,17,62,existence,208.05
133,9,124,debt,209.5
139,98,41,payment,305.51
1,1,0,payment,10.51
120,120,0,payment,406.78
143,128,15,debt,440.27
98,2,96,existence,241.47
85,8,77,debt,200.66
16,3,13,debt,47.33
125,42,83,payment,228.45
147,91,56,payment,339.44
133,85,48,existence,392.52
87,45,42,existence,208.79
54,6,48,existence,84.09
101,91,10,debt,383.1
112,87,25,payment,282.12
77,9,68,existence,201.79
117,115,2,payment,380.22
78,71,7,payment,273.53
75,26,49,debt,169.3
96,4,92,existence,193.92
139,96,43,debt,399.49
40,17,23,debt,127.47
73,38,35,existence,149.64
134,106,28,payment,420.21
44,15,29,debt,111.3
2,2,0,existence,5.37
133,62,71,payment,388.19
63,60,3,debt,221.98
122,47,75,existence,328.82
87,75,12,debt,318.06
17,11,6,payment,41.56
117,65,52,payment,226.28
34,23,11,payment,91.93
15,10,5,payment,43.8
27,6,21,debt,84.89
121,70,51,existence,351.73
12,10,2,debt,37.16
19,17,2,payment,63.54
73,13,60,payment,121.53
71,20,51,debt,151.69
48,32,16,payment,151.23
69,52,17,payment,177.59
75,66,9,existence,236.16
111,72,39,payment,282.98
85,66,19,existence,191.72
85,66,19,debt,246.13
68,35,33,debt,221.69
16,11,5,existence,46.3
144,72,72,existence,278.66
24,23,1,debt,71.87
143,51,92,debt,440.21
66,39,27,payment,129.06
14,2,12,payment,34.11
10,3,7,payment,31.76
50,47,3,payment,145.23
139,34,105,debt,299.33
22,13,9,existence,62.05
6,4,2,existence,18.5
62,7,55,payment,105.92
36,13,23,debt,95.9
41,20,21,debt,105.74
66,36,30,payment,156.12
33,5,28,existence,71.31
3,3,0,existence,7.7
7,2,5,payment,18.73
122,49,73,payment,281.65
151,55,96,payment,367.45
130,107,23,payment,362.59
156,112,44,debt,388.3
18,8,10,payment,59.72
74,20,54,existence,123.49
112,45,67,existence,252.53
46,25,21,payment,133.07
149,142,7,payment,463.25
107,106,1,debt,409.05
113,28,85,existence,213.9
131,105,26,existence,321.82
107,40,67,debt,308.81
12,5,7,debt,34.04
26,14,12,existence,50.02
96,34,62,payment,269.05
14,9,5,payment,49.33
110,107,3,debt,312.27
121,100,21,debt,373
85,9,76,existence,184.75
127,49,78,debt,378.37
5,3,2,payment,28.08
78,58,20,debt,285.23
58,54,4,debt,181.91
76,65,11,existence,203.41
27,26,1,existence,61.03
36,35,1,debt,99.96
101,89,12,payment,306.96
81,13,68,debt,189.56
61,7,54,debt,144.57
52,46,6,payment,118.54
76,28,48,payment,201.57
123,33,90,debt,294.48
74,68,6,existence,143.37
126,98,28,debt,344.21
77,64,13,debt,261.4
126,65,61,debt,249.37
95,41,54,payment,221.51
78,44,34,existence,162.97
116,90,26,payment,256.06
49,26,23,payment,157.43
114,25,89,payment,218.79
127,59,68,debt,236.8
157,131,26,debt,559.31
153,139,14,existence,459.25
64,11,53,payment,180.58
149,126,23,payment,399.98
31,31,0,debt,94.29
126,43,83,existence,350.72
74,22,52,existence,194.71
84,50,34,debt,266.75
6,5,1,payment,23.78
64,27,37,debt,186.83
92,81,11,debt,294.6
44,1,43,debt,94.38
142,64,78,existence,417.13
134,18,116,debt,352.43
99,33,66,existence,232.27
60,19,41,existence,119.93
107,11,96,debt,181.18
80,8,72,existence,127.01
5,3,2,debt,42.71
17,16,1,existence,37.73
96,89,7,debt,360.62
107,41,66,payment,201.75
7,3,4,debt,31.26
41,13,28,debt,137.02
152,14,138,existence,341.34
151,125,26,existence,355.1
83,32,51,existence,188.64
150,104,46,debt,384.79
149,134,15,debt,343.05
151,120,31,payment,460.13
140,119,21,debt,346.52
130,47,83,existence,224.12
21,10,11,payment,60.44
102,49,53,debt,328.69
88,84,4,existence,240.13
98,73,25,existence,285.64
83,78,5,existence,241.23
102,64,38,existence,224.24
151,55,96,payment,357.12
98,40,58,existence,179.95
147,75,72,debt,419.64
60,4,56,debt,164.31
78,23,55,debt,138.99
130,53,77,existence,335.28
43,27,16,debt,103.77
27,23,4,debt,91.19
103,53,50,debt,242.25
70,2,68,existence,113.24
47,13,34,payment,104.97
51,14,37,debt,124.82
16,4,12,existence,27.61
75,69,6,existence,192.29
89,4,85,debt,180.55
41,6,35,payment,83.66
156,70,86,existence,306.37
3,3,0,debt,35.5
117,88,29,existence,243.7
76,75,1,existence,268.84
19,11,8,payment,61.36
135,16,119,payment,286.18
96,26,70,debt,252.89
22,4,18,debt,52.27
76,8,68,debt,208.34
137,101,36,existence,406.36
121,75,46,existence,348.09
112,42,70,payment,231.83
153,113,40,existence,312.81
150,90,60,existence,352.86
71,43,28,existence,148.85
109,87,22,debt,275.44
65,17,48,debt,151.35
87,53,34,existence,255.07
4,3,1,payment,27.58
127,40,87,payment,285.69
130,12,118,debt,358.59
65,37,28,debt,164.92
136,19,117,existence,286.49
137,101,36,payment,450.38
93,56,37,existence,227.5
22,17,5,debt,80.81
140,33,107,existence,379.1
102,99,3,debt,266.3
155,104,51,existence,307.08
88,30,58,existence,231.06
65,9,56,existence,91.52
12,8,4,debt,56.36
100,17,83,payment,177.23
115,8,107,debt,208.02
58,8,50,payment,151.96
19,18,1,debt,83.36
17,7,10,payment,45.9
91,25,66,payment,251.23
123,3,120,debt,261.35
54,1,53,payment,130.71
30,15,15,existence,66.2
121,55,66,existence,332.79
73,53,20,debt,249.2
151,17,134,existence,335.62
102,77,25,debt,345.16
66,36,30,payment,210.96
51,10,41,debt,147.98
70,4,66,payment,103.88
93,2,91,debt,252.15
116,10,106,payment,268.79
86,86,0,existence,269.66
80,8,72,existence,145.07
137,2,135,existence,167.52
20,6,14,existence,33.64
20,14,6,debt,82.2
37,12,25,payment,83.98
74,22,52,existence,138.17
123,44,79,existence,199.87
47,11,36,existence,79.59
12,9,3,existence,31.39
10,9,1,debt,58.04
53,26,27,debt,128.41
60,36,24,payment,185.14
141,106,35,payment,391.4
1,1,0,existence,2.4
67,66,1,payment,254.85
67,46,21,debt,164.75
5,4,1,existence,14.67
41,41,0,payment,110.58
78,73,5,debt,221.03
78,31,47,debt,219.28
99,64,35,debt,228.13
118,102,16,payment,353.73
59,49,10,existence,199.25
136,64,72,payment,317.18
106,68,38,existence,285.54
155,27,128,debt,308.31
95,11,84,payment,150.48
13,2,11,existence,25.98
20,7,13,debt,66.93
122,79,43,existence,293.19
144,40,104,existence,294.18
33,25,8,existence,106.85
62,58,4,debt,161.71
86,19,67,existence,214.81
10,2,8,payment,35.36
122,26,96,payment,194.77
8,3,5,debt,27.99
29,12,17,existence,68.99
146,41,105,payment,284.85
55,5,50,debt,101.48
22,15,7,existence,49.1
141,83,58,payment,400.6
19,11,8,debt,75.32
24,2,22,payment,60.95
144,108,36,existence,313.27
10,10,0,debt,39.71
107,89,18,debt,367.29
115,64,51,payment,245.24
79,71,8,existence,192.94
60,23,37,payment,109.62
4,2,2,debt,26.92
154,92,62,debt,311.75
116,112,4,existence,339.9
138,123,15,payment,394.82
78,13,65,existence,115.36
34,30,4,debt,154.42
1,1,0,debt,33.1
38,35,3,existence,99.11
121,34,87,payment,322.69
45,3,42,payment,71.66
136,53,83,debt,367.52
124,47,77,existence,317.48
94,93,1,debt,248.32
10,4,6,existence,26.73
25,21,4,existence,55.6
97,60,37,payment,285.76
8,7,1,debt,34.76
27,12,15,payment,74.83
78,72,6,payment,254.1
52,39,13,existence,134.64
36,21,15,debt,112.73
129,27,102,debt,199.81
147,119,28,debt,459.42
132,101,31,debt,378.5
72,27,45,debt,188.55
150,96,54,existence,321.72
134,100,34,payment,337.48
42,23,19,payment,92.99
8,2,6,existence,12.92
12,3,9,debt,36.63
68,23,45,debt,113.53
48,16,32,payment,92.65
116,98,18,debt,353.15
108,22,86,debt,308.45
77,64,13,debt,277.88
51,32,19,payment,137.15
117,80,37,payment,345.35
1,1,0,debt,15.03
140,100,40,existence,339.74
27,21,6,debt,109.32
63,28,35,existence,178.44
88,9,79,debt,133.9
65,3,62,existence,155.52
97,69,28,debt,307.32
28,23,5,debt,102.94
134,117,17,debt,464.57
3,3,0,existence,9.6
81,44,37,debt,250.32
152,101,51,existence,479.11
13,7,6,existence,35.31
136,53,83,existence,324.01
145,58,87,debt,265.21
65,14,51,existence,164.17
147,131,16,payment,531.81
131,69,62,debt,269.62
131,24,107,existence,345.7
142,32,110,payment,336.71
64,46,18,debt,155.98
56,15,41,debt,113.73
116,17,99,payment,199.85
36,34,2,debt,94.18
133,34,99,existence,201.82
109,84,25,existence,315.72
71,50,21,existence,171.74
99,51,48,payment,236.21
18,3,15,existence,46.84
76,17,59,payment,223.55
89,61,28,payment,321.85
74,52,22,payment,205.08
150,101,49,debt,373.07
84,70,14,existence,203.21
108,45,63,debt,219.82
70,22,48,debt,195.27
87,13,74,existence,193.12
29,10,19,existence,47.45
122,16,106,existence,189.99
152,138,14,existence,450.59
82,3,79,existence,109.27
9,1,8,existence,13.67
131,8,123,debt,350.75
104,7,97,existence,150.79
98,57,41,debt,299.62
64,12,52,debt,145.11
131,10,121,existence,231.49
88,15,73,payment,207.08
23,19,4,payment,61.86
17,13,4,payment,51.68
2,1,1,payment,21.16
133,129,4,existence,414.02
80,59,21,payment,250.29
62,14,48,existence,90.72
113,59,54,existence,284.31
71,37,34,debt,216.83
42,22,20,existence,114.48
62,44,18,debt,137.47
147,32,115,payment,359.63
16,9,7,debt,45.86
45,11,34,existence,119.64
54,29,25,debt,142
20,18,2,payment,63.3
97,37,60,debt,209.03
15,1,14,payment,49.88
96,30,66,existence,197.53
71,11,60,debt,186.67
45,4,41,payment,66.51
93,8,85,existence,189.89
45,18,27,debt,123.47
24,7,17,debt,66.08
68,47,21,existence,176.25
1,1,0,payment,18.37
101,24,77,existence,216.04
119,89,30,existence,393.24
52,47,5,debt,152.2
97,88,9,debt,224.96
97,68,29,payment,257.16
34,3,31,payment,107.05
74,25,49,existence,207.73
86,6,80,payment,159.38
57,15,42,payment,98.18
9,8,1,debt,57.12
134,5,129,existence,338.55
32,14,18,existence,86.22
139,135,4,debt,543.74
38,32,6,payment,88.93
151,66,85,debt,316.38
85,80,5,debt,223.59
68,46,22,payment,137.15
140,61,79,existence,373.27
22,12,10,debt,79.74
134,11,123,existence,209.24
51,36,15,debt,131.6
68,47,21,debt,176.75
97,73,24,existence,216.33
65,27,38,payment,148.89
68,11,57,payment,119.74
148,3,145,payment,240.9
4,4,0,debt,32.01
139,113,26,debt,397.69
153,141,12,debt,475.55
98,49,49,existence,270.17
42,38,4,existence,132.06
68,9,59,payment,163.13
38,16,22,payment,69.36
22,9,13,debt,65.26
106,52,54,debt,305.64
54,41,13,debt,147.78
91,39,52,debt,228.39
91,60,31,existence,202.59
58,3,55,existence,116.99
151,104,47,payment,323.17
73,10,63,debt,180.47
55,32,23,existence,124.74
59,5,54,payment,153.1
97,50,47,payment,253.35
1,1,0,debt,32.47
134,42,92,existence,256.18
88,76,12,debt,240.66
136,87,49,existence,411.1
58,58,0,payment,153.21
46,25,21,payment,147.36
157,11,146,payment,201.63
21,2,19,debt,69.43
84,53,31,payment,221.02
54,13,41,debt,150.29
135,82,53,existence,428.49
110,25,85,existence,237.28
40,7,33,payment,105.85
50,46,4,existence,133.87
94,55,39,payment,287.43
100,40,60,payment,271.77
84,9,75,payment,179.45
101,100,1,existence,324.28
33,30,3,existence,85.13
41,8,33,debt,108.79
28,27,1,payment,80.8
65,23,42,existence,108.63
69,7,62,existence,169.6
94,83,11,payment,279.41
52,2,50,payment,86.15
12,9,3,existence,27.72
127,16,111,existence,259.72
89,21,68,existence,159.14
19,8,11,payment,60.56
33,10,23,payment,89.98
156,6,150,payment,359.71
19,14,5,payment,64.28
125,49,76,payment,269.53
82,13,69,existence,114.44
135,55,80,payment,226.62
44,43,1,debt,119.51
98,81,17,debt,386.42
119,13,106,debt,319.42
87,82,5,payment,207.09
128,71,57,existence,223.18
8,5,3,debt,31.3
80,20,60,payment,199.96
52,39,13,debt,145.72
122,54,68,debt,354.39
102,34,68,existence,211.98
16,11,5,payment,54.96
85,71,14,existence,228.01
12,12,0,payment,47.71
15,1,14,debt,51.95
152,133,19,existence,367.56
103,87,16,debt,284
48,20,28,payment,99.46
36,26,10,existence,85.68
69,3,66,payment,137.81
131,22,109,existence,268.07
82,66,16,payment,252.18
109,24,85,existence,271.36
74,9,65,payment,136.22
132,101,31,existence,327.3
1,1,0,debt,10.83
97,76,21,payment,255.85
129,13,116,payment,281.73
17,14,3,payment,61.46
68,44,24,payment,172.1
125,77,48,existence,294.64
71,20,51,debt,156.63
64,64,0,debt,201.43
13,12,1,existence,27.34
157,113,44,payment,418.76
30,25,5,payment,78.28
145,77,68,debt,335.16
106,94,12,payment,329.57
129,11,118,existence,258.56
72,43,29,debt,188.56
89,21,68,payment,156.42
89,13,76,payment,137.09
82,16,66,existence,117.43
146,47,99,existence,234.1
120,26,94,debt,190.46
73,25,48,payment,189.34
105,82,23,debt,274.66
123,17,106,payment,299.7
23,19,4,existence,48.49
22,8,14,existence,34.52
33,10,23,existence,48.58
99,91,8,existence,284.88
83,35,48,debt,170.44
91,76,15,existence,221.03
64,43,21,debt,141.4
78,58,20,payment,211.19
115,84,31,debt,396.05
58,25,33,existence,126.29
70,48,22,existence,178.58
6,3,3,payment,27.67
24,18,6,existence,49.73
80,53,27,existence,207.58
59,35,24,debt,131.32
71,34,37,existence,157.19
22,14,8,payment,84.2
115,97,18,debt,376.77
111,48,63,debt,310.3
123,120,3,payment,316.48
108,63,45,debt,350.39
6,5,1,debt,34.1
121,106,15,payment,321.65
77,60,17,existence,146.1
125,43,82,existence,327.41
79,77,2,existence,231.49
97,57,40,payment,204.58
126,105,21,existence,274.87
60,17,43,existence,110.97
21,1,20,existence,40.21
79,67,12,debt,212.53
111,44,67,debt,343.32
66,55,11,payment,209.18
7,3,4,debt,26.29
104,73,31,existence,290.98
102,89,13,debt,288.23
56,38,18,debt,148.06
29,27,2,debt,100.72
46,12,34,payment,125.13
48,8,40,payment,106.27
127,82,45,existence,339.12
148,68,80,payment,372.93
153,30,123,debt,283.27
112,40,72,existence,313.18
15,7,8,payment,45.3
112,4,108,payment,289.98
79,3,76,debt,184.66
120,116,4,debt,329.49
56,20,36,existence,90.53
72,53,19,debt,262.78
119,65,54,payment,231.67
121,110,11,payment,409.74
105,57,48,payment,299.46
55,55,0,debt,172.38
148,39,109,debt,227.22
14,8,6,payment,50.05
123,11,112,debt,259.39
14,9,5,debt,58.48
71,41,30,debt,213.65
52,35,17,existence,120.23
31,13,18,debt,78.88
62,9,53,existence,156.92
79,26,53,existence,143.31
12,7,5,existence,34.53
40,36,4,payment,111.15
94,82,12,existence,309.33
125,81,44,payment,370.24
58,24,34,debt,130.87
6,5,1,existence,17.84
100,94,6,payment,316.13
105,78,27,debt,287.53
75,22,53,existence,154.82
152,59,93,payment,356.35
2,2,0,debt,31.95
109,23,86,debt,183.26
80,79,1,debt,224.53
74,17,57,existence,111.44
70,33,37,existence,140.82
94,59,35,payment,221.69
80,26,54,existence,170.23
127,41,86,payment,252.93
155,24,131,existence,344.05
5,1,4,payment,15.1
79,31,48,existence,184.84
127,103,24,payment,292.1
131,56,75,existence,234.08
132,110,22,debt,415.44
141,105,36,debt,362.83
106,106,0,debt,287.34
100,21,79,existence,165.65
65,1,64,payment,139.3
72,1,71,payment,163.07
81,25,56,existence,198.2
14,10,4,debt,43.33
48,12,36,payment,128.45
24,9,15,debt,80.7
131,120,11,existence,312.11
132,109,23,debt,424.65
152,125,27,existence,428.96
36,15,21,existence,86.16
122,50,72,existence,314.7
120,33,87,payment,244.84
2,2,0,payment,17.71
106,7,99,existence,152.88
103,41,62,payment,253.46
110,18,92,existence,184.34
82,41,41,debt,235.04
31,8,23,debt,64.05
56,46,10,debt,188.18
43,38,5,payment,136.53
3,2,1,payment,18.02
86,1,85,debt,211.38
140,17,123,payment,268.4
16,6,10,debt,51.87
132,1,131,existence,173.66
89,20,69,payment,148.54
59,37,22,debt,196.65
25,16,9,debt,69.05
83,2,81,debt,185.2
85,47,38,payment,176.63
121,96,25,payment,244.52
79,18,61,debt,156.07
105,28,77,existence,208.5
91,56,35,debt,206.43
124,79,45,debt,381.68
103,11,92,existence,184.92
144,94,50,existence,368.33
51,51,0,payment,162.54
9,9,0,debt,45.81
62,22,40,payment,199.39
100,74,26,payment,218.13
76,44,32,debt,197.89
148,12,136,existence,187.89
64,54,10,existence,165.25
92,80,12,debt,295.5
84,59,25,payment,249.4
65,65,0,payment,223.82
134,84,50,payment,313.55
149,105,44,debt,299.86
108,9,99,existence,258.67
141,47,94,debt,369.57
129,84,45,debt,367.71
151,135,16,existence,409.32
85,8,77,debt,205.3
71,2,69,payment,121.63
134,5,129,debt,297.5
57,3,54,payment,143.28
85,41,44,existence,235.2
69,67,2,payment,173.29
126,28,98,payment,208.45
73,25,48,existence,133.35
145,46,99,debt,255.24
72,41,31,payment,172.84
155,110,45,existence,293.32
4,2,2,existence,9.83
140,136,4,existence,370.75
35,1,34,existence,46.65
64,11,53,existence,124.71
80,51,29,debt,191.61
55,38,17,existence,151.29
27,21,6,payment,63.49
66,39,27,debt,211.94
88,45,43,existence,241.52
37,12,25,payment,85.2
142,39,103,payment,336.47
19,4,15,payment,64.5
150,1,149,existence,303.89
8,5,3,existence,25.13
133,52,81,existence,298.94
137,123,14,existence,335.26
24,19,5,payment,68.25
45,2,43,existence,103.62
112,73,39,payment,321.34
154,119,35,debt,469.45
149,53,96,debt,245.47
29,3,26,existence,61.51
118,13,105,existence,311.61
62,3,59,existence,86.33
73,19,54,payment,195.84
16,1,15,payment,50.67
33,15,18,payment,65.21
47,5,42,existence,74.37
54,15,39,payment,115.57
16,15,1,payment,49.57
68,26,42,payment,195.16
156,95,61,existence,391.41
156,1,155,payment,239.74
47,34,13,debt,133.19
103,78,25,payment,275.32
67,24,43,debt,221.2
43,7,36,existence,103.83
86,73,13,payment,193.48
99,75,24,debt,190.92
157,142,15,debt,445.65
27,24,3,debt,115.67
114,2,112,debt,207.43
66,53,13,debt,223.2
11,2,9,debt,56.2
35,33,2,payment,123.13
140,9,131,debt,289.7
156,8,148,payment,328.39
141,45,96,existence,258.02
95,90,5,debt,263.41
24,23,1,debt,108.73
130,126,4,debt,365.03
83,35,48,debt,214.04
2,2,0,debt,33.39
116,33,83,existence,194.12
13,5,8,debt,51.71
20,17,3,payment,69.68
126,1,125,debt,240.32
111,64,47,existence,255.39
148,67,81,debt,370.89
132,9,123,existence,318.71
72,28,44,debt,221.24
21,6,15,payment,63.28
51,32,19,debt,134.64
30,5,25,debt,91.43
58,8,50,payment,126.37
114,32,82,existence,263.86
69,19,50,debt,179.42
16,15,1,debt,59.47
3,2,1,debt,36.78
109,73,36,payment,338.31
32,14,18,existence,88.91
41,33,8,payment,112.94
126,111,15,existence,397.62
124,47,77,existence,247.81
64,27,37,payment,175.16
14,12,2,debt,67.42
50,5,45,existence,71.32
94,83,11,payment,229.03
28,12,16,payment,83.4
54,47,7,debt,159.78
98,89,9,payment,271.45
108,8,100,payment,173.15
119,111,8,payment,325.41
103,93,10,debt,204.81
16,2,14,debt,37.15
147,69,78,payment,429.67
24,23,1,debt,99.51
40,17,23,payment,97.53
66,33,33,existence,175.68
87,59,28,existence,171.56
71,29,42,debt,130.42
37,29,8,payment,80.56
21,14,7,debt,83.44
129,107,22,debt,333.88
19,9,10,existence,41.15
39,30,9,debt,108.14
7,3,4,debt,34.02
147,11,136,payment,290.52
63,50,13,payment,209.92
26,13,13,payment,66.8
115,98,17,existence,331.17
51,17,34,debt,140.37
110,103,7,existence,398.38
146,23,123,existence,210.66
128,100,28,existence,419.42
76,24,52,debt,209.51
118,32,86,debt,240.51
135,131,4,payment,432.05
119,22,97,debt,203.26
94,89,5,debt,287.15
94,2,92,debt,212.76
99,43,56,payment,277.79
102,12,90,payment,180.25
50,37,13,payment,128.38
111,89,22,debt,282.75
85,36,49,payment,227.02
89,20,69,debt,174.79
34,32,2,debt,94.26
63,53,10,debt,187.57
110,36,74,payment,208.73
13,4,9,existence,36.94
61,43,18,debt,172.33
33,8,25,debt,63.2
141,63,78,payment,254.5
50,42,8,debt,165.5
73,8,65,payment,111.56
28,7,21,payment,95.77
75,40,35,payment,192.43
55,24,31,debt,180.2
144,42,102,payment,325.81
39,35,4,payment,136.85
123,71,52,payment,296.48
1,1,0,debt,20.6
18,12,6,existence,49.15
109,35,74,existence,200.9
126,65,61,debt,221.85
10,9,1,debt,58.62
105,4,101,debt,181.87
80,56,24,debt,258.5
138,98,40,existence,345.33
143,65,78,payment,384.71
36,16,20,existence,67.4
14,3,11,existence,31.94
39,18,21,existence,97.76
56,34,22,debt,166.06
153,141,12,payment,430.54
154,135,19,payment,406.19
135,59,76,debt,252.06
41,26,15,debt,99.52
110,106,4,payment,284.89
149,70,79,payment,315.48
134,112,22,existence,365.66
29,3,26,existence,60.26
80,50,30,debt,246.98
65,18,47,payment,148.34
124,16,108,debt,283.4
85,56,29,debt,305.33
85,44,41,debt,182.63
125,40,85,existence,311.98
153,138,15,payment,417.56
13,9,4,payment,47.89
19,19,0,debt,63.36
77,56,21,existence,229.32
86,6,80,existence,213.08
90,45,45,debt,183.39
9,2,7,debt,38.22
92,43,49,existence,168.79
133,90,43,payment,454.22
124,29,95,payment,209.9
35,18,17,debt,102.02
13,1,12,payment,30.37
85,64,21,existence,259.85
131,119,12,debt,305.39
110,56,54,existence,304.87
20,18,2,debt,71.01
81,6,75,debt,168.55
87,23,64,debt,176
40,5,35,existence,103.89
123,38,85,debt,234.43
114,60,54,debt,371.12
60,59,1,payment,181.87
140,49,91,debt,281.09
88,52,36,debt,261.68
140,125,15,payment,372.29
23,20,3,existence,67.43
141,29,112,payment,375
156,65,91,debt,322.13
61,25,36,debt,136.07
113,23,90,debt,227.22
126,122,4,existence,460.53
149,66,83,debt,472.83
102,99,3,debt,357.77
85,29,56,payment,152.95
78,13,65,debt,143.41
29,20,9,debt,67.22
1,1,0,existence,3.12
11,5,6,payment,39.48
33,13,20,payment,61.59
149,118,31,existence,456.24
101,70,31,debt,315.28
25,10,15,existence,50.16
92,68,24,debt,291.25
102,90,12,payment,268.5
17,10,7,payment,61.12
65,65,0,existence,238.63
112,2,110,existence,153.99
105,10,95,existence,149.24
53,21,32,debt,100.33
14,6,8,payment,49.13
65,26,39,payment,122.79
76,60,16,debt,197.86
101,31,70,payment,200.82
28,1,27,debt,63.64
131,87,44,debt,300.77
103,68,35,payment,207.39
93,70,23,existence,294.97
20,16,4,existence,40.65
145,69,76,debt,338.39
84,9,75,payment,220.04
6,6,0,payment,32.08
71,61,10,debt,189.38
142,18,124,payment,292.21
40,5,35,existence,52.3
50,20,30,debt,140.62
155,23,132,existence,254.61
134,93,41,debt,386.26
62,7,55,existence,118.59
38,35,3,payment,126.36
62,34,28,payment,145.26
66,11,55,payment,126.36
128,18,110,existence,266.51
105,5,100,existence,141.34
153,113,40,debt,484.55
18,4,14,payment,54.6
105,105,0,debt,341.27
71,16,55,debt,138.45
50,13,37,existence,113.43
154,46,108,existence,331.75
9,9,0,existence,25.32
2,2,0,payment,22.92
66,28,38,existence,156.64
63,38,25,debt,201.56
72,37,35,existence,160.16
44,2,42,existence,81.35
147,67,80,debt,297.59
74,52,22,debt,191.54
34,15,19,debt,122.08
109,13,96,debt,238.8
86,64,22,payment,251.54
109,69,40,payment,243.21
143,95,48,debt,420.71
20,16,4,payment,80.36
123,38,85,existence,309.79
2,2,0,payment,13.59
44,19,25,payment,135.85
150,65,85,existence,403.54
89,12,77,payment,202.5
30,4,26,payment,58.86
115,44,71,debt,303.62
4,3,1,debt,25.51
68,12,56,existence,143.51
5,5,0,payment,19.55
106,13,93,debt,166.67
99,29,70,existence,187.56
77,9,68,existence,152.07
117,101,16,debt,424.48
112,72,40,existence,311.86
63,47,16,debt,182.48
75,49,26,existence,168.63
152,151,1,payment,455.14
145,41,104,payment,367.91
71,9,62,debt,157.54
58,16,42,existence,128.43
52,29,23,debt,133
88,16,72,debt,170.05
154,124,30,existence,391.74
7,7,0,existence,23.13
40,30,10,payment,116.89
103,45,58,existence,277.74
36,6,30,payment,79.85
119,12,107,debt,183.87
11,10,1,payment,52.76
143,132,11,existence,281.83
79,49,30,payment,240.45
66,22,44,debt,130.66
156,89,67,existence,451.13
35,28,7,debt,131.34
97,44,53,existence,264.9
107,99,8,existence,307.72
114,22,92,payment,231.11
38,25,13,existence,67.86
130,67,63,debt,409.99
7,5,2,existence,12.54
2,2,0,existence,4.95
110,18,92,debt,176.03
71,33,38,payment,122.42
91,67,24,existence,232.14
99,24,75,debt,243.46
23,18,5,existence,54.19
128,101,27,payment,405.84
33,2,31,payment,90.76
92,41,51,payment,209.97
76,23,53,payment,176.96
105,89,16,payment,317.04
6,6,0,debt,33.18
146,94,52,existence,399.19
83,6,77,debt,163.67
110,34,76,debt,204.44
84,77,7,debt,251.73
24,4,20,existence,55.36
91,58,33,payment,258.6
125,15,110,debt,200.18
77,30,47,existence,176.18
150,35,115,debt,235.23
68,29,39,existence,181.89
132,47,85,debt,256.32
115,52,63,existence,247.51
137,104,33,existence,330.6
99,6,93,debt,270.3
1,1,0,payment,20.84
133,77,56,existence,422.34
48,48,0,debt,111.23
50,23,27,payment,113.4
120,70,50,debt,273.77
150,41,109,payment,395.49
8,2,6,debt,23.69
59,14,45,payment,132.17
30,11,19,existence,68.48
151,4,147,debt,314.22
36,3,33,existence,81.67
16,16,0,debt,65.97
22,11,11,existence,41.35
45,14,31,debt,91.17
39,34,5,payment,121.39
75,70,5,existence,204.12
142,26,116,debt,357.2
61,2,59,debt,149.26
4,4,0,payment,20.55
20,14,6,payment,54.05
18,1,17,debt,58.44
68,67,1,debt,224.62
25,7,18,debt,68.71
55,14,41,existence,119.44
53,27,26,debt,151.38
106,44,62,existence,281.43
48,31,17,debt,121.79
86,11,75,existence,217.1
70,32,38,existence,178.97
125,13,112,payment,330.13
110,58,52,debt,204.91
81,31,50,existence,147.43
131,31,100,existence,255.37
69,21,48,payment,177.58
116,54,62,existence,246.28
4,2,2,payment,21.25
17,13,4,existence,57.3
69,66,3,debt,248.72
105,99,6,payment,301.63
112,45,67,existence,259.12
35,2,33,debt,51.65
95,45,50,existence,205.34
96,50,46,payment,299.99
10,7,3,existence,27.01
5,5,0,payment,29.7
57,37,20,payment,185.53
16,7,9,payment,44.87
147,24,123,debt,307.15
106,44,62,debt,275.15
31,11,20,debt,112.14
120,108,12,existence,290.15
44,23,21,payment,106.7
62,60,2,debt,232.18
38,27,11,payment,92.05
124,18,106,payment,277.88
118,62,56,payment,335.29
82,1,81,payment,179.09
24,18,6,payment,68.92
86,41,45,existence,226.55
137,86,51,payment,358.08
148,31,117,payment,301.49
131,102,29,debt,321.14
101,51,50,existence,304.66
140,90,50,debt,414.06
117,8,109,payment,251.21
99,88,11,existence,258.51
66,19,47,existence,165.67
24,3,21,debt,79.34
54,35,19,existence,147.87
108,93,15,existence,346.63
10,5,5,payment,31.77
15,3,12,debt,59.63
12,11,1,payment,48.69
34,8,26,debt,104.4
22,5,17,existence,49.88
148,42,106,payment,406.79
32,13,19,payment,84.3
103,36,67,payment,305.48
73,50,23,debt,232.06
24,15,9,payment,70.17
154,45,109,existence,264.21
137,108,29,existence,325.28
65,36,29,debt,178.92
138,36,102,payment,334.88
98,80,18,payment,264
134,26,108,payment,255.45
103,49,54,debt,256.68
85,84,1,payment,247.35
114,53,61,existence,323.08
43,6,37,payment,83.76
103,82,21,payment,300.39
53,14,39,debt,112.52
2,1,1,payment,14.78
79,69,10,debt,247.38
156,102,54,debt,337.37
90,30,60,payment,232.04
30,14,16,payment,104.45
78,11,67,existence,146.61
12,5,7,debt,51.47
39,17,22,debt,90.18
144,126,18,debt,452.1
63,43,20,existence,176.47
34,23,11,existence,69.55
117,16,101,existence,199.51
64,40,24,payment,143.87
33,9,24,debt,69.35
125,119,6,debt,383.61
82,1,81,debt,138.66
139,23,116,debt,304.24
118,76,42,debt,259.52
141,121,20,payment,417.14
110,47,63,existence,329.66
88,23,65,existence,168.91
5,4,1,payment,30.04
50,46,4,payment,195.71
126,72,54,debt,328.4
50,40,10,payment,166.71
19,14,5,debt,58.18
49,34,15,existence,141.49
149,76,73,payment,316.18
108,36,72,debt,244.81
61,14,47,existence,92.78
4,1,3,existence,5.86
39,34,5,debt,119.02
126,28,98,debt,308.74
156,88,68,existence,433.16
5,5,0,existence,16.88
120,119,1,payment,397.06
60,25,35,debt,136.42
144,75,69,existence,316.26
7,3,4,debt,41.27
110,62,48,payment,268.78
122,49,73,debt,344.48
1,1,0,debt,14.87
21,7,14,payment,53.26
10,5,5,existence,32.02
7,5,2,payment,34.39
139,112,27,payment,384.56
95,91,4,existence,291.8
31,24,7,debt,94.51
14,7,7,existence,37.71
122,14,108,debt,192.76
33,33,0,existence,92
33,3,30,debt,62.19
67,65,2,payment,257.74
64,39,25,debt,201.64
84,53,31,payment,266.51
5,3,2,payment,28.92
83,70,13,existence,214.1
16,7,9,existence,26.45
101,80,21,debt,274.96
19,14,5,payment,75.59
84,69,15,debt,294.15
78,53,25,existence,231.88
27,19,8,payment,86.47
139,11,128,debt,287.77
1,1,0,debt,15.2
85,29,56,payment,199.55
140,25,115,existence,319.05
73,3,70,debt,125.61
111,42,69,debt,219.63
102,37,65,debt,283.82
101,8,93,payment,210.6
76,28,48,payment,208.03
29,14,15,debt,112.55
44,19,25,payment,110.97
15,11,4,debt,61.27
63,9,54,existence,152.3
50,12,38,payment,129.58
141,39,102,debt,371.83
90,18,72,existence,221.09
30,5,25,existence,70.41
6,5,1,existence,20.58
32,13,19,debt,68.31
87,71,16,payment,248.63
54,26,28,payment,181.17
18,5,13,payment,34.02
124,81,43,debt,436.7
137,70,67,debt,262.93
129,55,74,debt,238.89
91,9,82,debt,139.97
128,113,15,existence,338.23
157,44,113,debt,288.62
30,20,10,existence,62.2
82,38,44,existence,172.23
67,27,40,debt,199.82
127,88,39,existence,338.24
21,13,8,payment,76.76
39,34,5,debt,100.95
13,9,4,payment,46.01
40,16,24,payment,107.16
88,69,19,payment,236.27
151,87,64,payment,477.29
141,45,96,debt,386.48
89,35,54,existence,137.39
17,17,0,existence,44.38
69,35,34,existence,172.9
114,72,42,payment,320.4
40,34,6,payment,139.77
78,23,55,debt,223.9
87,20,67,existence,240.59
153,44,109,debt,301.45
157,64,93,payment,422.54
24,10,14,existence,50.39
27,6,21,debt,89.81
39,34,5,existence,93.38
65,2,63,debt,173.87
33,27,6,payment,69.65
120,9,111,debt,281.39
42,24,18,payment,105.63
149,1,148,debt,352.04
129,101,28,existence,468.91
108,86,22,debt,377.01
77,26,51,debt,248.44
139,11,128,debt,254.69
101,67,34,payment,279.65
29,2,27,payment,83.56
1,1,0,existence,2.86
43,11,32,payment,104.13
35,19,16,debt,108.32
9,2,7,debt,39.43
133,119,14,debt,404.57
107,22,85,existence,210.55
5,1,4,debt,42.33
2,2,0,payment,15.7
38,11,27,debt,98.37
154,15,139,payment,233.73
4,3,1,payment,30.27
98,47,51,debt,189.45
36,8,28,debt,75.94
67,61,6,existence,207.97
105,52,53,debt,270.04
5,1,4,payment,24.04
114,64,50,payment,343.29
8,5,3,debt,28.3
145,45,100,debt,301.71
44,19,25,existence,115.35
142,20,122,existence,206.92
14,8,6,payment,33.79
149,35,114,debt,328.94
130,94,36,debt,335.17
46,40,6,existence,128.75
114,5,109,existence,152.42
107,70,37,payment,334.46
95,58,37,existence,289.76
81,30,51,debt,215.17
15,8,7,payment,56.2
42,6,36,existence,86.48
76,17,59,debt,146.64
6,3,3,debt,37.44
3,1,2,existence,8.28
152,136,16,debt,543.51
100,2,98,debt,235.99
142,82,60,debt,380.31
44,10,34,debt,121.7
55,41,14,existence,173.17
82,55,27,existence,201.25
109,19,90,existence,241
5,5,0,payment,20.45
30,12,18,existence,66.27
122,68,54,payment,260.43
122,28,94,payment,279.1
88,2,86,existence,206.96
116,88,28,existence,381.97
147,60,87,existence,439.21
129,54,75,debt,292.97
83,1,82,existence,160.99
62,4,58,existence,109.29
12,7,5,existence,33.33
137,95,42,existence,361.2
8,7,1,debt,35.08
22,14,8,debt,95.08
137,38,99,existence,234.23
128,105,23,payment,239.12
3,2,1,payment,25.34
105,32,73,debt,191.18
51,3,48,existence,106.4
91,2,89,existence,202.93
101,54,47,existence,295.66
60,15,45,existence,138.53
55,55,0,payment,140.76
16,1,15,payment,35.99
40,11,29,debt,85.8
124,14,110,payment,250.07
116,64,52,payment,310.62
84,7,77,debt,126.58
146,83,63,debt,337.07
38,21,17,debt,149.99
52,45,7,debt,176.81
52,51,1,debt,145.06
35,2,33,debt,58.16
133,76,57,debt,317.6
37,6,31,existence,73.43
121,29,92,debt,190.76
85,72,13,existence,238.88
89,46,43,payment,263.21
116,78,38,debt,402.8
75,8,67,existence,182.95
70,58,12,debt,255.36
38,6,32,payment,79.11
152,3,149,payment,377.06
113,5,108,payment,148.01
28,11,17,existence,45.6
21,10,11,debt,82.28
26,2,24,debt,60.23
10,4,6,debt,38.87
41,31,10,debt,98.23
152,69,83,debt,384.98
121,77,44,payment,396.44
13,1,12,existence,24.45
133,82,51,existence,396.91
39,5,34,existence,93.33
152,74,78,debt,369.85
1,1,0,payment,20.34
1,1,0,existence,3.27
124,15,109,payment,327.14
74,44,30,debt,174.5
106,41,65,debt,200.87
35,27,8,existence,104.33
58,35,23,debt,184.12
24,16,8,existence,48.95
133,60,73,existence,378.74
149,50,99,debt,276.04
95,25,70,payment,169.78
49,8,41,debt,148.77
108,23,85,existence,198.5
126,36,90,existence,336.65
99,43,56,debt,261.45
13,8,5,existence,24.21
93,23,70,debt,195.21
69,27,42,debt,161.46
57,26,31,payment,113.93
25,20,5,debt,76.23
83,28,55,existence,174.5
147,68,79,payment,443.46
47,14,33,existence,116.71
122,88,34,debt,402.5
79,1,78,payment,166.53
57,43,14,debt,195.87
38,36,2,debt,124.17
148,92,56,debt,480.09
42,26,16,payment,150.06
62,9,53,existence,164.22
70,24,46,payment,134.71
134,107,27,existence,299.22
48,8,40,debt,134.05
24,8,16,debt,79.67
150,38,112,existence,383.09
140,90,50,payment,369.74
146,145,1,existence,471.23
37,30,7,payment,119.34
118,88,30,payment,298.31
116,56,60,existence,239.07
54,40,14,debt,173.66
132,85,47,debt,352.9
121,59,62,payment,329.53
55,10,45,payment,92.18
42,37,5,existence,82.88
34,2,32,debt,67.84
138,5,133,payment,342.85
117,4,113,debt,265.08
98,74,24,debt,339.65
117,35,82,debt,230.8
8,7,1,payment,32.23
37,5,32,debt,104
148,104,44,payment,319.87
61,46,15,existence,210.96
62,4,58,payment,165.85
111,65,46,debt,239.15
70,53,17,debt,180.28
120,15,105,payment,205.28
75,33,42,debt,171.64
120,24,96,payment,170.23
41,36,5,debt,148.46
51,32,19,existence,91.91
60,25,35,debt,121.57
70,23,47,payment,138.37
69,16,53,existence,124.98
130,99,31,debt,386.33
126,113,13,payment,333.81
155,33,122,payment,342.35
52,25,27,payment,160.11
25,14,11,payment,63.05
98,13,85,payment,242.34
157,57,100,payment,345.72
74,63,11,debt,252.97
143,121,22,debt,450.2
8,4,4,debt,42.08
3,3,0,payment,23.42
134,121,13,payment,368.19
20,19,1,payment,66.52
96,27,69,existence,151.22
148,72,76,existence,366.43
114,39,75,payment,229.38
84,15,69,existence,117.56
36,9,27,existence,87.62
36,27,9,debt,117.68
5,3,2,payment,18.98
75,44,31,debt,190.73
41,14,27,payment,119.13
81,60,21,existence,200.38
57,29,28,existence,123.48
75,19,56,payment,131.43
135,79,56,existence,432.19
68,52,16,payment,233.97
23,18,5,debt,85.69
31,15,16,payment,69.98
11,4,7,debt,46.81
73,31,42,debt,194.02
126,39,87,debt,238.88
13,7,6,payment,47.13
105,52,53,debt,317.02
84,55,29,debt,258.93
98,11,87,debt,195.91
118,86,32,existence,210.34
86,21,65,existence,140.18
130,88,42,payment,281.81
28,17,11,existence,74.01
128,118,10,payment,296.73
5,5,0,payment,21.87
9,9,0,debt,46.26
121,34,87,existence,309.35
113,110,3,payment,410.16
115,34,81,payment,313.74
22,3,19,payment,55.8
35,3,32,payment,62.85
41,33,8,existence,101.29
11,10,1,existence,24.77
39,18,21,existence,84.28
83,28,55,payment,175.19
57,13,44,payment,124.1
37,36,1,payment,124.01
28,8,20,existence,56.2
84,33,51,debt,188.39
156,150,6,debt,383.03
23,18,5,debt,70.76
135,32,103,existence,230.89
13,11,2,existence,35.83
133,133,0,payment,521.89
74,50,24,debt,227.32
19,3,16,existence,49.51
48,30,18,existence,137.7
27,17,10,existence,65.19
66,26,40,debt,182.45
7,2,5,payment,28.19
77,53,24,payment,274.58
83,79,4,payment,246.29
109,96,13,debt,351.89
57,46,11,existence,199.57
72,30,42,payment,221.7
40,32,8,existence,140.26
53,46,7,debt,151.59
17,12,5,debt,52.9
136,129,7,debt,371.13
84,29,55,debt,152.47
11,4,7,debt,38.07
95,92,3,debt,274.14
4,1,3,existence,7.29
89,38,51,existence,204.66
77,71,6,existence,214.37
129,1,128,payment,324.5
78,2,76,existence,117.89
108,93,15,payment,398.47
143,98,45,payment,394.15
124,94,30,payment,360.56
108,75,33,payment,228.58
115,54,61,debt,294.36
24,10,14,debt,69.01
22,10,12,existence,43
89,11,78,payment,229.47
149,36,113,debt,428.91
4,4,0,existence,11.45
69,41,28,payment,184.06
78,50,28,debt,215.99
120,94,26,payment,349.33
111,47,64,payment,289.65
22,4,18,debt,59.94
140,97,43,existence,398.09
140,50,90,payment,374.72
73,41,32,payment,207.86
23,23,0,debt,86.73
108,55,53,payment,322.43
20,4,16,existence,33.54
36,34,2,existence,108.76
21,13,8,debt,89.78
46,40,6,existence,112.95
91,11,80,debt,247.6
97,58,39,existence,307.77
63,52,11,existence,172.03
128,107,21,existence,439.03
74,13,61,payment,170.26
72,16,56,existence,134.58
136,66,70,existence,309.64
21,13,8,existence,40.48
7,2,5,payment,20.93
83,39,44,payment,232.48
151,103,48,existence,314.92
35,16,19,existence,65.88
115,39,76,debt,225.82
100,97,3,existence,322.92
73,37,36,payment,201.97
33,5,28,payment,60.27
141,98,43,payment,470.07
21,10,11,debt,70.04
26,21,5,payment,95.23
48,42,6,existence,113.77
21,15,6,payment,67.86
119,85,34,payment,258.34
111,107,4,existence,264.74
150,19,131,payment,254.57
119,81,38,payment,304.9
79,54,25,debt,177.86
15,12,3,payment,50.36
114,102,12,debt,243.94
7,2,5,existence,14.39
49,6,43,debt,103.09
115,7,108,existence,280.44
13,5,8,payment,41.77
151,107,44,debt,359.25
55,37,18,debt,158.79
2,2,0,debt,24.08
70,28,42,debt,197.76
62,57,5,payment,218.5
30,28,2,debt,89.23
100,10,90,debt,257.71
150,33,117,existence,353.7
117,31,86,debt,303.21
141,56,85,payment,265.16
31,21,10,existence,73.78
9,1,8,payment,33.22
59,28,31,existence,106.46
146,8,138,debt,361.27
50,9,41,debt,139.11
79,48,31,payment,188.61
85,38,47,debt,241.23
4,4,0,existence,11.13
30,28,2,existence,70.48
152,117,35,existence,329.07
143,104,39,payment,478.21
155,129,26,payment,330.69
101,6,95,existence,212.29
120,90,30,existence,375.81
81,63,18,debt,206.53
22,12,10,existence,50.92
110,68,42,existence,209.28
57,52,5,payment,161.43
78,7,71,debt,209.67
72,58,14,existence,230.52
9,7,2,existence,24.04
114,24,90,existence,244.73
65,25,40,existence,109.33
118,39,79,debt,345.31
96,30,66,payment,204.36
148,14,134,debt,263.9
70,9,61,payment,106.32
11,10,1,debt,33.75
152,10,142,debt,386.13
135,73,62,payment,391.26
116,1,115,payment,220.63
151,61,90,payment,282.33
12,11,1,payment,39.1
57,55,2,existence,181.57
131,30,101,existence,312.81
121,91,30,payment,346.41
8,3,5,debt,25.08
83,75,8,debt,249.52
79,49,30,debt,237.22
70,67,3,debt,207.03
99,4,95,existence,239.59
70,66,4,existence,208.23
27,26,1,payment,102.53
155,106,49,payment,430.55
42,32,10,payment,113.43
154,114,40,payment,485.25
155,120,35,payment,485.46
31,29,2,debt,114.24
55,31,24,debt,127.62
95,9,86,payment,234.26
97,40,57,existence,239.84
18,4,14,existence,33.21
78,6,72,payment,129.01
53,53,0,debt,200.41
75,64,11,payment,250.74
55,5,50,payment,115.05
49,10,39,debt,134.55
88,43,45,debt,196.25
149,66,83,existence,249.41
129,89,40,existence,376.23
42,30,12,payment,121.57
9,2,7,debt,45.6
89,2,87,existence,218.93
76,47,29,payment,197.73
3,2,1,existence,8.82
117,77,40,payment,319.32
137,29,108,existence,374.53
2,2,0,debt,25.54
140,78,62,payment,348.82
63,20,43,existence,103.7
55,19,36,existence,129.83
106,5,101,existence,169.09
86,4,82,debt,235.2
126,54,72,payment,260.31
50,11,39,payment,81.97
39,1,38,debt,69.12
8,3,5,debt,42.84
75,12,63,existence,157.29
29,9,20,payment,81.59
106,71,35,payment,230.91
135,40,95,existence,298.52
20,12,8,existence,55.03
98,44,54,payment,260.08
60,60,0,existence,191.6
62,58,4,payment,228.76
48,34,14,existence,155.65
129,124,5,existence,331.23
45,14,31,debt,140.77
21,20,1,debt,75.33
45,16,29,existence,91.51
116,49,67,debt,330.82
48,39,9,existence,158.07
49,46,3,existence,146.25
28,11,17,debt,81.39
69,40,29,existence,188.19
52,10,42,debt,101.43
54,5,49,existence,73.05
88,81,7,debt,325.82
136,7,129,payment,266.92
62,62,0,existence,168.81
35,31,4,debt,114.54
28,13,15,debt,71.73
99,24,75,payment,181.6
144,44,100,existence,373.08
144,8,136,payment,335.34
119,21,98,existence,238.87
65,3,62,existence,111.13
113,45,68,existence,223.88
45,14,31,payment,139.52
73,20,53,debt,198.05
83,27,56,debt,146.82
124,108,16,debt,404.18
155,40,115,debt,371.91
5,3,2,existence,14.77
157,91,66,debt,352.91
139,55,84,payment,349.53
72,6,66,debt,118.2
47,32,15,debt,123.42
61,4,57,existence,90.73
149,146,3,existence,387.79
12,2,10,debt,31.96
142,133,9,payment,419.03
139,14,125,debt,209.52
116,115,1,existence,397.16
137,49,88,debt,335.76
123,103,20,payment,443.36
125,99,26,debt,287.63
102,33,69,existence,219.98
15,14,1,debt,66.76
39,12,27,existence,112.35
57,56,1,payment,174.84
1,1,0,debt,19.9
83,23,60,debt,160.55
74,58,16,debt,214.72
1,1,0,payment,18.84
53,47,6,payment,115.21
87,44,43,existence,251.09
111,60,51,debt,333.85
53,18,35,debt,133.71
28,3,25,payment,70.86
23,15,8,existence,62.93
99,68,31,existence,230.73
157,83,74,payment,416.72
136,97,39,payment,270.8
156,79,77,debt,335.5
94,73,21,debt,253.12
83,13,70,debt,219.9
88,87,1,payment,238.58
22,1,21,existence,47.88
107,99,8,payment,364.99
105,89,16,existence,384.5
151,55,96,payment,387.61
19,6,13,payment,43.14
96,8,88,debt,212.64
151,26,125,existence,335.26
87,51,36,debt,175.82
50,36,14,debt,160.31
37,35,2,existence,103.11
7,6,1,existence,19.59
113,17,96,payment,207.12
79,38,41,debt,226.08
85,8,77,payment,201.5
39,12,27,debt,115.35
95,29,66,payment,175.74
97,64,33,debt,302
48,15,33,payment,128.76
129,13,116,debt,252.03
133,119,14,existence,412.03
97,79,18,debt,303.32
79,34,45,debt,173.96
21,18,3,existence,51.51
19,7,12,debt,64.5
81,9,72,existence,195.02
18,3,15,existence,42.31
59,27,32,payment,145.91
56,43,13,existence,163.25
70,8,62,debt,101.89
60,8,52,debt,125.89
59,33,26,payment,166.93
86,59,27,existence,215.84
153,124,29,existence,346.73
114,19,95,existence,239.43
14,5,9,existence,32.23
9,7,2,existence,20.13
52,48,4,existence,182.14
111,13,98,debt,267.2
16,6,10,payment,54.65
60,36,24,payment,192.21
35,25,10,payment,83.11
39,15,24,payment,108.06
104,23,81,payment,265.5
102,38,64,debt,211.5
89,42,47,debt,243.59
59,13,46,payment,131.9
73,45,28,debt,150.46
57,10,47,existence,79.27
114,59,55,payment,350.09
20,13,7,payment,43.73
100,34,66,debt,271.29
30,22,8,payment,79.96
15,7,8,debt,52.23
113,107,6,debt,364.68
17,10,7,existence,31.47
146,118,28,payment,399.52
128,65,63,debt,255.23
56,3,53,debt,109.95
78,25,53,debt,241.69
51,49,2,existence,125.4
128,106,22,existence,289.53
142,45,97,existence,265.19
74,58,16,payment,195.76
135,86,49,payment,425.86
88,36,52,payment,201.75
42,12,30,debt,108.12
68,61,7,existence,148.16
105,17,88,existence,262.76
103,35,68,debt,192.2
36,27,9,existence,76.46
87,22,65,debt,234.04
113,97,16,debt,358.05
95,32,63,debt,234.89
86,77,9,payment,186.31
17,4,13,payment,38.89
38,3,35,debt,62.01
2,1,1,existence,4.57
38,22,16,payment,95.71
126,43,83,existence,308.41
115,32,83,payment,314.4
10,3,7,debt,40.47
101,32,69,payment,188.89
91,82,9,existence,202.55
146,130,16,payment,341.15
92,80,12,debt,347.75
71,19,52,debt,147.15
99,84,15,existence,314.79
6,6,0,existence,18.71
153,109,44,payment,414.74
36,18,18,existence,84.79
102,38,64,payment,167.48
89,11,78,debt,216.31
100,77,23,existence,330.61
118,52,66,existence,338.42
77,45,32,existence,167.89
25,14,11,existence,68.89
87,19,68,payment,203.78
155,131,24,payment,477.17
64,46,18,debt,201.7
131,97,34,debt,327.76
85,61,24,payment,245.82
46,8,38,debt,98.68
76,72,4,payment,245.06
140,47,93,payment,342.03
135,119,16,debt,458.63
53,28,25,existence,93.23
141,116,25,existence,431.37
38,33,5,payment,121.06
61,26,35,existence,107.42
43,7,36,debt,100.81
35,4,31,payment,75.86
53,8,45,payment,101.62
153,129,24,payment,406.4
21,13,8,payment,70.18
14,5,9,payment,48.01
67,29,38,existence,192.69
38,24,14,payment,110.76
3,1,2,payment,19.02
112,93,19,debt,300.63
141,49,92,existence,323.41
74,54,20,existence,259.24
20,4,16,payment,70.97
50,32,18,debt,131.54
1,1,0,payment,17.31
40,16,24,payment,110.87
22,18,4,payment,71.55
137,57,80,payment,304.02
108,2,106,debt,156.53
81,44,37,payment,216.04
80,73,7,existence,236.61
130,100,30,payment,403.19
123,88,35,payment,252.5
61,1,60,existence,81.6
106,39,67,debt,307.87
131,110,21,debt,393.8
71,47,24,debt,215.18
12,6,6,payment,28.95
23,21,2,payment,75.4
54,54,0,debt,159.11
118,50,68,debt,221.81
35,28,7,payment,124.5
125,82,43,payment,366.88
15,9,6,debt,46.55
36,13,23,payment,72.76
134,100,34,existence,328.4
119,62,57,existence,226.45
15,3,12,existence,23.17
1,1,0,existence,3.11
14,12,2,debt,64.55
16,14,2,existence,38.08
113,4,109,existence,197.37
33,7,26,debt,100.17
140,40,100,payment,306.94
59,18,41,payment,137.49
135,82,53,debt,413.99
33,11,22,existence,92.94
49,18,31,payment,127.12
35,31,4,debt,133.25
45,27,18,existence,92.26
2,1,1,debt,14.87
152,98,54,existence,443.56
126,115,11,existence,403.56
41,19,22,existence,85.68
51,17,34,payment,98.07
65,11,54,debt,133.48
54,9,45,payment,115.39
39,28,11,debt,140.16
106,77,29,debt,245.55
43,15,28,payment,137.57
5,1,4,payment,29.2
108,96,12,payment,267.43
9,9,0,payment,34.19
42,8,34,debt,94.97
26,4,22,payment,58.15
115,83,32,existence,355.02
93,79,14,existence,262.67
33,21,12,existence,67.3
112,34,78,existence,198.04
108,99,9,existence,361.44
68,43,25,payment,157.06
112,58,54,debt,301.7
28,12,16,existence,74.62
147,27,120,existence,281.7
147,47,100,payment,286.3
38,27,11,existence,95.47
134,66,68,existence,375.82
24,7,17,existence,63.8
45,34,11,debt,171.59
24,16,8,payment,75
25,18,7,debt,94.5
8,2,6,debt,29.23
123,112,11,existence,346.8
38,21,17,debt,107.73
50,29,21,payment,143.72
83,54,29,existence,193.6
77,33,44,debt,204.9
77,29,48,existence,144.13
30,8,22,existence,79.51
70,58,12,payment,177.23
42,23,19,debt,132.66
49,46,3,payment,146.58
102,10,92,debt,159.61
57,23,34,debt,110.16
72,18,54,payment,194.69
107,16,91,existence,251.48
22,10,12,existence,42.37
79,10,69,debt,205.61
134,109,25,payment,467.89
39,34,5,existence,91.42
87,50,37,payment,157.6
74,66,8,debt,274.31
89,40,49,payment,250.04
13,7,6,payment,35.16
16,11,5,debt,67.14
18,14,4,existence,36.63
20,4,16,payment,70.27
99,6,93,existence,176.54
53,22,31,debt,159.37
82,43,39,payment,198.31
116,72,44,payment,293.41
20,19,1,debt,69.64
4,1,3,debt,21.51
22,3,19,debt,66.49
16,1,15,payment,36.55
8,2,6,payment,28.11
32,23,9,existence,95.02
150,92,58,payment,500.92
9,5,4,existence,19.12
124,15,109,debt,264.56
61,48,13,debt,232.13
69,27,42,existence,147.17
78,43,35,payment,185.56
104,2,102,debt,157.99
95,10,85,existence,125.71
151,87,64,debt,383.26
73,1,72,payment,193.04
17,16,1,debt,72.66
66,14,52,debt,168.24
145,8,137,existence,331.77
40,38,2,existence,133.77
67,51,16,payment,194.03
125,45,80,debt,292.89
98,92,6,existence,288.52
110,89,21,existence,333.56
17,8,9,payment,67.53
15,5,10,payment,37.62
21,21,0,payment,72.97
148,125,23,existence,339.2
141,24,117,existence,316.02
42,26,16,existence,92.75
46,28,18,existence,80.58
40,6,34,debt,93.94
35,20,15,payment,105.41
22,8,14,existence,45.51
153,3,150,existence,345.15
4,3,1,debt,40.64
78,68,10,payment,210.32
112,47,65,existence,290.09
80,14,66,existence,122.45
68,58,10,debt,177.38
56,31,25,existence,151.56
61,12,49,debt,176.28
130,113,17,existence,413.26
23,3,20,debt,61.99
36,5,31,payment,99.13
10,10,0,payment,31.21
123,120,3,existence,317.87
9,7,2,debt,38.49
22,9,13,existence,49.78
24,9,15,debt,55.86
133,54,79,existence,350.13
67,27,40,debt,133.16
128,34,94,payment,343.12
91,44,47,debt,160.71
103,5,98,payment,152.99
42,20,22,payment,114.34
77,1,76,payment,99.86
45,27,18,existence,125.75
133,71,62,debt,304.2
35,26,9,existence,117.23
24,22,2,existence,56.27
77,49,28,debt,217.39
145,111,34,debt,433.18
113,87,26,payment,338.3
17,12,5,debt,79.73
1,1,0,payment,21.47
55,6,49,existence,74.21
96,66,30,existence,208.05
141,75,66,debt,423.12
155,126,29,payment,369.54
27,16,11,existence,70.85
18,17,1,existence,60.89
76,24,52,existence,153.74
52,13,39,payment,101.03
88,19,69,payment,252.45
135,25,110,debt,280.96
76,35,41,existence,145.68
47,12,35,existence,126.82
150,79,71,debt,282.55
24,1,23,debt,55.56
155,2,153,debt,206.68
7,3,4,payment,33.28
122,43,79,debt,377.36
33,14,19,existence,79.95
79,43,36,existence,148.9
5,4,1,payment,27.04
18,17,1,existence,57.49
144,144,0,debt,524.21
67,45,22,existence,192.37
63,57,6,debt,210.41
15,15,0,debt,63.2
113,99,14,debt,283.65
4,1,3,payment,20.22
31,30,1,debt,100.64
138,2,136,debt,321.98
19,5,14,existence,51.32
92,60,32,debt,330.8
95,84,11,debt,283.7
58,25,33,existence,166.19
113,13,100,existence,162.66
47,45,2,debt,186.17
12,12,0,payment,40.64
119,63,56,debt,293.96
111,55,56,existence,321.87
63,26,37,existence,125.22
139,16,123,debt,301.69
100,77,23,existence,252.45
19,14,5,debt,58.74
124,106,18,payment,293.08
146,8,138,payment,310.3
32,12,20,debt,94.69
7,2,5,debt,43.21
63,56,7,payment,205.91
102,32,70,existence,168.54
80,22,58,debt,164.5
26,21,5,debt,73.5
46,43,3,debt,138.25
54,35,19,existence,158.55
9,9,0,existence,33.76
44,4,40,debt,112.42
35,21,14,debt,89.59
4,1,3,debt,18.04
134,28,106,debt,231.24
71,7,64,existence,94.93
137,41,96,payment,251.74
55,55,0,existence,173.38
137,97,40,debt,427.63
25,13,12,debt,75.99
92,4,88,payment,221.26
125,108,17,payment,350.88
74,53,21,existence,192.46
6,3,3,debt,22.14
117,16,101,debt,246.88
88,21,67,payment,250.38
31,5,26,payment,73.99
112,14,98,debt,292.26
16,10,6,debt,74.28
108,2,106,payment,149.59
25,17,8,payment,91.8
153,24,129,existence,368.7
33,12,21,payment,99.62
132,4,128,debt,191.92
61,39,22,debt,194.55
121,118,3,existence,407.34
106,49,57,payment,289.98
155,142,13,payment,369.34
38,7,31,payment,113.93
89,28,61,debt,245.55
99,94,5,existence,254.82
136,44,92,debt,225.43
134,122,12,existence,320.24
59,2,57,payment,123.47
122,67,55,existence,268.6
77,54,23,payment,206.75
63,13,50,debt,117.73
8,2,6,existence,18.55
134,46,88,payment,351.64
56,5,51,existence,98.31
151,90,61,debt,377.08
21,14,7,debt,67.51
34,15,19,debt,94.39
35,14,21,payment,70.37
18,6,12,debt,42.28
58,10,48,debt,111.07
47,1,46,existence,87.6
1,1,0,payment,19.69
128,120,8,existence,425.38
57,31,26,debt,209.44
135,76,59,existence,248.7
94,55,39,existence,282.3
135,42,93,existence,380.66
12,11,1,payment,37.72
118,40,78,debt,306.55
50,18,32,debt,132.94
86,60,26,debt,263.06
115,50,65,payment,302.68
54,30,24,existence,106.51
109,64,45,existence,310.52
18,15,3,payment,54.11
67,63,4,payment,199.12
148,114,34,existence,381.14
118,6,112,payment,279
96,84,12,debt,327.72
117,79,38,existence,240.62
136,23,113,existence,215.07
156,143,13,debt,427.28
116,114,2,payment,281.83
94,1,93,debt,177.89
120,94,26,payment,365.35
60,2,58,existence,74.03
126,88,38,existence,362.66
148,31,117,payment,229.56
64,46,18,payment,139.73
11,2,9,existence,16.01
17,14,3,existence,34.66
133,16,117,existence,277.05
139,94,45,payment,326.92
23,14,9,debt,59.81
34,16,18,payment,83.55
97,1,96,existence,177.76
12,10,2,existence,39.08
56,44,12,debt,122.2
88,48,40,existence,199.97
41,41,0,existence,161.69
3,1,2,payment,12.8
68,37,31,debt,174.08
7,5,2,debt,45.92
80,56,24,existence,209.99
52,11,41,payment,98.82
125,77,48,payment,330.18
45,15,30,payment,95.02
70,68,2,debt,271.53
105,91,14,existence,272.32
23,4,19,payment,60.98
25,1,24,debt,49.32
143,58,85,debt,340.87
111,25,86,debt,271.9
92,17,75,payment,210.98
36,26,10,existence,116.04
25,18,7,debt,96.3
92,52,40,debt,216.13
135,105,30,payment,386.32
27,27,0,existence,72.51
128,88,40,existence,303.28
115,91,24,payment,322.4
62,41,21,debt,169.92
138,101,37,payment,414.18
69,53,16,payment,212.96
9,5,4,payment,34.01
104,33,71,payment,287.33
88,36,52,existence,229.91
23,12,11,payment,58.34
42,32,10,payment,126.69
132,44,88,payment,319.01
43,23,20,existence,85.42
156,77,79,payment,285.22
75,34,41,payment,175.72
145,72,73,existence,271.76
128,73,55,payment,379.08
101,8,93,payment,164.54
106,46,60,debt,262.85
115,50,65,existence,269.14
111,19,92,payment,185.78
34,3,31,payment,74.37
61,30,31,existence,131.91
108,103,5,debt,401.43
103,94,9,existence,254.87
22,11,11,existence,51.37
105,53,52,existence,181.47
28,19,9,existence,58.92
55,27,28,payment,176.55
149,123,26,debt,528.61
87,50,37,debt,255.23
134,25,109,existence,343.03
77,62,15,existence,250.17
56,44,12,payment,140.81
142,95,47,payment,376.08
66,33,33,debt,174.99
138,135,3,debt,399.59
40,33,7,existence,102
13,10,3,payment,36.89
126,3,123,payment,248.33
109,1,108,payment,153.27
103,53,50,debt,170.07
133,130,3,debt,497.23
134,40,94,debt,236.38
95,43,52,debt,262.75
79,46,33,debt,238.89
8,8,0,existence,24.42
70,57,13,existence,244.01
108,8,100,existence,142.56
98,9,89,debt,195.27
83,62,21,existence,239.13
43,43,0,existence,132.77
77,32,45,existence,157.56
17,4,13,payment,35.93
59,30,29,existence,143.21
9,6,3,existence,26.52
56,37,19,debt,165.8
114,80,34,existence,273.47
94,47,47,payment,281.67
108,97,11,payment,369.04
126,31,95,existence,269.87
33,18,15,debt,89.04
78,22,56,existence,215.23
85,12,73,existence,227.82
10,1,9,debt,48.54
123,82,41,payment,371.64
131,131,0,payment,388.22
140,54,86,debt,355.95
7,6,1,existence,20.68
132,61,71,debt,325.36
98,48,50,existence,224.5
108,43,65,existence,276.21
103,102,1,payment,388.84
109,101,8,debt,394.52
96,3,93,debt,214.87
59,32,27,payment,150.21
154,47,107,debt,329.62
128,3,125,payment,297.5
147,32,115,debt,342.75
17,10,7,debt,53.75
113,102,11,existence,229.97
147,121,26,payment,423.48
133,66,67,payment,347.62
29,21,8,existence,80.66
74,61,13,payment,199.05
128,81,47,payment,281.11
142,137,5,payment,430.73
35,32,3,debt,114.75
92,37,55,payment,290.36
60,33,27,existence,176.86
55,14,41,existence,134.14
63,2,61,payment,146.26
4,3,1,existence,7.27
94,85,9,debt,309.91
49,4,45,existence,78.37
97,30,67,payment,189
31,9,22,debt,66.97
60,7,53,debt,122.54
78,66,12,debt,294.31
140,42,98,payment,308.76
139,112,27,debt,377.12
11,10,1,existence,32.25
152,24,128,debt,380.44
14,8,6,existence,36.35
125,40,85,payment,347.06
117,51,66,debt,282.36
28,23,5,debt,113.01
28,3,25,existence,40.15
93,67,26,payment,225.84
94,57,37,existence,260.68
61,36,25,payment,156.37
68,4,64,existence,129.26
80,7,73,debt,150.89
89,52,37,payment,188.17
131,56,75,payment,262
156,58,98,payment,453.36
152,92,60,debt,323.43
67,62,5,existence,155.52
61,26,35,existence,182.13
152,4,148,payment,237.7
130,15,115,debt,357.04
46,45,1,existence,128.08
10,9,1,debt,36.41
61,38,23,existence,147.3
22,10,12,payment,63.96
124,28,96,payment,216.99
106,54,52,debt,209.56
39,14,25,existence,77.55
5,2,3,debt,26.65
132,30,102,existence,270.48
98,14,84,payment,178.06
19,6,13,existence,26.69
112,44,68,payment,241.84
140,131,9,payment,400.83
14,14,0,payment,54.51
87,21,66,existence,160.16
115,45,70,payment,212.3
147,18,129,existence,248.9
15,3,12,existence,31.73
130,33,97,existence,367.34
22,7,15,payment,50.21
124,11,113,debt,162.73
64,53,11,payment,235.87
131,34,97,debt,345.28
25,19,6,payment,65.03
95,62,33,debt,250.08
8,4,4,debt,31.81
132,9,123,debt,313.9
55,20,35,debt,110.43
63,21,42,existence,112.16
134,56,78,debt,266.15
16,16,0,debt,73.36
2,1,1,payment,17.43
50,49,1,payment,178.5
99,13,86,payment,257.78
156,1,155,payment,323.35
121,58,63,payment,362.93
111,93,18,debt,320.97
137,119,18,existence,287.43
114,20,94,existence,193.05
82,81,1,debt,242.63
104,92,12,existence,275.26
142,87,55,payment,362.64
79,36,43,existence,167.97
88,40,48,payment,241.07
95,85,10,existence,296.94
141,126,15,existence,528.65
82,23,59,debt,188.97
131,116,15,existence,357.28
105,83,22,payment,326.93
149,5,144,debt,349.25
100,80,20,payment,327.83
11,1,10,debt,32.62
117,84,33,existence,350
25,11,14,existence,72.99
96,64,32,existence,313.51
53,44,9,debt,166.99
97,61,36,payment,251.62
34,30,4,debt,104.21
76,61,15,payment,195.7
19,6,13,payment,39.91
135,37,98,debt,230.99
80,37,43,debt,149.4
143,29,114,payment,338.41
118,33,85,payment,273.68
131,123,8,existence,402.72
94,73,21,debt,312.64
56,11,45,existence,85.43
79,47,32,debt,254.6
42,35,7,existence,93.3
151,67,84,existence,355.74
125,111,14,debt,457.68
133,95,38,payment,433.99
105,90,15,debt,279.35
118,114,4,debt,442.77
72,48,24,payment,157.96
98,55,43,payment,220.8
116,116,0,existence,359.5
104,96,8,existence,305.74
23,22,1,debt,90.48
135,111,24,existence,341.94
2,2,0,debt,33.97
36,34,2,payment,140.73
77,34,43,debt,230.32
117,97,20,payment,267.96
90,35,55,existence,136.51
2,2,0,existence,6.33
9,4,5,debt,44.77
90,77,13,existence,265.09
87,27,60,debt,149.37
56,5,51,debt,102.77
144,117,27,debt,489.29
4,2,2,debt,41.24
102,99,3,payment,377.34
38,32,6,payment,103.25
104,74,30,existence,222.33
37,23,14,existence,84.52
6,4,2,payment,27.61
144,38,106,payment,381.96
57,56,1,payment,130.23
124,110,14,debt,389.78
30,13,17,debt,99.21
119,104,15,debt,371.3
155,3,152,payment,215.29
78,4,74,payment,189.91
146,75,71,existence,279.51
80,29,51,debt,243.11
10,6,4,payment,36.27
81,35,46,existence,226.67
73,27,46,existence,114.18
101,39,62,existence,181.56
55,29,26,debt,150.06
148,10,138,payment,225.98
53,29,24,payment,101.16
44,15,29,existence,76.16
86,28,58,existence,160.48
63,16,47,payment,163.69
112,22,90,debt,283.16
139,109,30,existence,257.05
58,11,47,debt,159.46
46,37,9,existence,142.98
41,29,12,debt,138.41
116,112,4,payment,296.71
6,4,2,existence,15.13
101,84,17,payment,257.96
81,73,8,existence,158.18
12,5,7,payment,31.11
124,40,84,debt,250.33
83,3,80,payment,199.54
78,18,60,debt,190.27
8,7,1,existence,24.29
9,8,1,existence,23.21
140,121,19,existence,453.69
134,89,45,existence,402.52
1,1,0,existence,2.95
109,72,37,payment,230.21
156,140,16,payment,429.11
128,48,80,existence,361.61
43,18,25,debt,105.27
139,34,105,payment,303.8
114,60,54,debt,253.59
14,10,4,debt,41.65
68,47,21,payment,171.59
155,79,76,existence,341.91
72,3,69,existence,96.56
30,24,6,payment,111.24
49,5,44,debt,149.49
113,12,101,debt,246.53
101,93,8,payment,297.65
39,8,31,debt,75.47
84,43,41,debt,197.1
157,35,122,existence,430.54
99,57,42,debt,286.91
145,55,90,debt,329.91
55,8,47,existence,104.26
14,2,12,payment,42.67
66,28,38,payment,175.45
114,6,108,existence,191.7
87,23,64,debt,250.24
38,2,36,debt,65.76
89,7,82,debt,186.87
124,100,24,existence,330.49
151,110,41,payment,369.08
34,1,33,debt,68.43
138,78,60,payment,304.11
3,1,2,existence,5.35
95,89,6,debt,284.2
104,87,17,debt,261.26
87,84,3,existence,273.2
97,83,14,existence,337.14
127,88,39,debt,289.29
41,40,1,debt,142.09
78,15,63,existence,116.94
18,16,2,payment,60.59
135,122,13,debt,338.64
39,6,33,payment,102.71
72,24,48,payment,212.75
99,3,96,existence,170.36
1,1,0,payment,16.38
101,70,31,debt,348.16
1,1,0,debt,20.96
147,67,80,existence,358.75
82,33,49,debt,240.45
72,40,32,existence,138.11
123,25,98,existence,276.68
28,26,2,payment,85.94
84,71,13,payment,243.08
127,3,124,debt,231.33
130,25,105,payment,308.57
141,91,50,debt,301.43
55,22,33,existence,108.92
46,17,29,payment,107.38
142,82,60,existence,402.8
70,9,61,existence,120.9
135,111,24,existence,465.63
61,44,17,payment,197.15
145,26,119,existence,333.73
117,114,3,debt,401.66
129,46,83,existence,299.88
128,30,98,debt,243.58
91,3,88,payment,124.3
38,19,19,payment,121.52
58,41,17,debt,173.66
43,28,15,existence,127.19
44,14,30,existence,82.65
65,52,13,payment,210.91
95,84,11,debt,306.21
115,24,91,existence,257.6
155,25,130,debt,270.65
38,36,2,debt,137.71
14,2,12,payment,52.57
12,2,10,existence,15.77
135,81,54,debt,295.71
60,15,45,debt,185.32
29,17,12,debt,91.47
154,73,81,payment,492.04
144,128,16,payment,402.89
100,98,2,debt,358.81
135,34,101,debt,310.52
34,31,3,payment,92.58
145,64,81,payment,276.21
53,12,41,existence,113.09
94,12,82,debt,200.73
13,3,10,payment,44.2
39,30,9,payment,84.49
38,38,0,debt,128.16
5,4,1,payment,24.1
12,3,9,existence,30.64
94,29,65,debt,292.64
39,6,33,payment,61.64
7,3,4,payment,34.81
17,6,11,debt,44.69
131,5,126,payment,242.76
128,70,58,payment,340.93
152,24,128,payment,211.85
74,14,60,payment,166.2
30,5,25,existence,63.44
16,1,15,debt,49.37
24,23,1,payment,74.87
120,14,106,payment,316.99
29,10,19,existence,74.8
14,5,9,existence,26.82
72,26,46,debt,223.07
145,3,142,debt,239.55
3,3,0,existence,6.78
148,103,45,debt,433.23
153,90,63,existence,451.31
139,139,0,payment,397.65
25,21,4,debt,91.88
81,57,24,debt,203.8
39,24,15,debt,130.1
43,21,22,payment,93.68
95,43,52,payment,201.41
68,16,52,debt,153.46
11,7,4,existence,30.85
69,54,15,existence,136.48
155,109,46,debt,537.09
22,17,5,existence,58.61
73,59,14,payment,201.95
23,23,0,payment,97.35
47,23,24,payment,139.38
133,131,2,payment,386.57
39,38,1,debt,110.81
142,102,40,existence,331.64
140,24,116,payment,376.23
127,96,31,payment,408.75
99,54,45,payment,269.52
2,2,0,payment,12.71
38,2,36,existence,88.79
88,61,27,debt,234.63
148,82,66,payment,403.48
85,25,60,payment,227.54
40,10,30,payment,89.88
109,19,90,debt,193.14
90,22,68,debt,257.05
62,15,47,payment,158.43
32,13,19,payment,94.29
94,53,41,existence,291.58
139,24,115,debt,327.44
150,13,137,payment,403.3
46,24,22,payment,97.26
96,42,54,existence,190.76
104,51,53,existence,265.71
97,82,15,payment,292.52
18,11,7,payment,62.61
43,27,16,existence,118.36
141,115,26,debt,369.74
32,32,0,existence,96.67
34,5,29,payment,80.25
110,3,107,existence,249.23
38,8,30,existence,59.79
2,1,1,payment,13.2
155,6,149,existence,241.92
45,6,39,existence,73.75
128,4,124,existence,171.6
2,2,0,existence,4.33
136,100,36,debt,434.16
35,34,1,debt,127.17
48,26,22,existence,138.21
3,1,2,debt,14.69
152,16,136,debt,382.38
114,69,45,existence,353.83
22,9,13,payment,61.8
52,39,13,payment,160.51
21,8,13,debt,57.21
101,6,95,existence,161.65
154,72,82,existence,392.4
56,20,36,payment,179.07
34,14,20,payment,102.45
74,70,4,debt,227.35
131,77,54,payment,393.67
138,117,21,existence,482.8
83,41,42,debt,173.19
60,19,41,payment,116.44
62,13,49,payment,131.62
47,9,38,existence,105.7
104,2,102,existence,155.44
45,1,44,debt,119.9
37,10,27,debt,75.38
126,61,65,debt,224.9
16,6,10,debt,51.61
22,11,11,payment,63.91
18,3,15,payment,34.65
70,3,67,payment,140.37
63,61,2,payment,157.76
128,63,65,payment,307.26
100,66,34,existence,264.59
121,33,88,payment,183.94
38,8,30,existence,103.49
155,4,151,debt,375.59
129,33,96,existence,345.22
23,21,2,payment,62.71
73,30,43,debt,157.19
143,109,34,payment,468.02
68,11,57,debt,124.02
138,64,74,existence,264.47
59,28,31,payment,138.79
47,1,46,existence,90.5
10,8,2,debt,39.93
125,61,64,debt,371.35
92,54,38,debt,246.56
105,95,10,existence,353.64
105,4,101,payment,252.6
2,2,0,debt,20.4
144,142,2,existence,420.6
126,52,74,debt,257.13
114,15,99,existence,158.52
3,3,0,existence,9.71
85,23,62,existence,161.4
9,7,2,existence,23.5
56,51,5,payment,162.92
80,71,9,payment,250.34
150,68,82,payment,402.93
147,19,128,existence,367.07
68,15,53,existence,178.63
59,58,1,payment,219
149,86,63,payment,358.61
38,22,16,debt,130.22
34,4,30,payment,81.79
101,2,99,debt,162.83
39,37,2,payment,141.02
3,3,0,existence,8.32
15,5,10,existence,24.89
36,6,30,debt,78.13
24,11,13,existence,71.03
156,61,95,debt,396.29
115,90,25,payment,351.02
84,56,28,debt,207.81
131,3,128,payment,279.85
27,21,6,existence,64.35
126,7,119,existence,258.35
87,77,10,existence,219.94
23,4,19,existence,47.75
1,1,0,debt,14.84
122,52,70,debt,330.38
60,14,46,debt,185.61
87,3,84,debt,175.68
67,27,40,payment,207.08
30,11,19,existence,44.43
74,25,49,payment,156.93
11,6,5,existence,23.38
16,8,8,payment,48.39
78,70,8,payment,235.84
95,2,93,payment,218.37
126,53,73,existence,378.99
67,66,1,payment,189.43
50,25,25,debt,105.44
22,10,12,payment,62.54
132,105,27,existence,353.45
35,28,7,existence,97.79
53,5,48,debt,131.88
92,90,2,debt,279.38
29,19,10,debt,90.53
15,4,11,payment,51.19
42,35,7,payment,129.47
53,11,42,payment,86.56
16,8,8,payment,42.71
118,17,101,existence,223.36
36,3,33,payment,75.23
21,21,0,existence,67.04
140,12,128,existence,216.65
156,24,132,payment,402.56
146,98,48,existence,430.22
42,18,24,payment,127.09
110,46,64,payment,278.7
81,13,68,existence,177.12
39,34,5,debt,96.06
106,45,61,payment,216.47
134,46,88,debt,362.8
72,55,17,existence,197.41
37,24,13,debt,103.17
50,41,9,existence,114.03
116,116,0,existence,270.55
17,1,16,debt,68.68
86,49,37,debt,230.87
131,93,38,debt,370.16
68,60,8,payment,192.8
109,71,38,payment,228.74
131,42,89,payment,251.67
15,9,6,debt,68.79
5,5,0,debt,21.26
146,42,104,existence,354.56
45,39,6,payment,147.69
19,10,9,payment,62.09
62,25,37,debt,142.64
97,8,89,debt,202.66
26,4,22,existence,54.88
62,19,43,debt,162.54
20,13,7,payment,63.16
33,22,11,debt,109.98
139,11,128,payment,252.79
97,78,19,debt,268.63
120,21,99,debt,250.26
14,9,5,payment,41.55
142,9,133,debt,373.33
102,81,21,payment,255.03
31,14,17,existence,55.39
83,67,16,existence,208.14
151,41,110,debt,312.33
79,18,61,existence,175.77
135,132,3,existence,325.64
28,1,27,payment,55.27
34,27,7,payment,86.14
139,99,40,payment,270.22
83,17,66,debt,196.51
45,32,13,payment,108.32
23,21,2,debt,74.95
73,1,72,existence,127.89
134,44,90,debt,387.03
126,15,111,payment,204.35
135,92,43,payment,377.78
3,1,2,existence,6.94
147,55,92,existence,220.15
87,45,42,existence,237.07
56,34,22,payment,168.78
18,2,16,payment,52.33
53,3,50,debt,87.89
13,13,0,payment,55.01
112,86,26,existence,247.69
31,22,9,payment,77.93
50,12,38,debt,137.63
68,55,13,debt,179.32
42,13,29,payment,95.72
128,94,34,debt,415.86
4,2,2,debt,31.24
76,20,56,debt,217.63
33,7,26,debt,91.49
96,45,51,payment,291.43
150,80,70,payment,329.33
33,19,14,payment,107.44
60,59,1,payment,200.3
20,17,3,existence,67.31
115,62,53,debt,392.43
65,22,43,existence,145.54
51,38,13,payment,155.13
102,25,77,debt,263.2
6,2,4,existence,13.69
96,24,72,payment,162.1
109,94,15,debt,354.79
55,51,4,existence,131.51
103,82,21,payment,262.16
104,49,55,payment,232.48
70,21,49,debt,173.6
136,18,118,payment,248.84
38,20,18,existence,64.31
51,15,36,payment,138.43
56,43,13,payment,153.51
40,31,9,debt,116.8
44,43,1,payment,109.13
79,43,36,payment,265.78
76,13,63,existence,158.58
30,13,17,payment,99.4
152,37,115,existence,419.93
54,19,35,existence,96.34
32,16,16,debt,95.19
113,15,98,payment,261.6
86,75,11,payment,226.45
52,39,13,existence,131.58
46,25,21,debt,106.45
103,54,49,payment,195.86
95,4,91,payment,251.79
12,11,1,payment,41.03
144,143,1,debt,537.63
31,14,17,debt,86.48
77,21,56,payment,204.46
153,96,57,existence,300.39
98,36,62,existence,184.59
140,137,3,debt,372.95
80,15,65,payment,195.39
15,9,6,debt,36.04
141,88,53,payment,332.89
27,1,26,debt,70.6
55,43,12,existence,169.28
41,27,14,debt,96.81
9,6,3,debt,48.87
80,80,0,payment,251.66
96,82,14,payment,248.33
72,18,54,debt,164.32
75,18,57,debt,129.3
138,58,80,existence,405.16
8,8,0,payment,30.95
47,21,26,debt,119.44
5,1,4,payment,21.79
112,109,3,debt,328.68
91,31,60,existence,157.29
155,116,39,existence,428.81
111,75,36,existence,306.41
87,40,47,payment,252.6
97,18,79,existence,168.69
9,4,5,payment,35.25
8,2,6,payment,18.47
9,2,7,payment,38.8
29,7,22,debt,60.97
73,60,13,payment,196.57
113,71,42,payment,326.67
82,62,20,payment,207.94
48,39,9,payment,149.74
150,68,82,debt,272.35
54,41,13,debt,151.53
35,33,2,debt,85.16
20,9,11,existence,47.55
63,21,42,existence,154.83
24,23,1,payment,82.07
55,19,36,payment,153.84
34,16,18,payment,77.96
113,98,15,payment,366.77
24,10,14,existence,52.56
47,29,18,existence,91.89
46,29,17,payment,110.54
8,6,2,payment,30.95
70,33,37,existence,206.97
103,62,41,payment,287.83
71,40,31,payment,176.39
84,71,13,debt,239.49
122,110,12,payment,447.14
145,140,5,payment,529.2
104,42,62,existence,233.94
92,26,66,existence,181.62
89,89,0,existence,284.26
136,135,1,debt,351.61
75,27,48,payment,171.13
127,56,71,existence,256.37
32,14,18,existence,55.14
147,76,71,payment,272.75
104,55,49,payment,233.56
60,41,19,payment,194.04
87,43,44,existence,162.57
36,13,23,existence,95.76
60,20,40,existence,144.91
45,26,19,existence,127.28
90,37,53,payment,253
18,8,10,existence,38.17
86,84,2,payment,292.15
45,7,38,existence,67.71
18,17,1,payment,59.85
121,31,90,payment,279.83
156,148,8,debt,515.87
106,54,52,payment,352.1
136,57,79,payment,304.71
100,96,4,debt,331.52
123,86,37,payment,272.24
107,58,49,debt,294.74
136,61,75,existence,257.99
131,55,76,debt,371.24
90,60,30,payment,176.59
33,21,12,payment,81.02
89,69,20,debt,195.1
104,6,98,debt,221.84
5,3,2,payment,26.24
23,12,11,debt,75.84
16,4,12,payment,49.51
9,8,1,payment,24.71
143,47,96,debt,282.1
30,9,21,existence,57.75
154,74,80,payment,395.05
106,55,51,debt,247.75
117,83,34,debt,425.55
28,17,11,payment,82.23
10,10,0,payment,40.24
102,95,7,debt,314.67
50,15,35,payment,127.81
90,48,42,payment,269.85
117,112,5,existence,334.08
155,133,22,payment,534.31
153,103,50,payment,476.47
65,1,64,payment,96.79
46,15,31,debt,135.5
2,2,0,debt,26.25
64,33,31,debt,205.73
62,22,40,existence,131.19
36,11,25,payment,101.66
105,62,43,debt,259.76
150,7,143,existence,299.13
22,7,15,existence,62.42
84,10,74,existence,190.03
67,32,35,debt,215.43
29,23,6,payment,102.63
102,20,82,payment,258.92
31,12,19,existence,73.36
36,14,22,payment,99.91
29,16,13,existence,54.77
97,86,11,payment,337.97
36,3,33,debt,93.8
80,49,31,existence,164.46
63,29,34,payment,166.33
75,56,19,debt,204.31
94,75,19,debt,272.79
29,2,27,debt,100.59
98,87,11,existence,270.61
32,17,15,existence,54.26
144,72,72,debt,446.14
54,32,22,debt,152.92
4,2,2,existence,8.53
143,124,19,existence,298.56
15,1,14,debt,47.08
1,1,0,payment,10.41
45,14,31,debt,94.59
140,70,70,existence,390.17
6,1,5,payment,31.51
104,87,17,existence,253.43
13,7,6,debt,58.39
117,9,108,payment,233.34
137,25,112,existence,175.71
62,60,2,existence,140.05
129,61,68,existence,370.13
17,13,4,payment,61.53
136,134,2,existence,461.84
51,43,8,existence,106.75
33,9,24,debt,92.53
68,39,29,payment,160.64
1,1,0,payment,18.89
98,94,4,payment,230.08
29,20,9,debt,96.35
25,15,10,payment,66.8
67,54,13,debt,149.17
93,28,65,existence,176.47
93,71,22,existence,287.81
54,54,0,debt,182.3
28,3,25,debt,71.25
153,78,75,debt,323.29
50,45,5,payment,168.78
120,42,78,debt,265.18
16,13,3,existence,37.89
65,3,62,debt,176.86
103,11,92,existence,147.75
66,34,32,existence,139.01
155,133,22,existence,550.33
157,17,140,existence,364.03
32,25,7,payment,90.85
77,73,4,existence,262.59
100,93,7,existence,263.12
98,59,39,payment,275.39
118,104,14,debt,338.59
44,44,0,existence,115.35
152,37,115,debt,449.89
67,33,34,payment,148.06
126,41,85,debt,186.96
56,2,54,debt,164.13
88,50,38,existence,267.07
52,42,10,payment,153.04
152,25,127,existence,230.87
79,8,71,payment,207.43
66,19,47,existence,127.72
152,118,34,payment,429.18
46,21,25,debt,110.14
103,13,90,existence,219.73
39,20,19,debt,122.39
124,89,35,payment,377.53
31,8,23,existence,56.58
53,8,45,debt,126.89
25,5,20,debt,82.69
66,7,59,existence,168.44
37,34,3,debt,100.83
61,58,3,existence,160.71
111,53,58,payment,276.28
155,78,77,existence,323.1
64,16,48,existence,104.62
4,3,1,payment,21.4
55,35,20,debt,173.63
45,21,24,payment,147.3
106,37,69,payment,204.9
58,13,45,existence,98.25
121,101,20,payment,315.97
100,77,23,existence,298.1
75,73,2,payment,210.03
141,20,121,debt,360.74
26,6,20,existence,59.57
129,58,71,debt,363.95
139,107,32,payment,326.85
57,57,0,payment,185.98
79,53,26,existence,225.45
67,3,64,debt,179.41
6,4,2,payment,18.95
100,63,37,payment,189.03
155,133,22,debt,517.77
22,14,8,payment,71.35
87,84,3,payment,307.85
29,1,28,existence,37.06
29,22,7,existence,73.05
105,38,67,debt,161.43
79,42,37,payment,196.68
123,115,8,existence,279.4
15,9,6,existence,25.82
35,11,24,payment,84.88
106,17,89,payment,180.52
1,1,0,payment,17.22
53,52,1,payment,198.16
2,1,1,existence,4.04
44,18,26,debt,114.45
56,49,7,payment,182.75
94,68,26,existence,175.01
1,1,0,debt,20.14
16,5,11,debt,47.24
76,68,8,payment,214.46
147,65,82,payment,334.38
16,6,10,payment,38.24
37,9,28,payment,68.13
72,15,57,debt,195.87
154,123,31,payment,335.6
56,24,32,debt,189.44
146,107,39,payment,361.16
55,55,0,existence,135.25
145,141,4,existence,347.01
11,3,8,debt,50.85
150,122,28,payment,373.07
68,4,64,payment,103.67
67,34,33,debt,213.11
6,4,2,debt,21.61
67,20,47,payment,111.86
1,1,0,debt,10.79
66,63,3,existence,195.17
55,10,45,debt,121.25
109,72,37,payment,286.96
21,1,20,payment,37.48
104,65,39,debt,197.15
8,6,2,existence,26.65
69,18,51,existence,106.77
28,22,6,debt,85.9
133,1,132,existence,206.63
69,58,11,debt,232.74
12,11,1,payment,44.9
110,43,67,debt,284.64
133,37,96,existence,367.41
102,24,78,existence,196.82
76,26,50,payment,171.19
36,1,35,payment,68.24
22,16,6,debt,80.98
60,4,56,existence,105.72
76,75,1,debt,190.83
59,37,22,payment,129.67
97,36,61,existence,172.04
127,34,93,debt,284.07
73,9,64,debt,201.06
150,94,56,debt,342.28
152,77,75,payment,322.63
118,10,108,payment,304.75
14,9,5,existence,32.64
94,72,22,existence,249.55
130,111,19,debt,275.97
9,8,1,debt,55.61
100,71,29,payment,268.72
77,8,69,debt,157.35
87,59,28,debt,176.85
109,102,7,existence,232.93
21,7,14,debt,70.55
27,17,10,existence,72.68
64,19,45,existence,129.21
136,96,40,existence,411.95
24,24,0,existence,88.53
24,2,22,payment,58.84
123,60,63,debt,233.66
126,36,90,debt,240.39
109,3,106,existence,183.93
6,6,0,existence,16.65
123,18,105,debt,255.57
60,18,42,payment,164.49
70,57,13,payment,177.37
79,21,58,debt,241.48
110,12,98,existence,256.17
5,5,0,payment,20.56
138,31,107,payment,242.37
87,9,78,existence,187.18
59,17,42,existence,139.83
130,83,47,debt,254.95
144,23,121,debt,364.61
53,16,37,existence,114.07
128,87,41,payment,425.68
81,76,5,payment,275.33
30,26,4,existence,95.4
110,108,2,debt,407.3
40,31,9,debt,121.79
135,67,68,existence,371.56
12,8,4,debt,58.29
67,2,65,existence,120.89
148,136,12,existence,453.41
28,21,7,existence,81.64
59,33,26,existence,161.69
50,30,20,debt,123.92
73,2,71,debt,183.63
11,2,9,debt,57.5
88,64,24,existence,293.04
9,7,2,debt,52.3
21,19,2,payment,87.1
157,35,122,debt,412.85
154,118,36,existence,362.69
153,19,134,existence,242.89
14,13,1,debt,64.75
151,28,123,debt,260.03
70,16,54,payment,112.48
149,91,58,debt,460.91
131,68,63,payment,378.86
120,109,11,debt,313.03
123,55,68,existence,352.15
51,26,25,payment,159.85
76,12,64,payment,105.88
36,15,21,existence,70.94
133,58,75,debt,356.22
106,74,32,payment,266.14
104,13,91,existence,187.69
100,83,17,debt,318.16
147,62,85,payment,338.91
114,42,72,payment,252.82
91,19,72,payment,209.09
103,99,4,payment,364.71
122,72,50,existence,287.59
83,72,11,existence,285.18
129,78,51,existence,289.92
112,60,52,existence,275.22
95,26,69,debt,189.39
124,29,95,existence,214.46
86,64,22,debt,266.33
129,25,104,payment,224.97
50,10,40,payment,110.96
59,46,13,existence,153.05
9,2,7,payment,20.01
16,11,5,existence,40.71
109,20,89,existence,265.37
111,74,37,debt,307.01
117,58,59,debt,333.11
124,66,58,payment,398.95
50,41,9,debt,174.73
120,78,42,debt,252.61
88,42,46,existence,177.92
136,60,76,payment,334.41
155,50,105,debt,328.08
13,6,7,existence,20.68
141,121,20,existence,363.02
123,47,76,debt,237.81
89,37,52,debt,226.09
130,110,20,payment,275.39
79,45,34,existence,166.28
108,65,43,debt,337.56
106,81,25,debt,322.29
79,62,17,debt,287.48
153,34,119,payment,333.7
105,34,71,existence,231.42
62,42,20,debt,198.66
113,86,27,existence,350.25
17,2,15,debt,48.68
120,95,25,debt,314.75
148,119,29,debt,436.29
123,70,53,debt,305.63
18,14,4,debt,74.44
102,93,9,debt,221.91
148,15,133,debt,336.85
92,88,4,existence,204.8
95,38,57,payment,207
146,62,84,debt,369.09
85,18,67,existence,163.59
131,51,80,payment,293.22
30,28,2,existence,97.7
142,96,46,debt,443.8
48,41,7,debt,145.68
4,1,3,payment,18.13
55,33,22,existence,165.85
33,28,5,payment,94.08
67,22,45,existence,106.34
14,4,10,debt,30.04
130,101,29,debt,407.18
40,2,38,existence,91.52
45,21,24,existence,134.84
106,93,13,debt,338.54
15,14,1,payment,61.66
102,68,34,payment,306.65
22,2,20,existence,33.7
125,57,68,existence,356.91
31,19,12,existence,79.5
23,12,11,debt,75.89
96,36,60,debt,232.21
91,29,62,debt,201.82
60,50,10,payment,221.19
25,4,21,payment,51.81
41,30,11,debt,109.81
81,49,32,debt,258.21
9,7,2,debt,26.36
138,101,37,payment,338.04
115,84,31,payment,299.96
106,99,7,payment,306.45
19,13,6,payment,66.23
33,8,25,existence,49.86
13,8,5,existence,31.32
47,45,2,debt,153.45
25,9,16,existence,61.22
114,103,11,payment,434.57
64,56,8,payment,169.01
137,71,66,debt,384.45
44,19,25,existence,106.38
29,25,4,payment,92.97
51,32,19,debt,127.35
85,27,58,debt,193.8
136,117,19,debt,458.01
28,26,2,payment,63.11
13,13,0,existence,44.34
101,98,3,payment,340.52
26,9,17,debt,73.47
30,26,4,debt,96.28
86,5,81,payment,230.66
153,22,131,existence,305.57
51,2,49,existence,92.59
150,135,15,existence,409.49
145,99,46,debt,353.88
106,100,6,payment,379.65
140,3,137,payment,346.06
5,3,2,existence,14.62
32,17,15,debt,70.15
107,25,82,payment,289.59
74,63,11,existence,214.71
96,15,81,existence,153.24
40,12,28,existence,73.01
26,25,1,existence,60.72
28,12,16,debt,64.94
58,55,3,existence,178.16
125,51,74,payment,307.89
36,19,17,debt,96.45
106,12,94,debt,201.87
142,27,115,existence,328.12
82,66,16,debt,178
51,4,47,payment,105.33
10,7,3,debt,49.14
77,5,72,payment,117.66
3,3,0,payment,20.29
9,5,4,payment,29.91
80,4,76,debt,206.05
10,9,1,existence,33.53
7,7,0,payment,40.82
154,150,4,debt,358.86
149,58,91,payment,280.57
114,23,91,existence,243.02
51,30,21,debt,153.62
104,30,74,payment,155.33
57,26,31,existence,123.7
157,31,126,payment,387.4
27,12,15,existence,73.03
50,20,30,debt,132.99
107,69,38,debt,337.92
157,42,115,existence,327.74
4,1,3,existence,8.73
119,54,65,existence,353.46
31,12,19,existence,52.29
14,9,5,existence,30.25
73,36,37,existence,152.43
79,59,20,existence,211.66
96,77,19,debt,255.24
23,15,8,payment,67.55
16,9,7,existence,37.15
144,45,99,existence,358.21
153,117,36,debt,426.25
144,118,26,payment,301.55
53,38,15,debt,149.94
100,41,59,payment,280.77
139,102,37,debt,319.69
71,28,43,existence,108.31
94,52,42,existence,248.68
143,56,87,existence,437.12
10,10,0,debt,53.42
72,46,26,payment,194.26
88,42,46,payment,191.68
97,91,6,payment,354.99
128,68,60,existence,369.25
121,30,91,existence,199.35
94,73,21,debt,331.8
69,48,21,debt,181.77
104,73,31,debt,272.43
149,138,11,existence,365.92
123,59,64,existence,287.42
27,10,17,debt,76.46
31,26,5,existence,68.91
92,92,0,debt,232.94
118,115,3,debt,399.42
96,69,27,payment,236.89
139,101,38,existence,430.44
133,41,92,debt,286.98
48,14,34,payment,125.56
48,48,0,payment,146.45
70,10,60,debt,193.32
47,26,21,debt,172.84
58,49,9,existence,149.24
111,5,106,debt,200.63
100,39,61,existence,200.74
113,72,41,debt,256.39
157,50,107,payment,342.82
52,43,9,debt,208.58
65,7,58,debt,183.29
24,11,13,debt,89.43
80,58,22,debt,223.18
57,3,54,debt,130.29
96,54,42,existence,266.69
62,49,13,existence,153.13
77,50,27,debt,218.35
151,18,133,existence,238.8
37,34,3,existence,99.67
141,38,103,payment,312.13
87,8,79,debt,133.58
14,3,11,debt,44.99
113,86,27,existence,226.96
91,12,79,existence,164.74
39,21,18,payment,127.43
79,48,31,debt,228.82
72,49,23,payment,148.24
89,39,50,payment,239.87
137,93,44,debt,269.67
148,127,21,existence,334.88
39,3,36,debt,59.37
41,2,39,payment,68.73
90,59,31,existence,196.56
8,7,1,existence,20.53
97,95,2,payment,283.62
123,53,70,debt,232.39
48,9,39,debt,129.63
77,69,8,debt,194.5
7,5,2,debt,34.8
66,62,4,existence,147.78
47,10,37,debt,141.79
78,25,53,existence,141.35
1,1,0,debt,18.33
39,18,21,debt,108.51
11,11,0,payment,47.57
79,78,1,payment,167.22
62,50,12,existence,197.53
10,3,7,debt,42.18
62,5,57,debt,181.07
80,70,10,debt,271.4
138,15,123,debt,294.42
144,138,6,payment,458.41
100,88,12,existence,319.08
76,75,1,payment,189.47
41,9,32,payment,132.04
34,25,9,existence,100.06
114,33,81,debt,219.8
113,53,60,payment,295.78
57,22,35,debt,143.15
130,67,63,debt,246.11
69,37,32,payment,198.15
102,53,49,payment,255.8
76,74,2,payment,205.11
58,39,19,existence,133.69
36,17,19,debt,103.82
3,1,2,existence,5.08
81,1,80,payment,116.59
39,5,34,debt,107.25
136,113,23,existence,316.59
29,27,2,debt,67.56
115,72,43,existence,283.66
15,13,2,payment,57.98
109,12,97,existence,267.57
79,24,55,debt,176.82
49,26,23,debt,152.75
134,101,33,debt,337.25
150,96,54,existence,438.98
65,59,6,existence,186.9
75,74,1,debt,162.26
26,23,3,payment,84.19
144,29,115,existence,375.49
67,30,37,debt,187
110,53,57,existence,236.24
63,19,44,payment,152.92
108,39,69,existence,213.81
90,20,70,debt,205.97
144,51,93,existence,251.85
17,13,4,existence,51.01
113,3,110,payment,287.85
154,89,65,existence,340.59
93,15,78,debt,170.42
101,45,56,existence,246.93
103,59,44,payment,269.93
64,47,17,debt,200.58
113,30,83,debt,232.65
127,87,40,payment,319.6
100,87,13,existence,226.52
117,51,66,payment,253.68
133,111,22,debt,461.99
26,21,5,debt,106.53
39,2,37,payment,94.69
84,16,68,debt,245.36
37,21,16,debt,127.42
94,46,48,payment,248.4
50,8,42,payment,97.66
99,18,81,payment,197.78
101,52,49,payment,279.47
101,88,13,debt,326.4
92,27,65,debt,236.54
54,15,39,payment,129.94
18,13,5,existence,34.29
155,6,149,debt,368.05
32,11,21,debt,110.13
121,83,38,debt,246.35
71,50,21,existence,157.54
36,9,27,existence,89.68
151,100,51,debt,399.97
76,9,67,payment,133.7
68,62,6,existence,162
59,41,18,debt,206.66
103,77,26,debt,358
106,66,40,debt,330.62
6,2,4,payment,19.09
65,14,51,payment,184.62
108,36,72,existence,190.33
104,16,88,debt,185.23
63,3,60,existence,154.43
153,117,36,existence,404.56
91,19,72,existence,177.74
80,3,77,existence,133.11
50,4,46,payment,119.94
152,115,37,payment,380.47
42,3,39,debt,83.79
126,78,48,existence,376.48
26,9,17,debt,76.92
79,2,77,existence,108.7
29,27,2,existence,90.3
7,1,6,existence,14.95
100,12,88,existence,217.19
113,88,25,existence,368.35
93,70,23,existence,211.62
23,20,3,existence,68.13
17,2,15,payment,42.4
133,107,26,debt,318.17
3,3,0,debt,33.83
120,41,79,existence,301.81
131,14,117,existence,246.39
150,67,83,debt,433.76
58,52,6,payment,148.25
20,10,10,payment,54.37
57,20,37,payment,159.28
4,3,1,existence,12.13
90,22,68,existence,150.63
32,4,28,existence,56.61
53,17,36,payment,152.52
116,82,34,debt,330.61
52,21,31,debt,145.97
139,74,65,existence,264.48
43,3,40,existence,66.86
131,111,20,existence,258.21
124,101,23,debt,276.81
82,33,49,existence,146.1
145,140,5,payment,336.79
20,13,7,existence,45.86
97,56,41,existence,250.03
92,15,77,payment,221.02
139,1,138,debt,257.11
111,72,39,debt,295.44
121,118,3,payment,455.43
143,110,33,debt,499.75
108,48,60,payment,325.23
8,1,7,payment,21.25
70,60,10,debt,222.75
113,27,86,debt,192.99
156,111,45,debt,478.97
34,19,15,debt,92.35
156,29,127,payment,232.33
110,110,0,existence,241.79
124,121,3,payment,251.82
42,14,28,payment,83.93
41,39,2,debt,151.89
114,92,22,existence,371.14
17,9,8,existence,47.41
2,1,1,payment,9.37
128,71,57,existence,316.34
13,6,7,debt,34.44
43,43,0,payment,92.98
126,95,31,payment,268.27
119,103,16,existence,308.75
124,107,17,existence,375.95
101,77,24,payment,212.1
89,34,55,payment,221.26
97,72,25,debt,328.29
13,9,4,payment,43.7
55,33,22,existence,149.67
35,31,4,existence,63.57
94,15,79,payment,151.03
116,58,58,payment,232.38
55,39,16,existence,132.31
110,33,77,debt,245.99
32,5,27,payment,65.46
133,110,23,debt,447.57
87,26,61,debt,228.81
115,6,109,existence,219.61
142,93,49,existence,449.03
21,4,17,existence,41.75
141,39,102,payment,321.4
114,76,38,debt,367.32
61,47,14,debt,172.53
2,1,1,payment,23.19
31,5,26,debt,82.66
39,24,15,debt,118.44
149,42,107,debt,347.86
53,32,21,payment,149.93
87,66,21,payment,218.23
60,19,41,payment,155.77
44,41,3,existence,101.76
99,42,57,debt,195.24
68,34,34,debt,195.97
4,1,3,existence,6.51
133,65,68,existence,272.3
152,95,57,debt,410.07
22,17,5,payment,74.62
85,69,16,debt,277.22
5,2,3,payment,22.46
138,71,67,existence,290.13
84,3,81,existence,106.33
149,49,100,existence,315.68
109,86,23,existence,289.09
122,32,90,debt,205.69
67,58,9,existence,211.8
120,49,71,payment,252.9
101,3,98,debt,172.48
35,2,33,existence,49.76
113,50,63,debt,298.17
41,17,24,debt,127.04
16,5,11,debt,58.19
64,58,6,payment,207.69
6,6,0,payment,34.01
146,28,118,existence,386.91
112,85,27,existence,383.24
104,42,62,payment,283.72
84,58,26,payment,200.18
85,13,72,payment,146.06
14,1,13,existence,26.22
58,22,36,debt,156.18
76,49,27,debt,217.5
74,40,34,existence,176.66
118,54,64,payment,285.89
139,70,69,debt,374.95
92,16,76,payment,236.96
112,86,26,payment,313.27
14,7,7,existence,37.63
129,78,51,payment,313.14
33,19,14,debt,115.23
78,25,53,payment,140.75
91,25,66,payment,195.05
127,21,106,payment,279.65
145,28,117,debt,400.1
133,80,53,existence,282.74
67,21,46,debt,192.11
126,95,31,existence,301.83
117,79,38,debt,361.67
70,29,41,existence,175.41
9,5,4,payment,40.08
152,100,52,payment,479.82
19,13,6,payment,73.37
108,104,4,existence,364.3
129,21,108,payment,358.81
64,20,44,debt,173.96
76,25,51,existence,215.66
123,7,116,existence,312.15
18,17,1,existence,38.7
81,64,17,payment,298.64
149,59,90,payment,345.51
70,8,62,payment,121.04
140,80,60,payment,295.45
41,22,19,debt,106.86
156,103,53,debt,482.96
69,23,46,debt,175.96
121,113,8,existence,266.17
119,71,48,existence,275.96
129,74,55,debt,311.24
105,74,31,debt,246.81
100,23,77,payment,179.41
1,1,0,debt,18.41
67,55,12,existence,175.44
140,15,125,payment,384.41
31,1,30,debt,55.79
52,12,40,debt,112.11
44,26,18,existence,103.12
75,8,67,existence,112.57
2,1,1,existence,4.92
6,5,1,debt,45.84
111,104,7,existence,324.24
5,5,0,payment,24.79
57,20,37,existence,115.11
123,36,87,debt,308.26
123,20,103,payment,292.99
5,2,3,payment,24.49
74,69,5,debt,236.63
14,13,1,debt,46.74
101,52,49,payment,280.33
104,37,67,debt,258.43
112,4,108,debt,227.88
62,17,45,existence,155.5
133,83,50,debt,430.15
133,19,114,payment,266.85
145,102,43,payment,347.46
8,7,1,existence,24.28
126,19,107,debt,274.75
65,14,51,debt,122.15
49,11,38,existence,92.27
36,26,10,debt,112.69
118,31,87,debt,330.75
18,15,3,debt,74.56
69,65,4,existence,174
90,42,48,payment,270.99
59,25,34,existence,156.48
41,17,24,debt,98.85
70,24,46,existence,115.09
47,24,23,payment,96.76
71,1,70,existence,123.6
70,61,9,debt,188.53
88,71,17,debt,321.33
38,1,37,payment,95.43
20,10,10,payment,62.34
62,15,47,debt,156.92
34,24,10,existence,58.99
66,26,40,payment,187.32
66,32,34,payment,150.19
65,46,19,payment,175.86
94,25,69,payment,161.91
109,73,36,existence,324.52
62,13,49,existence,170.81
135,95,40,payment,410.88
152,15,137,payment,348.05
78,27,51,existence,186.29
51,37,14,existence,99.71
18,6,12,existence,26.62
18,1,17,debt,52.59
122,35,87,existence,316.91
75,48,27,debt,189.81
53,44,9,debt,180.52
6,1,5,debt,37.61
49,15,34,debt,149.91
142,137,5,debt,419.46
102,52,50,debt,234.53
125,1,124,debt,180.43
117,108,9,existence,287.73
92,23,69,debt,265.97
124,47,77,existence,205.94
70,18,52,payment,199.82
99,24,75,debt,176.38
79,54,25,payment,239.21
83,77,6,debt,213.88
101,96,5,debt,254.83
77,35,42,payment,192.6
29,9,20,debt,66.94
59,12,47,existence,154.33
13,2,11,existence,34.18
99,61,38,payment,217.47
37,33,4,payment,122.27
25,16,9,debt,94.82
116,3,113,payment,209.77
79,75,4,payment,254.39
95,73,22,debt,326.36
148,56,92,payment,291.92
74,53,21,payment,235.46
95,19,76,existence,207.53
90,54,36,debt,293.87
36,16,20,payment,101.45
75,69,6,payment,196.05
81,57,24,payment,172.62
121,59,62,debt,243.94
56,16,40,payment,169.77
47,13,34,existence,104.57
66,3,63,existence,123.58
155,31,124,existence,326.42
47,6,41,debt,89.08
68,67,1,existence,232.15
64,48,16,payment,220.08
43,8,35,debt,79.86
79,29,50,payment,193.82
8,3,5,payment,24.39
54,43,11,payment,132.51
19,4,15,existence,39.43
121,33,88,existence,226.99
55,34,21,payment,153.34
41,28,13,existence,124.24
2,2,0,payment,14.52
87,66,21,debt,295.78
104,69,35,existence,223.1
78,54,24,payment,207.73
123,28,95,payment,282.44
148,35,113,existence,363.59
97,74,23,debt,313.09
46,4,42,debt,86.25
147,69,78,debt,446.42
131,10,121,existence,218.76
145,116,29,payment,419.33
38,17,21,existence,89.76
19,8,11,debt,47.45
99,46,53,debt,239.03
18,6,12,debt,47.62
126,118,8,existence,377.98
16,2,14,existence,39.08
27,10,17,payment,58.02
55,25,30,payment,155.92
47,22,25,payment,119.5
131,130,1,debt,509.45
26,3,23,debt,50.91
40,35,5,existence,127.45
101,29,72,debt,232.3
33,17,16,existence,67.56
60,54,6,existence,193.21
27,16,11,payment,95.45
108,73,35,payment,333.99
89,18,71,debt,234.1
135,104,31,existence,297.61
130,20,110,debt,354.65
140,63,77,existence,276.54
98,34,64,debt,244.02
11,4,7,payment,27.85
92,38,54,debt,198.32
112,45,67,payment,299.8
157,97,60,debt,457.61
110,24,86,existence,304.07
47,14,33,existence,123.2
64,40,24,payment,167.83
6,2,4,payment,19.28
148,13,135,existence,354.4
126,28,98,debt,266.77
17,13,4,debt,61.49
59,32,27,existence,177.47
123,23,100,payment,270.21
131,113,18,existence,407.79
22,6,16,debt,44.17
31,7,24,debt,93.18
117,77,40,debt,281.54
77,61,16,payment,238.04
97,26,71,existence,235.97
125,9,116,existence,323.14
108,30,78,debt,190.39
59,34,25,payment,167.12
5,3,2,debt,33.73
98,55,43,payment,178.27
54,30,24,payment,176.91
150,135,15,payment,432.85
38,17,21,debt,71.89
36,21,15,existence,72.73
6,6,0,existence,16.22
116,62,54,payment,332.8
155,9,146,payment,270.84
59,24,35,debt,109.55
41,20,21,existence,114.64
9,7,2,existence,23.86
100,19,81,debt,214.47
17,12,5,debt,55.71
27,23,4,payment,85.86
81,32,49,existence,232.58
138,67,71,existence,423.33
89,11,78,existence,198.64
97,14,83,debt,153.04
103,26,77,existence,221.34
69,10,59,payment,192.71
100,83,17,debt,343.65
19,11,8,existence,58.62
121,54,67,payment,276.23
19,12,7,existence,49.84
128,103,25,debt,393.67
124,16,108,existence,206.98
18,14,4,debt,65.34
66,1,65,existence,135.7
143,90,53,debt,403.13
49,20,29,payment,138.9
104,67,37,payment,295.24
87,45,42,payment,217.12
14,6,8,existence,31.35
1,1,0,existence,2.11
2,2,0,debt,22.18
139,128,11,payment,458.6
49,13,36,existence,68.95
35,23,12,debt,114.37
18,18,0,payment,60.06
94,20,74,existence,140.05
106,56,50,payment,220.2
100,55,45,existence,194.89
154,80,74,debt,301.38
44,20,24,debt,114.96
21,10,11,existence,57.36
27,8,19,debt,82.64
144,102,42,payment,474.14
58,19,39,payment,153.98
107,43,64,existence,308.41
10,1,9,payment,34.42
76,58,18,debt,263.9
97,23,74,debt,207.08
128,30,98,debt,291.99
155,37,118,payment,386.84
54,52,2,payment,171.25
43,8,35,debt,78.62
151,73,78,payment,302.79
113,32,81,payment,248
38,26,12,existence,78.77
92,6,86,debt,216.34
20,20,0,debt,76.13
142,34,108,existence,250.35
42,27,15,debt,119.02
135,36,99,payment,296.39
112,109,3,debt,260.68
70,57,13,payment,195.39
139,60,79,debt,438.28
72,71,1,payment,206.92
28,14,14,existence,50.42
71,45,26,existence,155.96
49,37,12,debt,153.39
71,36,35,debt,240.32
10,7,3,payment,30.08
142,66,76,debt,399
144,85,59,payment,299.68
51,41,10,payment,137.56
30,8,22,existence,62.5
38,37,1,debt,156.73
27,4,23,debt,68.72
92,36,56,debt,212.81
39,16,23,debt,126.51
69,2,67,existence,148.67
3,3,0,existence,9.32
104,99,5,payment,370.66
122,23,99,existence,304.94
40,24,16,existence,77.61
25,10,15,existence,52.57
129,108,21,debt,367.69
113,67,46,existence,205.81
61,28,33,payment,163.6
89,37,52,existence,200.5
102,43,59,existence,182.74
114,95,19,payment,315.59
131,59,72,payment,353.95
89,58,31,existence,167.57
32,13,19,debt,79.7
102,17,85,existence,250.01
151,88,63,payment,382.57
125,118,7,existence,283.2
52,44,8,existence,165.11
39,26,13,debt,95.93
12,2,10,existence,16.66
19,1,18,existence,24.05
88,70,18,debt,266.32
86,60,26,payment,247
133,26,107,payment,316.43
106,75,31,debt,330.66
93,22,71,debt,158.43
95,37,58,existence,216.57
104,40,64,debt,199.08
106,92,14,existence,298.12
82,78,4,existence,275.24
84,74,10,payment,251.89
43,10,33,debt,83.05
13,3,10,existence,30.51
34,2,32,existence,81.77
130,116,14,existence,340.96
156,135,21,debt,503.82
104,18,86,existence,147.08
6,6,0,payment,28.68
121,65,56,existence,364.57
6,4,2,payment,25.21
89,86,3,payment,336.89
136,69,67,payment,321.58
115,30,85,debt,188.66
145,19,126,existence,251.5
24,4,20,payment,44.55
81,40,41,existence,222.66
42,14,28,existence,100.88
47,12,35,existence,88.83
40,40,0,payment,83.55
9,4,5,existence,22.84
107,41,66,existence,220.99
56,27,29,payment,187.81
97,34,63,payment,212.22
95,10,85,debt,221.61
61,58,3,debt,196.63
131,82,49,existence,289.97
115,108,7,existence,287.12
2,1,1,existence,3.75
151,95,56,payment,439.52
40,7,33,debt,68.95
103,16,87,existence,229.61
119,103,16,existence,363.51
117,69,48,debt,251.86
18,8,10,existence,48.2
140,114,26,debt,322.59
155,121,34,existence,497.65
97,45,52,payment,196.8
38,9,29,existence,79.66
74,73,1,debt,252.26
138,103,35,payment,463.92
149,106,43,existence,435.92
79,20,59,debt,229.08
48,26,22,payment,130.2
58,55,3,debt,210.89
125,83,42,debt,360.83
89,2,87,payment,133.73
62,59,3,existence,165.54
93,61,32,payment,314.51
154,139,15,payment,440.8
152,57,95,debt,371.29
85,36,49,debt,231.5
60,30,30,payment,151.01
153,52,101,existence,399.16
11,2,9,existence,16.52
153,104,49,payment,451.66
146,105,41,debt,364.8
55,7,48,debt,142.08
108,29,79,debt,301.95
66,25,41,existence,153.27
57,54,3,payment,184.61
73,18,55,payment,139.95
155,61,94,existence,264.77
18,13,5,existence,38.68
78,39,39,debt,227.74
12,2,10,payment,43.43
83,35,48,existence,222.43
44,4,40,debt,87.48
67,51,16,debt,214.11
87,59,28,debt,284
5,1,4,debt,31.72
19,12,7,payment,57.64
38,34,4,existence,115.81
83,66,17,existence,152.97
37,1,36,debt,93.66
3,2,1,existence,7.16
58,29,29,existence,154.21
133,17,116,payment,219.85
64,49,15,debt,182.78
41,11,30,debt,101.64
29,17,12,debt,82.11
76,51,25,payment,255.49
46,14,32,existence,125.58
35,26,9,payment,87.98
19,18,1,payment,50.64
40,28,12,existence,116.36
103,76,27,payment,323.13
3,3,0,debt,18.28
15,13,2,debt,58.72
99,42,57,existence,296.16
4,2,2,debt,33.79
117,34,83,existence,262.44
25,20,5,debt,67.85
13,5,8,debt,47.82
54,52,2,existence,183.73
119,39,80,debt,355.38
61,49,12,payment,190.3
140,77,63,payment,279.72
121,4,117,payment,161.43
31,26,5,existence,101.09
134,88,46,existence,301.83
134,8,126,existence,335.28
23,2,21,payment,43.15
95,56,39,debt,282.71
20,11,9,debt,74.45
31,18,13,debt,93.33
10,2,8,debt,32.2
50,16,34,payment,127.05
110,13,97,payment,235.01
87,19,68,debt,237.51
53,47,6,existence,184.55
76,46,30,debt,215.96
51,1,50,existence,121.92
22,1,21,debt,39.26
118,58,60,payment,355.64
104,21,83,existence,265.77
130,66,64,debt,426.56
110,60,50,existence,284.8
61,33,28,payment,162.83
96,96,0,payment,306.32
7,3,4,debt,31.61
138,52,86,payment,285.66
115,92,23,existence,264.37
151,114,37,existence,442.92
70,32,38,payment,181.56
155,26,129,payment,412.82
66,20,46,debt,166.94
103,24,79,debt,297
124,70,54,payment,270.67
142,126,16,existence,341.16
143,143,0,debt,378.76
20,6,14,debt,59.26
38,38,0,payment,124.92
32,2,30,existence,61.38
28,6,22,debt,82.93
152,121,31,existence,286.45
94,21,73,existence,152.06
9,2,7,debt,27.14
126,104,22,payment,459.77
118,40,78,payment,322.1
145,56,89,debt,239.27
11,2,9,debt,37.86
121,6,115,existence,236.06
85,55,30,debt,302.84
124,117,7,payment,369.89
132,25,107,existence,195.14
66,54,12,payment,167.01
58,30,28,existence,137.96
62,54,8,existence,204.65
55,22,33,debt,114.54
21,17,4,payment,61.38
10,5,5,existence,22.04
95,42,53,existence,197.06
88,76,12,payment,209.68
91,76,15,existence,261.78
120,66,54,debt,328.07
38,11,27,debt,101.89
25,11,14,debt,104.64
136,32,104,payment,222.55
77,6,71,existence,168.69
89,78,11,existence,276.11
44,33,11,debt,146.66
85,13,72,debt,174.68
117,80,37,payment,316.68
146,24,122,payment,398.35
57,16,41,existence,126.71
43,31,12,debt,132.32
64,39,25,payment,150.15
27,3,24,debt,83.77
87,10,77,payment,217.76
148,118,30,debt,422.62
132,75,57,debt,379.11
113,38,75,payment,227.08
115,48,67,existence,326.65
108,24,84,existence,235.71
104,102,2,debt,286.16
18,17,1,payment,59.9
119,11,108,existence,178.87
115,20,95,payment,309.82
77,74,3,debt,259.7
43,41,2,payment,147.83
85,3,82,debt,152.99
23,6,17,existence,56.55
131,7,124,debt,193.04
66,28,38,debt,137.86
41,39,2,existence,131.13
97,25,72,existence,238.06
11,5,6,debt,42.96
25,21,4,payment,95.63
108,85,23,existence,304.05
156,127,29,existence,545.88
146,11,135,debt,321.59
62,9,53,existence,105.8
86,47,39,existence,163.49
31,7,24,debt,69.15
132,42,90,debt,231.56
102,54,48,payment,314.2
2,1,1,debt,15.4
91,72,19,existence,264.88
43,16,27,payment,130.17
120,29,91,existence,283.6
123,35,88,debt,353.42
9,3,6,debt,34.65
49,14,35,payment,117.15
146,85,61,existence,243.68
156,73,83,payment,369.3
64,59,5,existence,164.81
69,53,16,payment,180.5
100,1,99,payment,157.13
82,66,16,debt,236.11
64,30,34,payment,149.77
106,60,46,debt,232.99
66,29,37,debt,150
103,7,96,debt,228.68
112,92,20,debt,341.98
75,64,11,existence,267.06
143,141,2,payment,499.87
67,5,62,existence,169.62
31,1,30,debt,61.86
66,52,14,debt,182.71
66,41,25,debt,148.6
42,35,7,existence,103.03
39,9,30,existence,65.75
60,46,14,existence,134.47
2,1,1,existence,4.04
15,12,3,debt,41.78
92,25,67,debt,250.97
92,37,55,debt,187.63
26,21,5,existence,88.37
23,15,8,payment,64.28
9,2,7,debt,26.86
156,6,150,payment,366.89
39,16,23,existence,104.94
116,7,109,payment,161.24
132,88,44,payment,298.21
95,87,8,existence,293.4
56,19,37,existence,98.6
109,11,98,debt,294.16
74,43,31,existence,237.8
157,84,73,existence,446.55
128,84,44,payment,356.55
135,102,33,debt,337.78
63,14,49,existence,170.86
68,56,12,existence,218.81
109,2,107,debt,268.09
84,14,70,payment,203.21
114,72,42,existence,351.3
148,12,136,existence,271.83
104,49,55,payment,249.45
55,22,33,existence,127.01
93,42,51,existence,170.48
101,41,60,debt,188.81
66,22,44,existence,129.02
24,18,6,debt,97.41
26,7,19,payment,63.88
63,4,59,existence,101
129,83,46,payment,357.42
125,66,59,debt,320.41
11,11,0,debt,35.09
126,65,61,payment,298.14
149,91,58,existence,308.2
61,20,41,debt,140.44
135,17,118,debt,346.62
108,103,5,payment,389.54
42,22,20,debt,114.32
64,15,49,payment,186.6
21,18,3,payment,56.14
148,129,19,debt,402.5
95,64,31,debt,232.69
60,8,52,existence,132.11
141,3,138,payment,236.87
105,37,68,debt,193.87
136,50,86,payment,345
13,5,8,debt,53.62
99,45,54,payment,269.77
70,14,56,payment,125.87
93,41,52,existence,162.69
89,49,40,payment,251.16
110,8,102,existence,229.68
105,104,1,existence,347.53
129,85,44,existence,324.03
84,71,13,debt,289.48
80,41,39,existence,182.91
16,8,8,existence,45.04
17,17,0,existence,38.21
122,9,113,existence,259.76
16,5,11,existence,28.96
51,25,26,existence,102.71
6,3,3,existence,17.79
100,83,17,debt,253.52
75,16,59,existence,173.31
133,113,20,payment,337.83
20,16,4,debt,80.09
86,9,77,existence,221.65
148,109,39,debt,496.7
101,99,2,payment,352.32
23,19,4,existence,80.07
97,28,69,existence,259.32
51,21,30,debt,132.87
69,16,53,existence,147.58
22,14,8,debt,62.65
139,105,34,existence,383.59
29,20,9,existence,82.91
147,32,115,debt,250.62
16,9,7,debt,58.21
18,11,7,payment,66.35
37,5,32,debt,94.21
55,21,34,payment,176.2
122,31,91,existence,284.41
21,20,1,debt,63
38,2,36,debt,59.28
132,77,55,existence,356.16
112,68,44,payment,364.5
145,74,71,payment,365.64
85,68,17,payment,198
149,20,129,debt,351.09
117,74,43,debt,384.85
150,94,56,existence,351.38
78,15,63,payment,195.08
78,44,34,debt,242.54
88,29,59,debt,184.3
146,52,94,existence,301.08
82,27,55,payment,189.3
73,72,1,payment,189.11
123,62,61,debt,377.46
115,82,33,debt,394.9
67,7,60,debt,121.53
57,10,47,existence,133.1
62,19,43,debt,138.34
54,40,14,payment,137.75
32,9,23,existence,57.54
110,26,84,debt,292.64
115,95,20,payment,339
135,121,14,payment,387.57
118,94,24,debt,344.97
63,14,49,debt,123.53
17,9,8,existence,32.97
35,2,33,payment,95.14
115,93,22,debt,363.69
84,38,46,existence,249.36
6,1,5,existence,11.37
120,97,23,payment,219.86
47,39,8,payment,108.38
139,23,116,debt,280.33
79,21,58,debt,220.78
130,72,58,payment,312.71
35,23,12,existence,99.18
108,48,60,existence,216.46
69,45,24,debt,210.19
103,45,58,payment,264.56
148,69,79,debt,374.09
29,15,14,debt,96.66
32,21,11,payment,87.98
157,118,39,existence,406.93
97,20,77,payment,175.02
52,48,4,existence,123.76
108,29,79,existence,205.67
17,12,5,payment,70.8
74,19,55,existence,116.04
111,22,89,debt,199.06
27,22,5,payment,80.32
118,28,90,debt,314.26
10,8,2,payment,36.69
38,32,6,debt,128.24
32,30,2,payment,92.79
152,76,76,existence,354.83
47,27,20,debt,133.47
99,42,57,existence,172.37
64,18,46,debt,186.19
144,102,42,existence,314.58
114,78,36,existence,318.65
136,2,134,debt,219.66
74,72,2,existence,162.39
99,25,74,existence,220.11
55,42,13,existence,151.13
58,7,51,payment,141.59
123,55,68,payment,271.71
24,10,14,debt,55.32
55,43,12,existence,155.84
136,77,59,existence,219.18
121,101,20,debt,436.77
156,129,27,debt,406.85
101,92,9,debt,207.26
126,4,122,existence,289.32
98,96,2,existence,306.49
115,113,2,existence,277.29
32,31,1,debt,111.76
86,5,81,existence,131.42
148,15,133,existence,383.08
145,126,19,debt,335.35
17,15,2,existence,44.76
155,25,130,payment,225.51
20,9,11,payment,59.95
22,17,5,payment,84.43
45,26,19,payment,151.66
120,69,51,debt,249.96
84,60,24,debt,220.12
37,24,13,existence,78.29
49,10,39,debt,142.81
61,32,29,existence,177.94
141,80,61,existence,373.64
13,8,5,debt,51.2
21,6,15,debt,67.53
132,80,52,debt,412.63
113,111,2,existence,384.38
133,47,86,existence,201.73
114,60,54,debt,315.9
118,33,85,existence,254.34
136,118,18,debt,438.16
75,3,72,debt,191.91
115,17,98,payment,192.19
11,2,9,debt,45.23
109,68,41,existence,304.47
123,75,48,debt,385.79
130,35,95,debt,301.79
86,38,48,debt,152.41
146,121,25,existence,346.97
125,107,18,debt,265.82
138,105,33,debt,435.83
3,2,1,payment,18.84
84,82,2,existence,213.16
21,7,14,debt,60.52
125,103,22,existence,326.29
53,7,46,payment,104.24
93,88,5,payment,333.82
64,58,6,debt,235.6
31,14,17,debt,94.93
62,40,22,payment,209.34
33,4,29,debt,93
82,16,66,payment,209.52
4,1,3,existence,7.23
105,37,68,debt,263.66
21,6,15,existence,40.04
106,7,99,existence,181.87
23,12,11,existence,57.06
121,95,26,debt,263.79
7,5,2,existence,15.14
126,3,123,debt,278.21
136,15,121,debt,209.39
122,42,80,payment,177.51
4,1,3,existence,10.64
125,109,16,existence,280.77
149,14,135,existence,198.04
4,4,0,payment,29.34
11,1,10,debt,33.94
65,40,25,payment,153.03
42,23,19,payment,145.64
46,12,34,payment,115.26
103,9,94,debt,251.04
96,31,65,existence,172.8
67,12,55,debt,199.22
2,2,0,payment,12.75
127,98,29,existence,369.26
59,37,22,debt,144.88
70,22,48,existence,181.49
152,75,77,debt,445.78
98,48,50,existence,225.1
49,2,47,existence,119.68
32,16,16,payment,61.73
16,6,10,existence,33.6
78,43,35,debt,244.61
99,88,11,existence,244.52
60,22,38,existence,108.93
152,132,20,payment,508.04
46,23,23,payment,126.89
141,60,81,existence,292.82
104,1,103,existence,182.78
14,6,8,payment,55.25
106,103,3,existence,345.42
61,22,39,existence,125.76
51,39,12,existence,152.92
102,15,87,payment,262.66
150,80,70,payment,258.87
111,70,41,existence,246.52
101,66,35,existence,310.25
66,54,12,debt,204.85
77,13,64,payment,140.16
136,4,132,payment,281.15
151,115,36,payment,407.26
40,39,1,payment,115.56
59,50,9,debt,234.28
22,19,3,existence,71.47
59,2,57,debt,127.36
62,56,6,debt,188.55
80,66,14,existence,185.43
112,2,110,existence,155.96
26,12,14,debt,83.94
107,95,12,payment,387.93
104,93,11,debt,352
8,1,7,existence,10.71
95,81,14,existence,284.19
16,11,5,payment,56.22
130,55,75,debt,391.19
48,36,12,payment,154.85
27,25,2,debt,88.09
20,9,11,existence,59.21
127,102,25,existence,263.6
64,61,3,debt,157.11
153,66,87,debt,279.61
141,92,49,debt,470.76
62,27,35,payment,123.16
108,46,62,debt,290.64
148,116,32,existence,395.89
58,54,4,payment,220.58
157,61,96,debt,381.94
115,80,35,payment,364.19
27,25,2,debt,105.95
130,85,45,payment,330.22
77,73,4,payment,264.37
72,35,37,payment,129.99
53,43,10,debt,184.77
116,7,109,debt,225.51
10,7,3,debt,42.44
127,50,77,payment,249.95
52,28,24,existence,126.24
82,29,53,existence,139.98
48,21,27,payment,133.19
143,82,61,existence,368.59
81,51,30,payment,189.77
27,27,0,debt,89.36
157,64,93,existence,326.1
27,4,23,payment,63.89
123,96,27,debt,439.92
86,51,35,existence,170.02
129,54,75,payment,347.32
152,151,1,existence,367.57
17,10,7,payment,46.61
20,8,12,debt,73.66
113,58,55,debt,294.19
41,37,4,debt,127.11
140,136,4,existence,442.44
18,9,9,existence,30.48
129,97,32,existence,327.58
129,40,89,debt,252.51
36,21,15,existence,101.86
79,5,74,existence,163.38
93,80,13,debt,317.18
32,22,10,existence,97.35
119,59,60,payment,297.61
57,32,25,payment,175.46
154,61,93,payment,430.35
126,89,37,payment,296.03
37,34,3,debt,98.33
11,3,8,existence,21.02
45,26,19,existence,141.06
87,8,79,payment,132.47
149,109,40,existence,391.9
102,77,25,debt,297.35
133,58,75,debt,371.09
141,5,136,debt,347.36
58,11,47,payment,140.05
151,28,123,existence,339.05
101,87,14,debt,345.18
115,92,23,debt,324
148,14,134,debt,261.44
117,98,19,existence,247.91
23,18,5,payment,88.78
61,22,39,payment,113.38
153,81,72,existence,404.77
154,52,102,payment,306.4
105,5,100,debt,185.05
47,20,27,debt,153.23
55,6,49,debt,160.09
11,10,1,payment,42.48
121,117,4,debt,493.72
28,10,18,payment,93.76
127,107,20,existence,421.32
153,146,7,debt,354.48
106,57,49,payment,242.07
31,19,12,existence,52.62
33,13,20,existence,89.98
6,5,1,existence,17.87
102,13,89,debt,221.91
64,50,14,payment,165.04
95,19,76,payment,200.39
80,73,7,existence,187.09
36,3,33,payment,95.95
144,126,18,existence,403.99
63,15,48,existence,173.48
33,31,2,payment,109.82
149,1,148,debt,377.87
92,29,63,debt,186.57
12,2,10,existence,22.62
70,39,31,debt,175.15
64,9,55,existence,122.37
55,2,53,payment,157.17
134,100,34,payment,378.98
74,17,57,payment,170.42
89,83,6,debt,249.88
144,1,143,payment,257.65
103,90,13,existence,264.9
155,121,34,existence,505.36
66,36,30,payment,165.03
15,12,3,debt,57.83
77,17,60,debt,124.58
81,26,55,debt,194.64
121,1,120,existence,249.71
136,62,74,debt,252.26
111,67,44,payment,228.83
73,62,11,debt,216.06
120,21,99,payment,229.69
4,4,0,payment,18.52
54,48,6,debt,133.13
141,61,80,debt,217.88
135,71,64,debt,433.58
1,1,0,existence,3.2
28,28,0,debt,96.04
28,7,21,payment,60.87
43,28,15,existence,124.74
6,2,4,payment,19.65
132,10,122,existence,235.26
156,43,113,existence,258.31
89,19,70,payment,204.93
58,25,33,existence,101.35
146,86,60,payment,398.62
76,26,50,debt,144.28
100,90,10,debt,263.61
21,10,11,payment,45.98
118,29,89,existence,193.09
55,52,3,debt,186.03
100,14,86,existence,184.57
1,1,0,debt,16.25
4,3,1,payment,24.56
44,35,9,debt,135.01
63,17,46,existence,104.41
117,78,39,payment,317.1
15,4,11,existence,31.33
35,22,13,existence,86.88
66,65,1,payment,230.38
46,11,35,payment,137.19
56,37,19,existence,136.04
114,24,90,existence,199.06
51,37,14,existence,159.57
129,112,17,payment,306.61
55,36,19,payment,171.67
147,43,104,payment,307.09
108,52,56,debt,266.13
126,6,120,existence,309.95
43,17,26,payment,123.96
19,17,2,payment,78.82
102,23,79,debt,293.66
41,11,30,existence,106.87
21,21,0,payment,87.87
10,10,0,payment,53.92
139,16,123,existence,270.67
104,12,92,payment,156.14
54,4,50,debt,117.68
52,11,41,existence,95.74
62,57,5,existence,184.61
85,55,30,existence,246.42
33,26,7,debt,109.01
101,46,55,existence,290.31
56,23,33,payment,150.19
126,116,10,existence,391.65
83,71,12,debt,215.79
107,70,37,debt,288.11
96,27,69,existence,222.64
72,59,13,payment,190.61
101,52,49,existence,248.87
64,23,41,existence,118.27
99,72,27,existence,266.7
147,3,144,debt,346.09
38,13,25,payment,86.61
1,1,0,debt,30.8
66,24,42,existence,136.41
80,40,40,debt,198.4
67,19,48,existence,117.47
62,42,20,existence,181.08
12,5,7,payment,45.91
54,45,9,payment,166.09
123,112,11,existence,361.76
110,67,43,existence,236.73
154,27,127,existence,226.35
58,38,20,debt,171.94
89,67,22,payment,245.58
143,51,92,debt,325.36
93,16,77,existence,134.56
54,48,6,debt,137.45
89,77,12,existence,177.8
14,5,9,debt,39.91
114,76,38,existence,289.34
42,33,9,payment,120.69
102,66,36,payment,305.79
106,28,78,debt,309.2
87,38,49,existence,220.61
123,81,42,debt,326.49
34,18,16,payment,105.39
105,15,90,existence,254.48
117,69,48,payment,378.07
134,83,51,debt,319.41
75,17,58,debt,210.9
23,5,18,payment,49.77
118,99,19,payment,347.03
29,28,1,payment,107.77
84,55,29,existence,219.71
123,25,98,existence,250.41
8,5,3,debt,40.59
105,32,73,existence,210.35
63,43,20,payment,214.61
157,135,22,payment,403.17
15,6,9,existence,33.02
12,1,11,existence,15.43
151,79,72,payment,348.78
147,109,38,payment,465.7
53,40,13,existence,106.23
139,136,3,payment,394.62
109,96,13,existence,274.99
88,14,74,existence,141.95
103,59,44,debt,287.27
129,56,73,payment,230.21
18,1,17,payment,33.74
125,16,109,existence,316.13
97,54,43,payment,224.95
149,28,121,payment,403
32,18,14,payment,92.05
53,25,28,debt,148.51
76,43,33,debt,182.06
135,43,92,debt,276.92
136,17,119,debt,340.55
32,28,4,existence,91.22
114,53,61,payment,335.66
136,122,14,debt,438.08
105,44,61,debt,223.63
149,53,96,existence,246.88
58,18,40,existence,101.53
123,5,118,payment,266.91
34,34,0,existence,109.23
124,55,69,payment,306.5
26,20,6,debt,73.15
97,74,23,debt,293.41
143,67,76,debt,330.5
108,36,72,payment,233
91,77,14,debt,201.6
85,67,18,payment,212.31
101,25,76,debt,178.04
78,11,67,debt,169.6
99,90,9,debt,293.84
26,18,8,debt,73.06
77,57,20,debt,162.1
39,24,15,existence,108.69
148,75,73,payment,278.74
95,22,73,debt,227.13
75,35,40,existence,163.32
4,4,0,existence,13.63
84,56,28,existence,200.32
105,105,0,existence,251.29
51,2,49,payment,90.96
90,80,10,payment,328.64
103,24,79,debt,230.57
120,96,24,payment,256.61
15,1,14,debt,45.2
129,118,11,payment,409.3
138,116,22,debt,447.13
82,65,17,existence,224.07
21,11,10,payment,54.81
150,61,89,debt,287.92
65,33,32,existence,187.35
125,25,100,payment,192.05
35,22,13,debt,102.36
68,4,64,debt,160.9
6,1,5,payment,18.15
127,18,109,debt,175.73
3,1,2,debt,20.55
58,26,32,debt,136.38
73,33,40,debt,213.18
117,76,41,debt,286.17
6,4,2,payment,31.03
131,103,28,payment,455.13
59,48,11,existence,188.75
93,71,22,debt,285.63
45,7,38,existence,95.62
139,71,68,payment,244.06
109,105,4,payment,247.64
12,10,2,existence,31.99
101,42,59,existence,258.8
102,5,97,debt,278.67
88,32,56,debt,219.92
38,1,37,debt,89.72
19,10,9,payment,56.39
52,37,15,payment,155.9
2,2,0,debt,33.27
47,25,22,payment,142.58
50,39,11,existence,144.64
96,75,21,debt,348.88
69,29,40,existence,165.49
145,48,97,debt,290.71
113,37,76,existence,241.66
50,35,15,debt,130.86
66,61,5,debt,234.24
95,79,16,payment,304.08
92,82,10,existence,218.61
108,73,35,payment,294.75
100,48,52,existence,254.99
107,15,92,payment,208.16
111,34,77,existence,214.91
62,40,22,payment,123.54
44,14,30,payment,137.05
56,28,28,payment,113.02
30,1,29,existence,57.26
97,79,18,debt,200.14
11,1,10,debt,51.84
132,57,75,payment,260.27
133,62,71,existence,302.89
139,127,12,existence,270.13
156,61,95,payment,297.97
152,120,32,debt,428.72
156,136,20,payment,453.59
57,45,12,payment,133.49
64,53,11,debt,203.54
141,27,114,existence,262.69
71,28,43,debt,170.27
103,67,36,existence,297.8
99,95,4,existence,314.5
2,1,1,payment,16.53
29,21,8,existence,76.9
118,66,52,existence,226.69
3,1,2,debt,26.58
107,63,44,payment,255.91
120,23,97,payment,310.6
95,74,21,existence,246.91
33,16,17,debt,87.14
107,6,101,debt,177.25
6,2,4,debt,43.41
92,4,88,existence,188.5
58,46,12,debt,210.27
128,36,92,debt,314.33
128,122,6,existence,435.42
69,13,56,payment,164.64
17,11,6,debt,41.95
87,18,69,debt,161.35
152,63,89,payment,268.87
156,65,91,debt,454.23
65,35,30,debt,190.2
31,30,1,existence,91.66
101,71,30,debt,280.08
115,9,106,existence,214.58
76,46,30,existence,249.58
76,75,1,payment,229.47
156,82,74,debt,434.25
11,3,8,debt,60.33
120,35,85,payment,312.51
18,6,12,existence,33.21
112,42,70,payment,232.68
36,8,28,existence,59.14
86,70,16,existence,187.12
113,77,36,debt,301.47
5,4,1,debt,38.7
135,129,6,existence,309.34
22,8,14,existence,39.64
127,72,55,existence,266.65
45,25,20,payment,130.08
41,14,27,debt,127.62
148,36,112,payment,219.08
147,33,114,existence,323.99
113,25,88,existence,280.11
45,16,29,existence,113.69
29,26,3,payment,110.82
48,43,5,debt,160.63
125,77,48,payment,342.92
53,24,29,existence,92.65
77,5,72,debt,150.76
100,21,79,existence,184.13
155,13,142,debt,408.94
7,7,0,existence,22.91
120,57,63,payment,201.6
94,55,39,existence,192.7
57,3,54,debt,156.71
154,97,57,debt,426.46
37,30,7,existence,106.85
127,82,45,payment,421.99
155,150,5,debt,493.62
75,51,24,existence,183.64
61,46,15,existence,172.42
4,2,2,debt,32.67
103,17,86,existence,221.94
28,15,13,debt,70.72
27,5,22,existence,59.86
94,80,14,payment,275.02
81,67,14,existence,239.69
90,26,64,existence,189.62
26,19,7,payment,72.22
17,6,11,debt,58.99
118,62,56,debt,282.66
119,105,14,existence,398.52
15,3,12,payment,41.29
140,132,8,payment,495.49
17,2,15,debt,49.72
155,5,150,payment,226.37
94,82,12,existence,260.41
136,34,102,payment,357.82
57,18,39,payment,148.42
133,119,14,existence,423.64
80,28,52,existence,159.55
82,82,0,debt,209.87
53,45,8,debt,195.78
41,3,38,existence,99.24
139,18,121,existence,301.2
109,54,55,existence,185.04
50,29,21,debt,169.59
39,31,8,payment,118.82
39,37,2,payment,104.03
73,68,5,existence,181.08
56,45,11,debt,199.24
79,33,46,payment,236.74
30,19,11,payment,95.11
29,16,13,debt,96.26
81,38,43,payment,167.99
38,20,18,payment,86.05
104,90,14,payment,343.17
111,91,20,payment,291.36
53,35,18,payment,135.56
30,11,19,payment,90.53
71,53,18,debt,217.56
48,1,47,debt,106.89
124,40,84,existence,327.52
30,6,24,payment,56.57
68,6,62,existence,154.28
34,14,20,debt,75.13
71,2,69,debt,103.18
19,1,18,debt,57.44
53,37,16,debt,124.63
90,44,46,debt,178.4
85,53,32,existence,205.94
110,43,67,debt,326.56
148,52,96,existence,319.67
89,77,12,debt,272.92
17,3,14,existence,42.32
6,5,1,payment,25.12
100,65,35,existence,245.81
10,7,3,existence,30.09
58,38,20,payment,131.25
6,3,3,existence,12.88
86,61,25,debt,253.78
107,105,2,payment,243.53
133,123,10,existence,372.2
92,65,27,payment,234.17
129,85,44,existence,309.62
79,2,77,debt,187.55
65,22,43,payment,117.7
29,11,18,debt,85.64
67,16,51,debt,206.6
46,15,31,payment,84.28
51,34,17,payment,155.86
29,25,4,debt,73.27
121,51,70,existence,200.02
136,62,74,debt,402.99
97,93,4,debt,277.63
57,43,14,payment,140.39
95,81,14,payment,246.77
18,13,5,payment,52.67
126,79,47,existence,263.37
40,24,16,payment,125.95
91,32,59,payment,184.32
104,58,46,debt,303.72
27,13,14,existence,64.68
54,47,7,debt,212.91
3,3,0,payment,13.1
89,67,22,existence,186.4
56,44,12,payment,129.88
87,32,55,existence,127.52
115,62,53,payment,231.73
57,19,38,payment,129.12
94,78,16,debt,246.63
103,77,26,debt,310.88
130,105,25,debt,453.48
81,55,26,debt,178.61
52,21,31,payment,146.86
67,7,60,debt,166.01
60,44,16,existence,164.81
112,97,15,debt,300.11
4,1,3,payment,17.52
145,132,13,existence,393.15
116,22,94,payment,231.3
22,3,19,payment,55.12
14,7,7,existence,27.82
142,69,73,debt,311.42
43,34,9,existence,117.77
64,51,13,debt,209.58
3,3,0,debt,27.68
9,4,5,existence,27.09
31,26,5,existence,82.81
115,35,80,payment,193.44
108,102,6,debt,258.41
34,16,18,payment,92.93
65,62,3,debt,178.75
35,16,19,existence,72.89
96,10,86,existence,192.23
134,103,31,payment,407.19
83,61,22,existence,144.79
26,20,6,existence,65.42
9,8,1,debt,48.11
55,20,35,existence,113.06
6,2,4,existence,10.87
20,15,5,debt,83.42
24,24,0,payment,80.31
116,95,21,existence,344.48
48,11,37,payment,87.18
67,6,61,payment,151.88
93,5,88,payment,142.31
22,21,1,existence,57.92
71,50,21,debt,180.94
75,75,0,payment,199.99
7,1,6,existence,13.4
156,5,151,debt,334.1
85,83,2,debt,293.66
125,14,111,debt,242.43
114,102,12,payment,403.34
74,52,22,debt,219.05
113,61,52,existence,304.78
110,49,61,debt,305.93
58,51,7,debt,140.39
1,1,0,existence,2.68
131,57,74,debt,299.96
104,13,91,existence,200.89
94,89,5,payment,256.85
121,108,13,payment,403.95
12,8,4,debt,51.04
82,29,53,payment,141.19
136,80,56,existence,362.15
105,70,35,payment,318.06
147,123,24,debt,450.54
13,5,8,debt,44.31
109,53,56,payment,283.85
89,44,45,debt,196.44
154,62,92,payment,451.58
7,7,0,existence,23.04
100,45,55,debt,308.03
150,113,37,payment,496.53
27,18,9,debt,90.12
105,100,5,debt,350.24
1,1,0,existence,2.83
61,31,30,debt,135.43
89,32,57,debt,206.61
52,2,50,existence,66.45
51,43,8,existence,152.41
25,15,10,payment,70.46
47,2,45,debt,90.78
116,86,30,existence,325.84
13,13,0,debt,66.07
92,21,71,payment,162.15
44,12,32,existence,71.81
127,118,9,debt,409.97
122,58,64,payment,260.16
8,5,3,existence,15.28
5,3,2,payment,16.55
23,11,12,existence,57.96
42,9,33,existence,93.6
148,26,122,payment,370.1
124,114,10,payment,344.29
73,36,37,payment,145.25
29,10,19,existence,48.03
45,22,23,debt,86.54
156,48,108,debt,421.76
64,25,39,existence,122.47
80,4,76,existence,165.49
18,7,11,payment,54.17
112,48,64,payment,211.22
140,18,122,existence,199.6
108,104,4,debt,351.48
9,2,7,existence,12.55
16,8,8,existence,47.28
22,5,17,payment,63.33
83,47,36,debt,250.62
140,99,41,existence,400.14
15,9,6,existence,25.6
62,29,33,debt,141.53
58,12,46,existence,85.79
15,8,7,existence,33.33
1,1,0,existence,2.88
71,49,22,payment,229.28
111,37,74,payment,235.63
66,63,3,existence,240.09
101,65,36,payment,261.94
17,2,15,payment,43.45
131,85,46,debt,447.9
105,98,7,payment,326.81
93,66,27,payment,221.57
110,55,55,debt,284.57
30,30,0,payment,81.74
16,4,12,payment,60.51
49,16,33,payment,76.94
27,14,13,debt,70.42
65,57,8,existence,172.15
150,74,76,debt,416.11
123,49,74,debt,368.61
28,10,18,existence,80.88
30,9,21,existence,65.38
101,62,39,payment,264.06
38,12,26,existence,77.67
58,52,6,payment,168.8
4,4,0,existence,11.74
40,5,35,payment,92.12
38,22,16,existence,93.67
8,4,4,existence,21.15
39,15,24,payment,80.09
62,46,16,existence,194.67
16,2,14,debt,46.05
139,131,8,debt,504.98
84,14,70,existence,143.86
31,21,10,debt,77.57
56,7,49,existence,98.87
140,36,104,existence,305.16
41,38,3,existence,144.96
78,31,47,existence,201.74
25,2,23,payment,69.82
116,94,22,existence,269.8
135,41,94,payment,369.85
23,9,14,payment,58.19
35,8,27,existence,67.87
82,70,12,existence,212.14
3,2,1,payment,21.97
92,46,46,existence,252.8
68,9,59,debt,143.84
153,153,0,payment,453.64
142,36,106,debt,220.49
64,52,12,payment,165.66
125,37,88,debt,269.77
76,12,64,existence,134.74
41,14,27,debt,111.81
130,39,91,existence,305.97
121,85,36,existence,269.97
123,77,46,existence,354.9
87,13,74,existence,169.83
113,43,70,payment,224.71
39,14,25,payment,117.37
119,98,21,payment,351.99
102,72,30,payment,306.07
56,19,37,debt,133.71
63,10,53,debt,136.88
61,52,9,existence,147.7
118,41,77,payment,196.51
100,81,19,payment,263.65
94,79,15,existence,266.01
123,78,45,payment,336.11
77,50,27,debt,186.08
132,79,53,debt,438.97
156,138,18,payment,463.83
30,23,7,payment,115.02
50,36,14,existence,141.4
133,18,115,existence,279.76
31,14,17,payment,80.32
90,59,31,debt,216.71
95,19,76,payment,203.02
17,14,3,payment,62.33
58,41,17,payment,162.4
18,7,11,payment,60.85
75,27,48,debt,160.53
29,15,14,existence,75.99
26,8,18,existence,68.14
62,1,61,existence,143.35
80,77,3,payment,238.35
131,117,14,payment,370.42
131,117,14,payment,351.43
69,43,26,debt,209.39
15,2,13,payment,51.33
64,31,33,existence,195.95
15,11,4,debt,40
108,72,36,existence,331.53
44,15,29,existence,114.39
153,128,25,payment,528.61
103,9,94,existence,162.38
109,31,78,payment,305.92
26,10,16,existence,61.22
106,84,22,existence,371.57
76,20,56,existence,131.99
156,144,12,existence,335.15
84,69,15,payment,257.86
151,85,66,debt,409.96
120,103,17,payment,393.89
8,1,7,existence,11.63
12,10,2,debt,51.56
4,1,3,existence,7.56
85,70,15,debt,254.79
111,103,8,debt,399.09
52,32,20,payment,132.73
37,24,13,existence,86.4
72,57,15,payment,155.92
4,2,2,payment,19.83
40,22,18,existence,124.01
56,46,10,existence,193.41
3,3,0,debt,37.81
127,94,33,debt,356.03
115,67,48,debt,274.3
54,27,27,existence,141.68
47,22,25,existence,90.5
143,14,129,payment,374.97
9,8,1,payment,29.97
50,30,20,payment,164.96
14,10,4,debt,53.09
25,24,1,payment,78.44
16,14,2,payment,54.71
29,14,15,payment,87.76
156,83,73,existence,397.16
58,29,29,payment,155.39
102,83,19,payment,354.21
21,1,20,debt,62.02
65,54,11,existence,187.7
124,11,113,payment,259.2
147,15,132,payment,306.64
136,134,2,payment,348.19
17,13,4,debt,65.83
10,6,4,existence,28.27
148,18,130,payment,220.07
15,3,12,existence,29.3
121,116,5,payment,409.38
16,10,6,debt,70.24
55,33,22,payment,179.28
96,30,66,debt,173.1
54,7,47,payment,112.25
50,11,39,payment,124.8
73,16,57,payment,205.48
117,92,25,payment,380.25
17,5,12,payment,58.83
10,1,9,existence,15.12
46,4,42,existence,68.78
29,28,1,existence,98.66
33,19,14,debt,91.72
103,51,52,existence,204.03
99,78,21,debt,266.13
74,52,22,payment,234.94
91,56,35,payment,234.89
130,21,109,payment,291.66
22,5,17,payment,79.03
128,109,19,payment,422.74
27,11,16,debt,66.9
58,34,24,debt,180.2
78,20,58,payment,124.37
150,42,108,existence,392.84
156,36,120,existence,345.24
148,106,42,debt,470.83
117,48,69,debt,224.2
149,104,45,payment,350.63
141,38,103,debt,324.62
9,8,1,payment,45.38
12,2,10,payment,41.7
46,38,8,debt,168.42
42,41,1,payment,150.51
74,5,69,existence,111.85
48,14,34,payment,95.97
65,56,9,debt,218.06
83,58,25,existence,221.59
157,38,119,existence,341.91
57,36,21,existence,158.3
117,8,109,payment,274.2
140,55,85,payment,366.83
139,132,7,payment,327.1
27,11,16,existence,56.47
9,7,2,existence,27.71
144,30,114,existence,344.65
121,86,35,debt,397.65
88,40,48,debt,255.86
136,49,87,payment,298.39
20,10,10,debt,51.27
112,36,76,debt,318.37
9,2,7,payment,25.33
107,1,106,existence,261.99
78,37,41,payment,176.62
4,1,3,payment,18.2
42,17,25,existence,105.29
41,22,19,debt,103.65
106,20,86,existence,160.04
131,43,88,debt,367.2
65,29,36,debt,211.24
39,35,4,existence,105.89
23,8,15,payment,73.04
118,92,26,payment,330.69
94,52,42,payment,313.97
140,51,89,debt,319.01
74,34,40,existence,120.97
42,22,20,existence,103.51
152,12,140,existence,301.95
37,11,26,debt,103.72
145,7,138,payment,281.54
14,1,13,payment,37.97
58,29,29,existence,137.22
68,8,60,existence,148.92
111,73,38,debt,286.7
38,18,20,debt,85.63
117,73,44,payment,242.76
17,16,1,existence,48.88
30,25,5,payment,106.51
114,95,19,existence,260.62
95,20,75,existence,185.28
94,1,93,debt,176.41
28,17,11,existence,75.42
110,28,82,existence,296.82
90,83,7,debt,276.82
94,24,70,existence,242.08
146,100,46,debt,464.51
28,4,24,payment,62.17
21,5,16,debt,60.73
88,73,15,debt,191.63
111,1,110,payment,241
17,6,11,debt,63.21
53,53,0,debt,166.76
51,5,46,debt,114.72
146,8,138,debt,238.22
44,28,16,existence,117.09
43,15,28,debt,99.54
104,56,48,debt,250.02
138,67,71,payment,305.4
44,16,28,payment,104.68
5,1,4,existence,12.25
108,87,21,existence,248.63
104,94,10,existence,268.22
71,14,57,payment,125.02
63,16,47,existence,152.05
90,33,57,payment,153.63
4,1,3,existence,6.18
113,37,76,existence,275
92,8,84,payment,218.19
106,93,13,payment,259.39
106,57,49,debt,206.69
66,6,60,debt,181.17
104,13,91,debt,233.37
105,80,25,payment,253.51
100,31,69,debt,235.39
46,11,35,payment,89.02
5,4,1,payment,29.96
129,14,115,payment,275.78
30,17,13,payment,94.03
42,14,28,existence,109.94
106,94,12,existence,366.88
144,54,90,payment,338.01
1,1,0,debt,13.36
154,7,147,debt,269.2
26,25,1,debt,90.31
139,15,124,payment,360.69
73,38,35,payment,171.04
151,59,92,debt,434.47
79,26,53,payment,167.45
27,6,21,payment,63.03
155,111,44,payment,322.32
39,23,16,payment,105.43
8,7,1,debt,46.81
129,35,94,payment,252.68
61,2,59,existence,116.46
7,4,3,payment,27.34
72,49,23,debt,193.15
72,60,12,existence,163.94
115,40,75,existence,243.77
49,49,0,existence,162.89
115,115,0,debt,396.99
54,1,53,debt,89.7
149,88,61,debt,456.19
133,16,117,payment,342.38
37,36,1,debt,107.33
82,5,77,existence,178.5
111,50,61,payment,201.33
85,74,11,existence,215.1
139,20,119,payment,360.55
17,3,14,existence,40.46
16,5,11,debt,33.61
17,10,7,debt,50.44
38,12,26,payment,80.74
56,18,38,debt,155.69
72,56,16,existence,234.24
107,62,45,payment,310.87
23,18,5,payment,79.2
60,24,36,existence,113.18
13,1,12,debt,44.26
61,33,28,debt,132.26
145,81,64,existence,344.48
3,1,2,existence,8.49
68,27,41,debt,169.02
149,3,146,existence,319.62
107,87,20,debt,307.87
153,149,4,existence,506.4
56,47,9,debt,198.96
110,76,34,payment,300.7
154,152,2,payment,502.57
137,116,21,existence,377.28
51,6,45,payment,104.18
94,57,37,debt,273.61
81,2,79,existence,198.96
36,25,11,payment,92.86
7,1,6,debt,29.65
115,41,74,existence,263.2
12,7,5,existence,35.82
1,1,0,existence,3.14
5,1,4,debt,30.37
6,5,1,existence,17.28
148,89,59,existence,379.3
154,34,120,existence,277.08
42,8,34,payment,109.02
22,19,3,debt,70.77
27,3,24,debt,64.17
151,129,22,existence,491.2
112,83,29,existence,268.3
86,12,74,payment,231.41
38,28,10,debt,142.23
128,106,22,existence,419.08
81,72,9,existence,170.76
94,34,60,debt,232.13
74,57,17,debt,245.67
42,17,25,debt,127.91
32,24,8,existence,65.16
150,135,15,debt,331.36
122,51,71,existence,332
56,33,23,existence,174.93
137,93,44,debt,304.61
110,57,53,payment,347.15
93,39,54,debt,262.69
86,22,64,payment,169.45
139,86,53,payment,266.5
46,36,10,debt,138.84
145,24,121,payment,273.45
51,21,30,debt,145.69
81,33,48,existence,132.51
12,9,3,payment,39.77
90,51,39,payment,300.69
7,1,6,debt,36.51
42,9,33,existence,73.84
60,27,33,payment,195.34
121,22,99,payment,260.55
141,72,69,existence,329.96
100,81,19,payment,317.25
34,19,15,existence,88.87
116,63,53,payment,234.28
111,4,107,existence,195.89
115,56,59,debt,232.99
35,29,6,existence,110.15
77,9,68,existence,153.71
27,10,17,existence,74.96
48,42,6,debt,157.82
80,70,10,payment,247.06
148,133,15,existence,457.3
144,104,40,debt,416.47
155,117,38,existence,284.77
43,33,10,debt,166.72
34,7,27,payment,71.27
148,138,10,existence,318.08
108,91,17,debt,361.32
16,4,12,payment,39.37
113,16,97,existence,249.98
51,22,29,existence,112.31
45,28,17,debt,157.03
137,3,134,debt,230.05
103,6,97,existence,135.67
15,14,1,debt,61.99
76,43,33,payment,204.21
72,44,28,payment,221.63
27,12,15,payment,58.01
111,97,14,debt,382.73
126,122,4,existence,374.41
6,5,1,existence,14.56
51,34,17,existence,150.63
20,17,3,payment,71.95
112,74,38,payment,271.82
27,18,9,existence,67.88
123,5,118,debt,306.41
6,3,3,debt,26.64
132,32,100,debt,291.67
49,36,13,debt,125.7
74,11,63,existence,121.98
133,128,5,payment,349.78
86,66,20,payment,291.73
96,8,88,debt,208.72
1,1,0,payment,17.84
81,79,2,debt,290.43
127,47,80,debt,278.52
83,21,62,payment,192.01
52,27,25,debt,118.61
97,70,27,payment,298.48
97,88,9,debt,313.59
81,49,32,debt,280.35
100,80,20,payment,318.87
119,115,4,debt,365.51
55,5,50,payment,144.55
8,8,0,debt,33.07
110,8,102,existence,161.65
65,40,25,debt,187.92
41,3,38,debt,116.67
10,7,3,debt,57.63
123,123,0,existence,352.77
120,113,7,existence,411.26
41,41,0,debt,139.07
37,15,22,payment,79.48
127,62,65,existence,256.22
40,12,28,existence,99.04
8,5,3,existence,24.01
44,31,13,payment,120.14
46,16,30,debt,85.24
117,59,58,payment,295.46
57,28,29,existence,136.6
153,75,78,debt,409.26
152,11,141,existence,330.69
59,48,11,debt,234.51
46,21,25,payment,139.88
123,112,11,existence,279.07
63,24,39,debt,141.27
8,2,6,existence,17.4
98,8,90,payment,224.83
47,14,33,payment,118.72
81,6,75,payment,125.83
16,7,9,existence,47.61
35,13,22,existence,64.02
133,23,110,existence,328.35
50,39,11,payment,125.78
81,54,27,debt,188.92
30,29,1,payment,100.54
64,33,31,debt,171.93
114,2,112,existence,184.52
92,69,23,payment,299.57
114,59,55,payment,263.8
123,16,107,existence,281.69
100,88,12,existence,234.72
64,63,1,payment,147.18
62,27,35,existence,128.95
66,27,39,debt,115.68
151,125,26,existence,300.46
86,18,68,debt,157.52
154,28,126,debt,270.35
60,44,16,payment,195.68
152,27,125,existence,407.34
92,80,12,existence,221.61
140,7,133,existence,167.16
108,108,0,debt,238.58
36,24,12,payment,100.71
120,25,95,payment,185.25
18,9,9,debt,61.93
146,41,105,debt,397.59
129,10,119,debt,343.22
74,62,12,payment,244
50,14,36,payment,102.33
45,3,42,debt,135.56
131,65,66,existence,339.44
74,50,24,debt,235.87
17,1,16,existence,39.49
109,99,10,debt,260.04
10,2,8,debt,30.67
115,103,12,debt,295.51
122,53,69,payment,265.18
90,3,87,debt,225.38
59,18,41,debt,147.72
68,58,10,existence,218.93
94,5,89,existence,195.39
92,49,43,payment,224.19
29,24,5,existence,79.97
105,55,50,debt,290.48
70,33,37,existence,207.8
113,38,75,existence,298.2
109,73,36,existence,347.99
28,13,15,debt,81.6
116,18,98,existence,199.57
22,19,3,existence,55.07
29,9,20,existence,58.99
74,17,57,debt,165.25
128,6,122,existence,307.82
121,94,27,payment,346.06
17,12,5,debt,67.95
17,13,4,payment,51.99
49,49,0,debt,137.74
41,22,19,debt,103.16
149,43,106,payment,269.78
98,52,46,payment,169.62
136,65,71,payment,256.09
102,74,28,existence,219.59
123,116,7,payment,406.92
95,68,27,payment,323.81
135,52,83,payment,245.58
17,1,16,payment,42.53
90,18,72,debt,219.6
94,40,54,debt,301.85
77,75,2,payment,223.78
127,33,94,payment,243.12
54,31,23,debt,158.78
12,3,9,debt,47.56
66,2,64,debt,170.42
13,7,6,debt,39.71
131,42,89,existence,360.15
12,10,2,payment,47.49
87,27,60,debt,216.18
105,14,91,debt,202.26
130,8,122,existence,236.22
155,95,60,existence,415.12
115,91,24,payment,359.51
143,56,87,debt,294.34
65,20,45,debt,146.16
147,29,118,payment,393.04
51,31,20,existence,161.54
52,20,32,existence,115.91
16,5,11,debt,47.28
83,73,10,existence,217.64
64,48,16,existence,152.47
150,43,107,existence,229.85
154,97,57,debt,448.57
143,57,86,existence,362.57
116,24,92,payment,303.26
137,48,89,existence,227
30,25,5,existence,92.02
125,92,33,existence,349.53
131,131,0,payment,302.83
16,15,1,payment,49.27
136,87,49,payment,452.08
119,17,102,payment,270.3
82,80,2,payment,224.05
137,62,75,existence,255.93
16,5,11,debt,64.18
55,52,3,existence,169.34
107,77,30,existence,236.82
40,22,18,debt,135.95
8,1,7,payment,25.81
88,14,74,debt,200.03
4,2,2,payment,30.13
108,97,11,existence,253.44
155,12,143,debt,293.5
125,15,110,debt,199.83
133,73,60,payment,413.21
128,73,55,payment,382.59
1,1,0,debt,23.32
36,34,2,existence,112.73
42,40,2,debt,112.45
41,33,8,payment,128.17
118,66,52,payment,278.11
142,132,10,payment,372.93
18,12,6,payment,67.16
54,6,48,payment,82.71
106,52,54,payment,221.35
133,3,130,payment,338.45
78,8,70,debt,216.85
114,15,99,payment,195.37
43,12,31,debt,110.3
21,18,3,payment,75.97
20,20,0,existence,47.37
36,8,28,debt,106.01
84,19,65,existence,173.7
37,7,30,existence,72.74
122,6,116,payment,253.49
44,38,6,existence,154.59
69,43,26,debt,217.38
123,44,79,existence,233.73
74,14,60,debt,154.96
55,43,12,existence,165.24
39,11,28,debt,94.32
35,13,22,debt,108.6
123,9,114,existence,259.86
65,6,59,payment,104.97
6,4,2,debt,25.48
26,17,9,debt,73.64
71,25,46,existence,121.33
33,33,0,payment,79.29
121,108,13,existence,383.98
148,63,85,debt,373.67
68,14,54,debt,125.32
35,16,19,existence,75.59
90,14,76,payment,142.09
147,85,62,debt,425
14,13,1,debt,51.91
56,22,34,debt,152.25
148,35,113,payment,327.86
15,1,14,payment,40.79
89,21,68,existence,143.04
145,17,128,existence,361.14
12,7,5,debt,36.56
148,92,56,existence,476.23
62,3,59,payment,91.7
3,3,0,existence,6.59
115,35,80,existence,172.29
53,14,39,debt,144.51
133,124,9,debt,376.6
93,5,88,existence,216.29
109,95,14,existence,339.63
154,84,70,debt,486.93
22,13,9,debt,64.96
136,49,87,payment,267.93
139,116,23,existence,430.68
12,6,6,existence,27.98
68,19,49,existence,177.14
152,119,33,existence,480.26
55,36,19,existence,131.12
129,40,89,existence,293.05
31,3,28,existence,40.88
76,45,31,existence,153.54
63,30,33,existence,146.49
30,7,23,existence,66.78
87,82,5,debt,289.8
67,60,7,debt,217.1
33,21,12,debt,117.7
47,6,41,debt,100.14
32,32,0,existence,78.12
30,6,24,payment,54.51
5,5,0,payment,27.92
73,39,34,debt,166.24
42,18,24,payment,84.72
27,6,21,debt,71.33
81,2,79,payment,194.9
120,4,116,payment,231.16
100,99,1,debt,379.23
122,121,1,debt,362.01
126,44,82,debt,273.2
52,6,46,existence,128.72
133,112,21,existence,405.9
71,52,19,existence,165.21
133,83,50,payment,295.64
16,13,3,payment,51.05
136,96,40,payment,479.78
5,1,4,payment,15.88
69,55,14,debt,255.3
80,23,57,debt,233.38
101,13,88,debt,220.05
20,18,2,payment,60.24
103,54,49,existence,195.73
79,11,68,payment,146.43
111,10,101,debt,203.33
93,20,73,payment,251.26
98,48,50,debt,257.57
106,71,35,debt,304.48
1,1,0,existence,2.83
2,1,1,existence,5.11
85,73,12,payment,195.05
51,38,13,debt,172.48
47,19,28,debt,110.08
74,28,46,debt,236.01
97,47,50,debt,214.65
55,34,21,payment,121.96
102,57,45,existence,256.42
119,68,51,payment,369.75
132,109,23,existence,419.41
111,37,74,existence,300.53
151,98,53,payment,290.47
51,4,47,payment,113.27
80,72,8,debt,213.34
86,6,80,existence,116.68
150,35,115,debt,249.13
55,37,18,existence,158.88
113,18,95,debt,276.38
54,25,29,debt,159.84
101,87,14,existence,285.64
72,48,24,existence,161.45
103,56,47,payment,188.63
112,55,57,payment,321.03
62,20,42,payment,139.56
51,16,35,existence,125.81
12,10,2,existence,29.38
48,47,1,payment,185.59
136,107,29,payment,396.24
143,28,115,existence,256.55
87,22,65,payment,189.22
107,98,9,existence,356.35
150,30,120,existence,302.7
109,41,68,payment,314.4
56,43,13,existence,112.37
8,2,6,payment,26.33
128,96,32,debt,370.29
46,34,12,existence,107.2
77,23,54,payment,149.94
36,35,1,debt,139.75
42,27,15,payment,135.32
110,27,83,debt,191.21
78,28,50,payment,141.14
108,77,31,debt,286.27
54,33,21,existence,136.47
22,14,8,existence,44.83
44,42,2,payment,150.93
19,14,5,debt,57.2
55,33,22,payment,178.59
47,9,38,debt,131.87
41,23,18,existence,112.63
17,17,0,existence,60.02
17,7,10,existence,51.89
76,58,18,debt,231.99
74,19,55,existence,200.53
143,65,78,debt,326.57
45,31,14,payment,120.65
57,30,27,payment,175.75
127,84,43,payment,433.39
94,39,55,debt,244.21
22,14,8,payment,66.88
16,4,12,existence,40.23
72,6,66,existence,88.93
54,45,9,payment,142.4
31,4,27,payment,52.06
129,85,44,payment,397.04
91,89,2,debt,265.83
17,9,8,payment,50.01
79,45,34,payment,237.71
66,36,30,debt,184.92
53,11,42,debt,137.15
40,25,15,payment,128.63
48,34,14,debt,117.34
89,40,49,payment,257.56
54,20,34,payment,125.09
156,40,116,existence,260.68
77,24,53,existence,138.91
74,27,47,existence,165.3
102,71,31,debt,344.37
39,38,1,debt,128.09
40,39,1,existence,122.38
69,54,15,payment,211.43
45,9,36,existence,95.78
118,4,114,existence,212.32
6,2,4,payment,22.69
105,45,60,payment,251.37
103,56,47,existence,301.6
103,78,25,existence,312.53
136,69,67,debt,355.15
102,73,29,debt,273.42
62,1,61,existence,113.27
15,5,10,debt,45.95
100,92,8,debt,222.88
86,19,67,existence,147.48
88,39,49,debt,243.91
42,9,33,payment,112.97
140,102,38,payment,362.06
69,31,38,debt,143.87
42,16,26,existence,114.05
7,4,3,existence,17.53
138,108,30,payment,432.56
74,64,10,payment,221.71
12,8,4,debt,60.18
21,20,1,existence,45.85
20,10,10,existence,56.1
101,83,18,existence,256.88
128,87,41,existence,312.37
39,21,18,debt,114.47
127,94,33,debt,300.79
150,115,35,debt,355.47
121,83,38,payment,293.37
95,28,67,payment,166.45
81,78,3,debt,216.57
34,27,7,debt,107.47
102,42,60,payment,239.89
19,4,15,payment,39.91
83,46,37,debt,240.22
89,52,37,payment,239.11
105,84,21,existence,239.86
107,41,66,debt,317.34
99,15,84,payment,187.67
9,5,4,payment,30.97
2,2,0,payment,12.27
18,13,5,existence,51.87
75,1,74,payment,140.29
109,58,51,debt,192.89
154,136,18,existence,411.98
79,44,35,payment,200.81
125,122,3,existence,386.78
41,4,37,existence,93.37
82,77,5,payment,230.23
65,38,27,debt,202.04
56,51,5,existence,139.42
134,68,66,payment,421.78
67,45,22,existence,199.98
101,51,50,existence,278.76
22,11,11,payment,58.11
150,1,149,payment,321.48
145,76,69,existence,422.58
134,125,9,payment,387.21
76,54,22,payment,163.53
52,10,42,existence,135.43
35,17,18,debt,105.46
35,5,30,debt,104.5
104,74,30,existence,293.34
31,25,6,existence,72.71
66,35,31,payment,166.38
20,12,8,payment,76.37
132,93,39,payment,359.02
144,142,2,debt,542.96
118,86,32,debt,363.13
75,40,35,payment,191.13
148,110,38,debt,448.17
148,81,67,existence,283.12
79,18,61,existence,154.2
143,125,18,payment,387.13
134,117,17,debt,426.79
140,33,107,debt,263.03
31,26,5,existence,87.42
57,17,40,payment,98.72
110,100,10,payment,338.33
135,131,4,existence,456.31
41,14,27,payment,88.07
64,29,35,existence,120.12
72,29,43,debt,231.58
113,51,62,existence,245.96
17,6,11,payment,35.76
52,52,0,existence,147.17
132,62,70,payment,351.94
14,8,6,payment,49.56
96,8,88,existence,143.12
148,32,116,debt,337.18
47,11,36,debt,100.25
33,8,25,existence,88.97
95,91,4,debt,304.24
87,11,76,existence,131.02
10,8,2,existence,31.66
84,15,69,existence,173.99
22,18,4,payment,77.64
120,30,90,debt,335.98
87,49,38,existence,193.16
83,57,26,payment,158.42
148,93,55,payment,378.6
109,106,3,debt,362.88
62,8,54,debt,97.7
154,39,115,payment,260.67
19,8,11,existence,56.66
4,4,0,payment,25.01
110,20,90,payment,270.74
113,32,81,debt,317.75
41,2,39,existence,92.53
124,45,79,existence,269.19
35,8,27,existence,53.06
88,87,1,existence,207
117,66,51,payment,309.2
21,7,14,payment,68.03
100,47,53,debt,264.82
46,10,36,payment,123.29
93,90,3,existence,172.43
51,41,10,existence,143.22
78,20,58,payment,207.78
33,2,31,payment,80.01
22,4,18,existence,48.74
51,20,31,existence,126.02
7,6,1,debt,28.8
67,5,62,existence,122.31
29,23,6,existence,88.27
44,3,41,payment,85.89
157,134,23,existence,412.53
82,38,44,existence,221.34
101,64,37,payment,254.67
73,16,57,existence,190.31
45,41,4,debt,159.5
57,23,34,existence,103.21
109,17,92,payment,226.18
35,35,0,existence,70.74
133,54,79,debt,342.34
135,1,134,existence,324.79
122,67,55,existence,282.15
144,2,142,debt,297.08
113,93,20,debt,280.67
56,30,26,existence,100.66
137,2,135,existence,189.69
116,85,31,existence,270.65
42,38,4,payment,130.59
155,16,139,existence,199.88
106,12,94,existence,247.05
70,65,5,existence,203.95
3,1,2,debt,35.58
88,20,68,debt,240.95
117,115,2,payment,352.01
106,27,79,existence,236.73
117,53,64,existence,248.3
5,5,0,payment,35.93
126,125,1,payment,409.8
87,22,65,existence,213.88
1,1,0,payment,10.71
16,15,1,existence,46.17
46,37,9,existence,111.98
7,3,4,payment,25.45
52,9,43,debt,167.13
139,126,13,debt,444.7
122,10,112,debt,298.53
124,76,48,payment,321.19
12,4,8,payment,35.96
75,32,43,existence,194.51
55,20,35,payment,113.54
67,27,40,debt,130.31
113,26,87,payment,191.71
64,21,43,payment,145.94
7,3,4,debt,42.83
108,12,96,payment,283.03
154,126,28,payment,381.79
86,2,84,existence,187.71
138,85,53,debt,452.9
53,21,32,existence,131.54
10,8,2,debt,38.52
30,15,15,debt,87.47
68,58,10,debt,253.79
87,73,14,payment,224.88
136,64,72,payment,337.07
83,11,72,payment,136.64
77,22,55,debt,214.95
125,90,35,payment,294.85
136,11,125,payment,309.82
6,2,4,debt,37.53
138,137,1,existence,469.19
107,90,17,existence,313.97
65,2,63,payment,93.05
95,45,50,existence,193.85
125,49,76,payment,380.98
143,143,0,existence,487.94
142,95,47,payment,291.14
31,27,4,payment,80.11
73,41,32,existence,122.41
74,51,23,payment,165.62
94,94,0,existence,207.69
100,61,39,payment,225.7
50,31,19,debt,151.16
124,83,41,debt,316.98
33,14,19,debt,97.07
10,2,8,existence,21.77
73,3,70,debt,170.06
68,11,57,debt,144.93
125,39,86,payment,346.76
45,34,11,existence,140.18
145,93,52,existence,297.06
73,67,6,payment,226.21
44,4,40,payment,89.94
137,49,88,debt,307.93
147,123,24,existence,513.23
75,59,16,debt,207.1
63,28,35,existence,122.21
120,8,112,debt,235.17
133,98,35,existence,277.26
72,24,48,payment,215.56
105,80,25,payment,289.06
148,17,131,debt,403.96
154,11,143,existence,229.17
45,18,27,payment,127.78
145,3,142,debt,264.96
73,3,70,debt,156.24
19,13,6,payment,54.83
4,2,2,existence,8.69
86,43,43,debt,259.81
87,16,71,payment,196.38
128,73,55,existence,307.51
87,79,8,existence,280.02
34,26,8,debt,109.52
20,20,0,debt,89.06
133,100,33,existence,457.46
58,28,30,payment,111.08
3,3,0,debt,27.46
146,140,6,existence,433.49
3,2,1,payment,18.49
99,69,30,debt,272.43
84,56,28,payment,214.4
22,16,6,payment,80.65
150,127,23,debt,437.41
26,11,15,payment,69.57
48,29,19,debt,148.22
3,3,0,debt,17.32
150,46,104,existence,279.56
27,17,10,payment,70.82
43,27,16,existence,111.87
109,53,56,existence,308.98
19,19,0,payment,60.27
154,126,28,existence,485.91
114,53,61,existence,285.67
103,85,18,existence,286.49
29,21,8,existence,83.8
50,4,46,debt,129.34
24,20,4,debt,73.04
129,99,30,payment,351.7
108,10,98,debt,213.75
12,11,1,existence,31.61
79,15,64,payment,209.98
118,32,86,debt,234.82
77,49,28,existence,196.64
35,11,24,existence,59.19
69,50,19,existence,156.25
128,42,86,payment,282.52
155,5,150,payment,268.87
32,28,4,payment,90.52
7,5,2,debt,35.65
146,44,102,debt,272.67
37,36,1,payment,148.6
30,29,1,existence,104.58
82,31,51,existence,194.5
72,57,15,debt,230.39
140,124,16,existence,337.14
154,51,103,existence,401.53
33,7,26,existence,71.96
82,60,22,existence,235.92
139,77,62,payment,424.16
111,78,33,debt,302.01
89,82,7,payment,266.16
120,41,79,debt,193.21
141,65,76,debt,255.95
71,55,16,existence,177.08
108,98,10,debt,314.35
63,28,35,existence,172.27
83,30,53,payment,143.76
155,124,31,existence,492.17
51,14,37,payment,104.39
9,5,4,existence,19.22
98,35,63,payment,233.23
86,79,7,payment,294.1
127,70,57,existence,223.7
127,111,16,debt,405.51
7,3,4,existence,17.64
77,53,24,existence,229.9
124,119,5,debt,378.58
139,132,7,debt,391.41
27,16,11,payment,92.34
66,14,52,existence,111
82,80,2,debt,270.58
129,33,96,debt,365.31
143,25,118,payment,205.01
114,31,83,debt,192.43
156,14,142,debt,339.61
14,8,6,existence,43.69
157,94,63,payment,338.02
96,46,50,payment,276.87
36,28,8,payment,92.84
129,41,88,existence,326.55
17,16,1,existence,57.72
87,30,57,existence,206.48
47,26,21,payment,144.28
95,93,2,debt,215.91
82,12,70,debt,151.62
11,9,2,payment,40.21
124,121,3,debt,361.76
56,26,30,payment,167.43
139,60,79,existence,323.32
67,54,13,payment,231.08
23,16,7,payment,71.33
62,31,31,payment,175.53
155,70,85,debt,313.57
136,107,29,payment,307.01
53,35,18,debt,171.68
40,9,31,existence,81.16
135,35,100,payment,294.23
31,29,2,payment,91.89
11,8,3,debt,45.45
41,33,8,existence,109.47
111,69,42,existence,317.38
90,88,2,debt,282.69
133,12,121,existence,327.06
5,5,0,debt,36.05
150,33,117,debt,366.29
20,20,0,debt,74.09
78,49,29,debt,195.98
12,11,1,existence,27.67
130,1,129,debt,178.19
91,10,81,payment,153.69
109,55,54,existence,227.7
128,23,105,payment,318.54
17,4,13,debt,45.24
48,29,19,debt,143.52
43,32,11,payment,93.63
138,129,9,debt,441.27
43,8,35,existence,84.19
100,27,73,debt,279.15
58,7,51,payment,85.4
149,14,135,debt,268.31
141,8,133,payment,309.76
107,4,103,debt,191.61
81,5,76,payment,156.97
151,72,79,existence,294.88
109,84,25,existence,223.31
149,84,65,debt,413.62
32,21,11,existence,72.7
80,53,27,debt,234.37
72,13,59,debt,164.19
113,43,70,payment,347.89
148,138,10,payment,368.16
14,5,9,existence,28.69
156,132,24,debt,479.53
145,1,144,payment,195.85
125,113,12,existence,362.94
113,113,0,existence,338.15
100,47,53,payment,289.82
124,11,113,debt,327.99
123,1,122,existence,289.69
121,67,54,existence,245.17
84,7,77,existence,174.31
45,19,26,debt,125.21
48,45,3,debt,134.4
69,55,14,payment,217.66
6,5,1,payment,25.73
87,35,52,payment,249.87
61,8,53,debt,139.9
20,2,18,debt,34.86
23,5,18,debt,83.15
114,106,8,payment,395.31
56,18,38,payment,142.82
4,1,3,debt,19.86
4,1,3,payment,13.8
35,7,28,existence,69
141,85,56,payment,398.28
92,30,62,debt,159.65
139,116,23,debt,346.67
16,4,12,debt,60.28
8,3,5,debt,50.38
72,19,53,payment,163.96
96,41,55,debt,267.13
148,147,1,existence,418.93
148,139,9,debt,415.54
117,16,101,existence,208.69
63,62,1,existence,198.1
64,27,37,payment,133.96
45,42,3,payment,167.35
30,14,16,existence,55.99
152,31,121,debt,428.54
53,14,39,existence,97.24
43,9,34,existence,83.32
114,79,35,debt,405.8
106,41,65,payment,285.38
37,25,12,payment,79.62
65,25,40,existence,185.28
78,64,14,debt,228.21
33,30,3,existence,112.95
151,103,48,payment,415.37
91,62,29,debt,279.05
51,46,5,debt,137.23
66,14,52,payment,135.55
41,40,1,payment,139.23
92,38,54,existence,211.61
113,72,41,existence,373.65
32,21,11,payment,99.07
86,82,4,existence,311.62
10,3,7,payment,43.61
117,96,21,payment,287.07
25,7,18,payment,84.07
109,82,27,existence,300.19
26,13,13,payment,76.95
20,19,1,existence,73.01
64,5,59,debt,159.53
146,69,77,existence,401.43
126,106,20,payment,381.37
66,7,59,existence,152.16
83,80,3,payment,245.02
125,102,23,debt,436.12
82,16,66,debt,181.66
2,1,1,payment,23.73
10,6,4,payment,34.08
96,28,68,existence,202.2
65,12,53,existence,158.2
43,41,2,payment,109.02
124,1,123,payment,220.85
95,92,3,payment,349.86
91,43,48,existence,275.55
123,42,81,payment,306.02
110,67,43,payment,300.89
40,34,6,existence,124.18
128,40,88,debt,318.03
95,11,84,debt,144.86
80,5,75,existence,144.73
35,28,7,existence,98.7
39,33,6,debt,99.61
155,30,125,debt,359.44
6,3,3,payment,32.52
102,83,19,payment,257.18
48,28,20,payment,123.92
15,10,5,payment,52.82
57,17,40,payment,124
70,10,60,existence,120.04
43,40,3,existence,89.2
47,16,31,payment,139.02
137,11,126,payment,242.3
9,5,4,debt,38.02
134,69,65,debt,241.11
124,114,10,debt,248.07
60,41,19,existence,131.47
82,59,23,payment,206.66
104,91,13,debt,272.77
14,3,11,payment,45.09
1,1,0,debt,24.12
90,72,18,existence,227.03
64,55,9,payment,150.62
156,108,48,debt,538.73
115,40,75,existence,246.46
20,9,11,payment,67.77
113,11,102,debt,263
122,115,7,debt,336.72
8,2,6,payment,32.26
96,72,24,payment,223.89
110,104,6,existence,323.21
75,66,9,payment,152.81
116,70,46,existence,280.71
135,44,91,debt,260.41
92,81,11,payment,233.77
97,64,33,existence,263.67
43,39,4,debt,124.84
80,54,26,payment,203.31
131,74,57,existence,367.89
8,7,1,payment,30.3
86,56,30,payment,264.76
65,40,25,debt,159.71
141,124,17,debt,472.45
62,34,28,payment,204.8
135,5,130,debt,369.86
6,6,0,payment,22.03
95,2,93,existence,157.56
150,9,141,payment,274.13
152,104,48,existence,363.13
84,1,83,payment,144.78
122,15,107,payment,203.01
120,79,41,debt,380.7
126,49,77,payment,292.2
143,89,54,debt,387.61
113,73,40,payment,356.67
62,42,20,debt,161.71
65,41,24,existence,185.46
105,88,17,existence,231.08
122,27,95,debt,332.12
38,29,9,payment,143.44
80,42,38,payment,189.28
12,8,4,existence,36.63
143,118,25,debt,386.19
8,2,6,payment,27.39
98,11,87,debt,244.19
60,32,28,debt,182.09
16,3,13,existence,22.99
43,32,11,payment,132
150,86,64,debt,370.87
9,8,1,debt,40.62
126,38,88,payment,299.79
2,1,1,payment,15.41
147,110,37,debt,307.56
154,94,60,existence,319.88
51,38,13,debt,157.36
121,80,41,existence,302.9
47,18,29,debt,141.82
95,54,41,payment,218.18
131,131,0,debt,391.76
46,34,12,debt,166.33
48,13,35,payment,73.05
5,2,3,debt,19.84
9,2,7,payment,39.15
10,9,1,payment,49.15
26,4,22,debt,75.94
6,2,4,payment,20.23
154,54,100,payment,361.57
154,56,98,existence,433.77
155,107,48,existence,267.85
11,11,0,payment,37.1
93,32,61,debt,200.69
29,28,1,payment,108.12
56,36,20,existence,129.2
150,132,18,payment,435.45
4,2,2,existence,11.16
16,14,2,payment,44.6
134,39,95,debt,211.84
64,5,59,existence,140.94
20,13,7,payment,61.27
99,41,58,existence,212.34
62,55,7,payment,196.06
140,101,39,debt,473.73
107,78,29,existence,224.63
12,6,6,debt,48.42
64,32,32,payment,133.4
95,41,54,existence,245.58
119,88,31,debt,452.24
62,5,57,payment,152.65
7,2,5,existence,13.07
18,6,12,existence,49.84
20,2,18,existence,31.77
77,67,10,payment,234.36
82,45,37,payment,201.77
139,3,136,debt,197.37
114,58,56,payment,263.02
128,82,46,payment,343.12
112,68,44,existence,301.03
44,44,0,existence,116.4
106,75,31,existence,229.85
2,1,1,debt,17.75
99,3,96,payment,178.45
153,34,119,payment,359.54
157,29,128,existence,237.28
157,135,22,payment,360.38
120,52,68,existence,312.61
54,19,35,debt,174.4
132,39,93,debt,205.21
28,9,19,payment,53.26
144,104,40,debt,443.01
61,36,25,existence,179.55
98,51,47,debt,190.17
69,29,40,payment,207.38
126,110,16,payment,366.98
134,111,23,debt,367.78
90,85,5,existence,224.36
123,6,117,debt,287
139,113,26,debt,295.89
129,112,17,existence,386.92
131,62,69,debt,373.87
54,13,41,debt,148.6
91,77,14,existence,242.36
57,39,18,payment,159.61
23,10,13,payment,64.84
138,132,6,debt,555.82
102,6,96,payment,135.38
132,93,39,existence,308.87
26,4,22,existence,45.98
61,58,3,existence,195.11
88,2,86,existence,106.89
22,20,2,payment,80.36
139,81,58,debt,419.22
86,63,23,debt,324.33
82,55,27,payment,157.61
15,1,14,existence,24.19
140,24,116,existence,306.97
86,13,73,existence,161.84
47,35,12,payment,142.06
41,24,17,payment,116.4
89,82,7,debt,299.06
130,36,94,debt,342.78
47,14,33,debt,109
35,15,20,existence,77.36
16,16,0,existence,42.77
80,61,19,existence,158.68
13,9,4,debt,68.34
13,4,9,existence,20.74
91,82,9,existence,276.47
45,5,40,debt,90.04
70,26,44,payment,212.22
67,36,31,existence,176.06
139,87,52,debt,331.07
7,6,1,existence,21.96
63,57,6,debt,177.2
44,4,40,existence,93.18
121,57,64,debt,356.17
23,12,11,debt,65.4
129,115,14,existence,419.85
62,17,45,debt,111.32
42,38,4,payment,113.68
147,110,37,debt,326.31
23,21,2,payment,88.23
102,61,41,debt,278.87
54,8,46,debt,109.19
60,10,50,payment,141.36
58,47,11,payment,162.09
51,29,22,payment,93.88
37,14,23,debt,105.55
88,13,75,existence,203.43
127,119,8,existence,329.67
150,9,141,payment,357.23
73,7,66,existence,174.65
136,34,102,debt,357.02
93,31,62,payment,217.29
8,3,5,debt,53.29
123,90,33,existence,419.77
152,92,60,debt,322.89
85,49,36,payment,170.79
45,27,18,payment,94.18
148,120,28,payment,518.93
141,77,64,existence,411.63
29,1,28,payment,85.1
36,33,3,existence,98.77
156,128,28,existence,396.08
102,90,12,debt,288.51
114,25,89,payment,240.07
25,9,16,debt,88.36
148,39,109,existence,280.45
138,116,22,payment,472.8
75,26,49,payment,159.52
10,7,3,debt,51.36
152,78,74,payment,399.12
61,44,17,debt,185.95
1,1,0,payment,11.42
155,143,12,debt,386.11
106,6,100,existence,132.13
60,12,48,payment,161.48
41,18,23,debt,89.23
102,36,66,debt,300.26
120,43,77,debt,341.92
109,29,80,debt,289.56
6,5,1,payment,25.87
155,12,143,existence,222.16
42,35,7,existence,107.07
143,97,46,debt,497.53
66,8,58,debt,180.78
61,15,46,payment,102.19
13,10,3,payment,50.3
104,104,0,debt,318.88
8,3,5,existence,13.48
154,25,129,existence,249.89
132,5,127,debt,204.57
136,75,61,payment,314.47
116,90,26,debt,307.29
111,89,22,payment,340.33
117,27,90,existence,281.01
35,31,4,payment,119.03
15,14,1,debt,68.48
154,142,12,payment,487.19
13,7,6,existence,25.76
143,67,76,existence,399.84
77,10,67,debt,177.05
53,12,41,payment,116.69
56,32,24,debt,180.23
16,10,6,existence,30.76
95,23,72,debt,161.59
151,91,60,payment,360.28
106,17,89,payment,274.23
53,33,20,payment,173.19
12,12,0,payment,57.96
82,81,1,debt,245.64
156,142,14,payment,391.57
127,3,124,existence,238.99
131,129,2,debt,407.06
93,37,56,debt,201.32
12,5,7,debt,53.27
12,1,11,payment,31.08
86,62,24,payment,244.68
70,17,53,existence,152.98
104,91,13,existence,324.46
134,124,10,payment,389.53
5,2,3,existence,11.45
137,56,81,payment,312.21
42,38,4,debt,139.35
16,4,12,existence,25.92
131,94,37,existence,355.48
100,91,9,debt,245.89
105,44,61,existence,203.49
66,26,40,existence,111.78
125,106,19,debt,310.71
152,83,69,existence,394.49
25,9,16,existence,43.04
49,23,26,payment,150.13
41,2,39,debt,88.49
18,5,13,existence,39.33
147,60,87,debt,332.69
66,64,2,payment,229.55
77,13,64,payment,169.89
43,11,32,payment,119.07
14,7,7,debt,63.67
128,25,103,payment,236.92
43,6,37,payment,120.98
15,8,7,existence,34.24
95,21,74,debt,167.76
111,108,3,payment,402.32
156,57,99,payment,387.83
146,27,119,debt,317.58
16,5,11,payment,53.36
69,39,30,payment,229.79
130,89,41,existence,280.11
82,54,28,debt,242.45
55,55,0,payment,213.71
122,104,18,payment,408.08
147,24,123,payment,336.69
46,42,4,payment,170.03
51,31,20,existence,114.67
7,6,1,debt,34.5
56,40,16,payment,137.8
148,27,121,debt,300.18
27,1,26,existence,65.09
124,44,80,payment,311.88
100,9,91,existence,182.83
85,14,71,existence,116.08
94,63,31,payment,241
132,101,31,existence,329.07
29,20,9,payment,101.14
123,96,27,payment,317.98
88,60,28,payment,212.89
95,53,42,existence,266.82
33,15,18,debt,102.21
2,1,1,payment,18.84
135,6,129,payment,299.3
9,8,1,payment,37.7
101,91,10,existence,322.69
113,27,86,existence,169.1
51,46,5,existence,138.12
156,64,92,existence,442.91
151,76,75,payment,378.77
74,47,27,payment,162.15
78,4,74,payment,137.23
37,36,1,payment,98.65
154,91,63,debt,332.69
43,7,36,debt,93.76
116,84,32,debt,414.17
65,5,60,existence,125.02
119,68,51,payment,320.07
2,2,0,existence,5.39
8,6,2,debt,38.91
37,17,20,debt,107.4
31,15,16,debt,86.67
64,54,10,debt,156.86
142,44,98,payment,362.29
80,67,13,existence,233.06
36,23,13,debt,100.19
96,62,34,existence,167.82
139,21,118,debt,209.31
48,34,14,existence,113.15
55,30,25,payment,181.07
93,27,66,payment,221.15
27,23,4,existence,60.1
121,37,84,payment,302.79
115,30,85,existence,159.35
10,3,7,payment,29.74
119,61,58,existence,321.18
41,38,3,existence,106.58
143,37,106,debt,359.85
15,3,12,existence,23.08
79,35,44,existence,220.02
43,6,37,debt,96.56
39,25,14,existence,100.01
153,90,63,debt,499.17
113,90,23,payment,285.44
33,21,12,existence,69.35
143,112,31,debt,290.37
61,29,32,debt,189.37
78,64,14,payment,295.21
107,36,71,payment,269.12
115,16,99,existence,153.77
144,5,139,existence,270.52
94,50,44,existence,212.71
139,46,93,existence,359.66
17,5,12,payment,63.43
61,6,55,debt,134.95
76,41,35,debt,146.85
108,49,59,existence,242.89
57,42,15,existence,125.55
81,81,0,payment,181.76
108,9,99,payment,167.81
90,82,8,debt,273.56
28,22,6,payment,95.4
115,8,107,existence,181.39
28,13,15,existence,59.78
140,85,55,debt,301.35
59,44,15,debt,189.82
135,48,87,existence,333.08
44,19,25,debt,119.79
145,126,19,payment,436.75
110,95,15,debt,394.97
21,4,17,existence,28.06
82,4,78,debt,190.07
93,90,3,existence,237.98
138,16,122,debt,256.07
51,36,15,payment,136.28
91,64,27,existence,223.31
55,17,38,payment,167
137,24,113,payment,235.6
7,7,0,payment,37.54
78,8,70,debt,127.74
33,14,19,existence,53.57
5,5,0,payment,29.3
142,59,83,payment,415.64
109,44,65,existence,180.85
119,10,109,existence,233.89
29,3,26,payment,65.71
39,37,2,existence,147.2
57,10,47,payment,147.24
1,1,0,existence,3.41
144,84,60,payment,408.15
111,30,81,payment,275.12
86,56,30,existence,270.24
74,69,5,payment,235.25
133,15,118,debt,302.81
134,93,41,payment,254.83
108,108,0,debt,419.91
55,26,29,existence,106.65
144,85,59,existence,298.38
54,26,28,payment,119.55
101,32,69,payment,153.55
58,16,42,payment,110.46
83,1,82,debt,185.89
82,64,18,payment,184.55
117,35,82,existence,281.97
43,11,32,payment,96.03
99,79,20,debt,292.97
92,57,35,debt,267.67
41,18,23,debt,138.12
3,2,1,debt,29.53
151,84,67,existence,416.53
111,15,96,payment,296.87
53,32,21,existence,154.89
87,9,78,debt,200.9
146,78,68,existence,426.31
55,13,42,existence,103.97
80,43,37,payment,176.76
114,33,81,debt,250.82
13,3,10,payment,30.01
74,59,15,existence,170.24
155,2,153,debt,368.86
24,4,20,existence,57.33
156,92,64,debt,469.92
152,122,30,existence,430.82
8,2,6,payment,30.31
154,124,30,existence,367.86
12,12,0,payment,45.46
83,51,32,debt,245.93
61,19,42,existence,102.14
124,22,102,payment,330.33
86,45,41,existence,140.41
86,85,1,debt,252.45
14,14,0,debt,70.97
65,26,39,debt,146.41
10,6,4,payment,28.52
17,4,13,existence,30.57
9,8,1,existence,29.37
112,83,29,existence,255.51
75,73,2,existence,260.6
47,14,33,debt,112.67
83,77,6,debt,288.32
39,16,23,debt,103.77
71,51,20,payment,141.83
70,37,33,debt,173.45
125,60,65,payment,306.21
128,63,65,debt,306.82
77,35,42,debt,206.68
108,90,18,payment,221.22
147,130,17,payment,437.62
94,81,13,existence,199.37
76,63,13,debt,230.13
36,13,23,debt,107.14
70,60,10,existence,171.44
89,57,32,debt,205.57
60,31,29,payment,145.39
95,48,47,debt,270.41
57,26,31,payment,176.27
19,15,4,debt,71.97
134,45,89,debt,380.21
59,24,35,existence,167.08
101,40,61,payment,193.1
71,50,21,debt,173.58
8,1,7,existence,19.99
101,78,23,payment,323.36
42,30,12,payment,121.58
21,4,17,existence,50.92
152,78,74,debt,464.59
132,17,115,existence,239.81
35,6,29,existence,46.17
150,134,16,debt,413.51
123,106,17,debt,288.52
6,5,1,existence,16.25
65,51,14,payment,167.84
75,41,34,payment,186.57
30,14,16,payment,75.87
108,13,95,debt,203.63
85,72,13,debt,209.54
22,18,4,payment,47.55
148,133,15,payment,462.38
36,29,7,payment,91.93
37,7,30,payment,113.6
36,36,0,debt,92.29
67,6,61,payment,94.65
123,77,46,existence,302.14
115,104,11,debt,270.46
38,5,33,debt,115.58
66,41,25,existence,168.25
66,40,26,debt,226.78
132,98,34,existence,233.58
10,2,8,existence,24.94
18,16,2,debt,78.97
143,127,16,debt,531.46
152,18,134,existence,300.89
142,56,86,existence,266.22
62,47,15,payment,181.01
105,34,71,existence,254.92
15,6,9,payment,40.13
137,13,124,debt,274.52
108,96,12,payment,240.66
135,11,124,payment,193.44
59,37,22,debt,200.9
144,75,69,existence,449.78
29,15,14,payment,93.37
21,8,13,payment,66.22
44,6,38,payment,95.24
57,11,46,payment,112.7
145,30,115,payment,248.89
6,3,3,payment,24.32
87,39,48,payment,195.49
73,1,72,existence,122.51
124,33,91,payment,194.04
68,14,54,debt,188.59
89,54,35,existence,244.09
157,37,120,debt,337.65
38,18,20,debt,76.36
47,10,37,existence,81.98
3,3,0,debt,29.02
1,1,0,payment,12.93
32,2,30,debt,106.6
139,119,20,existence,509.61
130,98,32,existence,396.33
83,40,43,debt,223.12
76,45,31,debt,230.65
45,7,38,existence,107.83
1,1,0,payment,9.64
73,65,8,debt,284.41
105,99,6,existence,315.95
87,84,3,existence,216.47
44,27,17,payment,130.63
111,54,57,existence,215.12
56,30,26,debt,137.42
67,32,35,existence,120.77
25,13,12,debt,90.68
21,8,13,debt,80.38
17,3,14,debt,54.45
155,53,102,existence,435.94
13,12,1,debt,40.54
31,10,21,payment,76.16
61,3,58,payment,104.26
116,19,97,payment,304.53
103,19,84,existence,167.74
115,105,10,existence,231.08
80,9,71,payment,164.06
59,44,15,debt,187.65
77,67,10,payment,217.78
82,27,55,debt,255.32
50,28,22,payment,143.34
88,18,70,debt,243.83
61,31,30,existence,174.14
52,29,23,debt,117.56
108,59,49,payment,211.47
109,33,76,existence,250.44
49,33,16,existence,113.93
12,9,3,existence,35.19
119,39,80,debt,339.1
20,11,9,payment,78.58
151,37,114,debt,221.85
119,81,38,existence,276.77
72,23,49,payment,204.58
65,22,43,existence,186.64
23,15,8,payment,56.25
73,3,70,debt,154.29
12,3,9,existence,26.16
57,49,8,debt,123.51
110,90,20,debt,357.19
113,51,62,debt,242.02
115,86,29,debt,280.49
133,10,123,existence,310.2
18,2,16,existence,45.98
78,26,52,debt,187.38
79,3,76,payment,137.66
35,19,16,existence,81.17
84,35,49,debt,268.44
12,4,8,existence,30.19
13,13,0,payment,33.57
73,73,0,existence,148.85
143,89,54,payment,384.08
41,22,19,debt,116.02
105,44,61,payment,163.46
47,12,35,debt,134.11
28,9,19,existence,75.85
103,9,94,debt,250.72
66,44,22,debt,207.43
77,22,55,debt,150.87
100,1,99,debt,189.3
3,2,1,payment,15.35
14,12,2,existence,42.99
13,6,7,existence,36.34
124,108,16,payment,321.96
64,52,12,payment,225.9
97,73,24,existence,256.47
127,55,72,existence,298.16
102,31,71,existence,167.43
98,33,65,existence,224.52
81,50,31,existence,249.88
78,18,60,payment,208.46
46,32,14,payment,93.95
49,46,3,debt,175.77
29,12,17,debt,87.81
2,2,0,payment,15.48
102,63,39,payment,314.63
130,123,7,debt,458.46
56,46,10,debt,202.07
51,47,4,payment,176.25
2,2,0,payment,22.79
71,5,66,existence,121.21
131,46,85,payment,378.94
51,45,6,payment,158.48
88,78,10,existence,226.78
32,29,3,payment,106.44
42,30,12,existence,93.51
42,40,2,debt,131.48
72,68,4,existence,259.54
4,3,1,payment,25.61
42,9,33,debt,98.52
13,5,8,existence,31.33
52,21,31,debt,98.83
89,62,27,payment,202.15
46,32,14,existence,113.65
75,53,22,existence,200.34
96,55,41,payment,289.29
141,74,67,existence,270.68
23,21,2,existence,68.14
105,61,44,existence,278.52
81,1,80,payment,209.76
58,24,34,existence,138.22
128,74,54,debt,342.01
3,1,2,debt,32.3
123,98,25,debt,390.69
30,26,4,payment,110.7
66,46,20,existence,202
110,42,68,debt,324.54
124,40,84,payment,363.82
84,64,20,debt,234.7
28,27,1,existence,103.68
112,54,58,existence,340.86
60,50,10,debt,152.09
39,1,38,debt,77.62
82,72,10,payment,207.75
87,62,25,debt,267.09
106,85,21,debt,334.22
124,50,74,debt,219.98
93,20,73,payment,249.49
147,29,118,debt,221.3
147,125,22,payment,429.39
13,4,9,debt,63.71
36,20,16,existence,106.75
64,15,49,existence,108.23
156,139,17,payment,480.74
114,32,82,payment,236.61
72,63,9,payment,168.6
70,61,9,existence,125.07
95,89,6,debt,300.48
148,138,10,existence,405.23
137,5,132,existence,321.83
128,42,86,payment,365.16
39,37,2,existence,128.38
141,62,79,payment,246.42
107,75,32,payment,307.37
151,32,119,payment,293.21
140,102,38,debt,276.84
36,32,4,debt,95.7
112,80,32,debt,305.77
146,44,102,existence,239.74
152,57,95,payment,426.35
57,34,23,existence,134.45
72,19,53,payment,116.34
33,13,20,debt,97.02
95,71,24,existence,269.99
108,21,87,debt,165
62,36,26,existence,197.75
106,13,93,payment,170.57
119,37,82,payment,247
36,23,13,existence,71.61
33,14,19,debt,78.68
69,27,42,existence,177.1
120,23,97,debt,288.23
49,17,32,debt,129.59
10,10,0,debt,57.64
55,37,18,existence,158.37
132,127,5,payment,363.69
121,81,40,payment,325.18
80,47,33,existence,194.72
111,77,34,payment,287.98
150,111,39,debt,353.68
109,87,22,existence,267.01
58,18,40,debt,171.36
43,8,35,debt,84.57
128,104,24,payment,339.26
47,32,15,payment,104.95
81,50,31,existence,163.04
121,13,108,debt,181.34
141,71,70,payment,313.22
110,40,70,payment,247.91
60,43,17,debt,210.08
23,13,10,debt,92.59
125,101,24,existence,379.38
135,79,56,payment,350.18
71,69,2,existence,154.31
139,128,11,debt,503.44
132,81,51,existence,349.57
16,11,5,payment,49.09
107,54,53,debt,240.31
112,94,18,payment,342.68
115,108,7,debt,257.15
95,52,43,debt,253.12
36,10,26,payment,72.07
107,15,92,payment,243.72
41,16,25,payment,96.93
67,22,45,payment,160.08
101,90,11,existence,282.51
125,35,90,existence,210.42
101,92,9,debt,325.91
124,93,31,payment,345.65
46,46,0,payment,103.77
157,126,31,existence,342.05
86,67,19,debt,335.29
130,98,32,existence,399.48
31,13,18,existence,84.46
154,2,152,payment,270.25
33,27,6,existence,61.25
152,95,57,payment,420.17
8,4,4,payment,31.73
41,17,24,existence,83.34
15,9,6,debt,59.05
70,51,19,payment,200.58
102,56,46,payment,266.2
34,28,6,existence,80.68
23,23,0,existence,61.64
49,21,28,debt,143.29
135,128,7,debt,336.83
27,21,6,existence,77.47
68,62,6,debt,183.05
51,37,14,existence,140.21
67,11,56,debt,153.35
49,48,1,payment,133.56
57,3,54,debt,163.67
32,28,4,payment,80.87
12,12,0,payment,42.67
50,6,44,payment,93.31
103,65,38,existence,236.8
87,17,70,payment,211.69
2,1,1,debt,31.85
25,24,1,existence,85.18
8,6,2,debt,39.16
24,2,22,payment,39.33
39,3,36,debt,118.67
107,8,99,existence,242.6
55,55,0,debt,187.47
51,47,4,payment,176.81
9,9,0,debt,50.35
5,5,0,existence,12.62
5,2,3,debt,27.21
38,1,37,payment,74.87
157,132,25,existence,506.1
51,15,36,debt,106.7
144,9,135,payment,223.23
113,112,1,debt,415.72
110,35,75,existence,248.88
104,85,19,payment,245.45
126,126,0,debt,316.97
29,23,6,payment,109.98
3,3,0,payment,19.83
88,41,47,debt,194.74
7,3,4,debt,39.85
36,18,18,payment,87.82
67,11,56,debt,193.8
33,23,10,debt,71.62
83,4,79,existence,151.51
46,15,31,payment,140.46
8,1,7,existence,11.27
106,92,14,existence,277.79
108,97,11,payment,362.43
108,102,6,debt,298.05
156,50,106,existence,246.14
67,44,23,debt,200.69
5,3,2,debt,42.87
90,75,15,debt,334.88
123,98,25,existence,327.03
121,119,2,debt,413.46
151,54,97,debt,325.79
139,105,34,existence,368.22
6,5,1,debt,28.8
7,5,2,payment,37.03
38,4,34,payment,78.11
34,34,0,debt,98.06
111,33,78,debt,318.66
67,60,7,debt,212.49
54,18,36,existence,94.15
30,21,9,debt,108.4
15,9,6,payment,51.75
73,48,25,existence,158.21
101,90,11,debt,368.97
70,60,10,debt,192.52
113,36,77,debt,320.06
36,4,32,existence,72.87
85,9,76,payment,195.49
114,22,92,payment,276.44
144,112,32,existence,370.05
16,1,15,payment,43.02
64,61,3,payment,176.19
33,33,0,debt,131.62
101,72,29,payment,289.53
40,26,14,payment,124.87
30,7,23,payment,51.05
101,54,47,existence,260.32
99,51,48,debt,247.86
6,5,1,payment,25.1
89,74,15,payment,290.56
89,15,74,existence,188.97
37,30,7,existence,110.5
27,3,24,debt,59.54
144,134,10,payment,416.7
8,5,3,debt,42.27
37,18,19,debt,84.01
153,120,33,payment,324.42
147,11,136,existence,356.06
128,14,114,payment,243.75
131,94,37,payment,402.68
119,99,20,payment,416.97
143,110,33,payment,394.43
108,19,89,debt,179.35
14,7,7,existence,24.45
89,65,24,existence,251.41
127,9,118,debt,331.55
114,6,108,debt,250.89
30,10,20,payment,73.38
58,16,42,existence,119.01
42,14,28,payment,131.1
48,7,41,existence,68.01
36,14,22,debt,89.43
15,12,3,existence,44.6
108,80,28,debt,385.89
98,51,47,payment,320.41
85,61,24,debt,215.83
45,40,5,debt,125.53
119,109,10,payment,231
44,9,35,debt,101.23
40,33,7,debt,104
82,6,76,existence,126.3
147,43,104,debt,306.81
7,1,6,existence,14.89
103,5,98,debt,189.82
43,38,5,debt,181.48
151,146,5,payment,432.23
28,20,8,existence,88.91
145,120,25,debt,401.26
49,1,48,payment,132.23
148,14,134,debt,223.79
3,2,1,payment,18.28
105,26,79,debt,193.3
149,78,71,payment,356.15
105,89,16,debt,305.2
8,7,1,payment,34.27
59,54,5,debt,175.82
110,6,104,payment,242.47
2,2,0,debt,19.86
52,21,31,debt,114.25
116,95,21,debt,346.51
88,4,84,debt,181.83
8,1,7,debt,39.41
31,20,11,existence,86.78
60,50,10,existence,178.27
78,64,14,debt,201.19
31,18,13,existence,75.3
30,26,4,payment,113.95
121,104,17,payment,273.71
35,29,6,debt,110.04
10,4,6,debt,40.19
123,98,25,debt,327.74
121,36,85,existence,330.2
141,138,3,payment,406.24
87,60,27,debt,297.99
59,29,30,existence,174.65
65,24,41,existence,169.95
100,90,10,existence,270.31
40,14,26,existence,83.23
65,38,27,payment,206.73
38,21,17,existence,87.4
14,12,2,debt,63.19
49,1,48,debt,118.33
147,146,1,debt,487.1
135,85,50,existence,393.96
110,19,91,payment,238.35
33,12,21,payment,88.08
135,91,44,payment,271.14
25,6,19,existence,46.54
148,108,40,payment,367.14
50,41,9,existence,171.49
68,28,40,existence,169.09
38,26,12,existence,82.41
89,17,72,existence,161.24
97,84,13,debt,263.98
65,15,50,debt,163.45
44,37,7,payment,159.28
154,129,25,payment,418.98
138,53,85,debt,334.05
42,26,16,payment,129.2
139,73,66,debt,292.28
82,48,34,payment,212.11
104,85,19,payment,279.07
15,9,6,payment,51.6
102,69,33,existence,304.01
127,8,119,debt,252.97
77,38,39,debt,194.39
144,108,36,existence,328.27
77,77,0,debt,181.3
135,74,61,debt,355.27
71,31,40,existence,149.83
2,2,0,existence,6.39
60,22,38,debt,119.57
133,90,43,existence,390.5
91,68,23,payment,231.55
42,23,19,payment,87.37
124,65,59,payment,368.53
76,57,19,debt,183.66
13,3,10,payment,49.82
94,92,2,debt,269.62
10,4,6,payment,33.48
2,2,0,payment,16.21
9,7,2,debt,55.39
109,35,74,existence,262.58
152,128,24,payment,384.02
25,9,16,payment,82.87
77,77,0,debt,225.76
55,12,43,existence,132.19
98,2,96,debt,145.45
138,57,81,payment,406.76
123,108,15,payment,407.45
108,13,95,debt,224.13
97,36,61,existence,267.19
82,34,48,debt,257.17
37,29,8,debt,143.28
148,134,14,payment,503.22
115,43,72,payment,220.16
70,66,4,payment,188.95
50,46,4,payment,126.89
155,18,137,existence,391.17
47,47,0,payment,178.85
58,47,11,existence,135.84
5,1,4,debt,27.53
40,27,13,debt,135.45
93,10,83,existence,229.28
27,17,10,payment,66.74
10,3,7,debt,23.21
142,55,87,payment,327.32
134,71,63,payment,403.04
82,39,43,debt,257.99
143,10,133,debt,231.52
118,17,101,debt,326.3
40,12,28,payment,123.11
44,6,38,debt,129.89
103,103,0,existence,324.17
117,88,29,debt,224.27
67,65,2,debt,225.01
66,24,42,payment,183.62
35,2,33,debt,83.58
110,110,0,debt,422.8
120,98,22,payment,417.83
57,48,9,existence,142.37
55,42,13,payment,147.49
64,48,16,debt,162.36
149,143,6,existence,442.5
134,1,133,debt,171.67
135,78,57,debt,301.24
23,23,0,existence,71.37
48,24,24,debt,142.99
134,73,61,payment,308.34
108,94,14,existence,330.35
36,3,33,payment,110.63
69,22,47,debt,153.6
112,112,0,existence,343.08
52,1,51,existence,127.25
87,50,37,payment,301.19
54,49,5,payment,167.95
141,93,48,payment,355
112,71,41,existence,284.5
79,69,10,payment,188.68
72,53,19,existence,201.12
73,57,16,payment,233.33
1,1,0,debt,11.77
76,3,73,existence,133.57
147,115,32,debt,461.16
152,97,55,debt,400.31
91,52,39,payment,290.37
46,46,0,existence,101.54
80,39,41,debt,154.9
44,8,36,payment,87.64
55,29,26,existence,101.6
94,44,50,debt,257.62
43,17,26,existence,77.17
53,47,6,payment,112.7
11,1,10,existence,26.57
51,43,8,existence,119.89
18,5,13,existence,31.7
153,79,74,payment,477.95
17,8,9,debt,54.36
151,134,17,payment,428.54
70,17,53,existence,145.92
143,112,31,payment,368.05
135,74,61,payment,426.91
60,58,2,debt,161.03
6,2,4,existence,10.59
13,8,5,payment,59.25
44,3,41,debt,99.15
150,73,77,debt,428.75
31,21,10,existence,53.56
31,15,16,payment,86.38
137,84,53,existence,385.08
94,56,38,debt,271.06
79,72,7,existence,228.11
98,95,3,debt,279.03
121,73,48,existence,380.9
48,44,4,payment,134.13
122,82,40,debt,272.93
152,5,147,debt,394.03
119,77,42,debt,351.86
85,44,41,payment,187.94
31,27,4,payment,80.08
136,76,60,debt,244.33
80,24,56,existence,171.01
124,102,22,debt,336.26
106,6,100,debt,162.8
30,19,11,payment,84.68
20,2,18,debt,61.88
98,60,38,existence,240.12
22,22,0,existence,58.08
16,14,2,existence,46.63
28,1,27,debt,65.59
81,31,50,debt,214.13
54,9,45,existence,91.27
129,76,53,existence,295.36
10,5,5,payment,29.69
7,2,5,existence,11.85
60,20,40,existence,141.01
120,12,108,existence,189.45
148,26,122,existence,223.79
17,6,11,payment,34.63
83,64,19,debt,248.76
75,18,57,payment,202.45
143,70,73,payment,364.24
140,52,88,payment,411.13
89,25,64,payment,202.77
83,46,37,payment,224.82
84,42,42,payment,182.67
81,51,30,payment,165.3
33,10,23,payment,78.38
110,77,33,existence,313.15
90,52,38,debt,211.23
147,33,114,debt,386.43
150,133,17,payment,501.68
143,124,19,debt,473.07
117,12,105,existence,231.42
36,2,34,existence,45.72
109,21,88,existence,200.09
144,58,86,debt,299.98
36,13,23,payment,99.29
64,29,35,debt,189.64
44,21,23,payment,106.2
21,11,10,payment,61.3
78,53,25,existence,230.85
55,23,32,debt,187.05
27,6,21,debt,100.14
50,39,11,existence,156.45
123,85,38,existence,397.65
75,62,13,existence,223.49
114,12,102,debt,223.05
12,4,8,debt,42.67
3,3,0,existence,7.47
97,95,2,debt,225.28
3,1,2,debt,25.29
54,30,24,payment,103.26
70,56,14,debt,161.47
22,20,2,payment,72.5
71,19,52,debt,163.89
137,12,125,debt,282.7
55,35,20,existence,138.15
96,7,89,payment,223.15
35,17,18,payment,88.14
82,7,75,debt,181.76
60,11,49,debt,146.21
142,82,60,existence,424.42
69,6,63,payment,128.23
157,138,19,existence,388.95
129,16,113,payment,336.56
143,96,47,payment,433
107,48,59,existence,285.5
61,2,59,debt,96.99
47,30,17,payment,110.44
6,3,3,existence,16.83
142,103,39,existence,465.74
44,3,41,existence,67.2
33,7,26,payment,82.58
73,23,50,debt,185.21
93,42,51,existence,240.74
123,35,88,existence,248.25
62,23,39,existence,187.01
4,4,0,payment,22.52
128,121,7,existence,313.37
63,21,42,debt,190.12
122,114,8,existence,371.05
156,112,44,existence,461.99
116,43,73,existence,176.28
82,48,34,payment,213.76
56,12,44,payment,94.54
34,12,22,payment,92.38
124,85,39,payment,270.81
83,68,15,debt,161.82
5,1,4,debt,15.7
62,27,35,payment,186.17
124,58,66,debt,238.89
153,124,29,debt,506.04
112,106,6,existence,346.75
74,41,33,existence,141.32
137,94,43,payment,272.56
69,24,45,existence,169.3
65,2,63,debt,153.16
73,22,51,debt,197.12
101,59,42,existence,247.74
90,28,62,payment,202.88
141,14,127,debt,235.23
125,35,90,payment,271.98
75,69,6,payment,192.8
118,93,25,debt,422.64
34,4,30,payment,89.17
16,1,15,debt,35.96
97,87,10,existence,225.24
6,4,2,debt,23.7
151,89,62,debt,456.38
57,1,56,payment,131.92
66,21,45,debt,213.81
14,11,3,payment,42.56
55,52,3,payment,147.7
6,1,5,debt,20.17
7,3,4,existence,18.95
137,50,87,debt,365.58
126,78,48,existence,245.4
34,8,26,existence,66.27
43,3,40,payment,121.79
155,146,9,debt,324.54
103,47,56,payment,268.51
113,59,54,existence,334.29
51,51,0,existence,163.56
154,10,144,payment,231.77
145,14,131,existence,348.61
21,5,16,existence,53.94
20,6,14,existence,42.85
90,67,23,payment,235.16
35,29,6,existence,73.04
109,48,61,payment,245.95
49,30,19,payment,107.54
26,19,7,payment,64.55
108,73,35,existence,210.7
76,41,35,debt,156.6
118,44,74,existence,180.09
86,62,24,existence,227.04
72,7,65,payment,128.23
112,3,109,payment,198.49
3,3,0,existence,8.41
37,35,2,payment,130.28
60,13,47,existence,112.71
12,5,7,debt,42.53
1,1,0,payment,15.77
6,4,2,existence,19.38
127,29,98,existence,188.5
117,18,99,debt,256.65
18,7,11,payment,43.79
105,66,39,existence,219.52
28,21,7,payment,91.11
100,21,79,debt,215.67
108,100,8,debt,288
7,3,4,debt,41.58
148,33,115,payment,305.4
30,30,0,debt,109.2
69,55,14,existence,208.51
83,55,28,existence,152.37
19,2,17,payment,44.41
142,59,83,existence,370.07
137,67,70,payment,239.27
103,52,51,debt,283.1
93,21,72,existence,230.61
146,137,9,debt,476.65
45,3,42,payment,113.78
139,93,46,debt,304.92
51,36,15,existence,112.79
136,61,75,debt,327.47
117,84,33,payment,340.8
2,1,1,existence,4.73
71,61,10,existence,189.49
123,58,65,debt,280.98
119,96,23,payment,294.19
116,87,29,payment,270.27
6,6,0,payment,25.63
139,34,105,debt,400.09
125,14,111,existence,221.3
45,18,27,existence,101.17
140,138,2,debt,320.44
49,28,21,payment,123.43
46,33,13,payment,91.68
49,8,41,existence,124.29
108,12,96,payment,261.89
10,2,8,existence,17.65
106,21,85,payment,214.55
136,105,31,debt,408.14
81,44,37,existence,206.45
79,53,26,debt,210.4
101,87,14,debt,324.64
124,54,70,debt,237.02
117,78,39,debt,357.87
97,7,90,debt,165.28
33,33,0,payment,96.36
143,51,92,existence,336.4
59,23,36,payment,139.52
34,2,32,debt,87.77
86,70,16,existence,179.57
63,6,57,payment,135.89
41,17,24,existence,80.23
92,82,10,existence,313.77
42,14,28,debt,110.15
113,80,33,existence,325.34
135,32,103,payment,264.76
90,30,60,debt,244.91
130,50,80,payment,266.15
48,5,43,debt,104.67
145,41,104,existence,297.88
119,7,112,debt,176.01
45,45,0,debt,176.83
115,66,49,payment,316.64
79,51,28,payment,240.15
102,4,98,payment,226.91
139,116,23,debt,324.54
108,49,59,existence,261.92
22,4,18,existence,42.72
33,4,29,debt,72.17
88,63,25,existence,222.97
116,19,97,debt,285.06
61,26,35,existence,109.12
156,15,141,payment,391.51
60,1,59,existence,108.69
125,92,33,payment,298.13
62,1,61,payment,138.49
14,8,6,payment,54.68
46,38,8,existence,136.37
69,59,10,payment,232.56
92,8,84,debt,146.32
9,1,8,debt,34.76
151,75,76,existence,359.89
67,2,65,debt,183.31
52,31,21,payment,113.35
31,25,6,debt,120.65
93,93,0,existence,237.41
12,3,9,debt,54.04
31,17,14,debt,68.51
95,9,86,payment,208.56
36,22,14,debt,90.15
48,6,42,debt,117.79
37,13,24,existence,97.73
102,50,52,existence,293.47
73,56,17,payment,219.34
17,10,7,debt,75.27
108,85,23,existence,327.24
116,114,2,debt,369.32
15,6,9,existence,23.43
125,34,91,debt,355.61
54,25,29,debt,104.4
120,120,0,debt,338.95
108,95,13,payment,348.04
42,8,34,debt,110.92
50,24,26,payment,114.54
155,118,37,existence,343.4
145,36,109,debt,371.97
18,3,15,existence,33.31
106,27,79,existence,190.67
8,4,4,debt,44.87
121,1,120,payment,287.89
105,18,87,debt,201.16
130,38,92,existence,361.04
56,16,40,existence,115.98
38,6,32,existence,95.41
54,35,19,existence,130.59
89,49,40,payment,230.23
103,43,60,payment,243.09
4,3,1,debt,28.98
41,29,12,payment,103.74
119,46,73,payment,256.48
52,47,5,existence,158.88
99,56,43,payment,324.95
121,1,120,payment,169.97
128,32,96,existence,317.13
15,14,1,payment,64.17
127,83,44,existence,354.71
128,127,1,debt,375.39
23,10,13,debt,85.41
75,43,32,existence,129.16
134,65,69,debt,334.07
32,2,30,debt,103.67
36,2,34,existence,54.29
147,71,76,payment,276.29
129,67,62,payment,318.63
104,53,51,payment,325.83
140,66,74,debt,327.81
94,93,1,existence,268.65
62,39,23,payment,190.71
24,7,17,existence,56.28
31,3,28,debt,47.5
34,8,26,debt,116.06
133,107,26,payment,394.18
122,36,86,payment,278.21
14,13,1,existence,40.53
47,24,23,debt,179.02
49,36,13,existence,136.18
70,9,61,debt,134.56
105,76,29,existence,268.35
74,47,27,existence,161.29
156,6,150,existence,279.14
46,16,30,existence,68.74
22,3,19,payment,43.35
17,10,7,debt,67.19
109,103,6,payment,323.79
134,101,33,existence,247.09
131,81,50,existence,345.63
114,48,66,debt,308.82
143,73,70,payment,322.86
97,27,70,payment,227.51
41,2,39,debt,90.13
40,23,17,debt,115.96
69,59,10,payment,182.18
83,79,4,existence,240.52
132,79,53,debt,300.08
135,6,129,existence,341.6
29,9,20,existence,81.94
49,13,36,payment,140.94
15,9,6,existence,32.7
98,14,84,debt,254.31
153,91,62,existence,446.1
30,29,1,payment,71.09
36,6,30,debt,95.2
94,65,29,existence,210.47
141,51,90,payment,276.09
82,59,23,payment,292.08
68,57,11,existence,189.85
157,133,24,debt,426.13
40,28,12,debt,114.64
112,58,54,existence,199.15
140,88,52,debt,396.22
75,63,12,existence,213.99
92,26,66,payment,261.99
43,17,26,debt,94.55
63,62,1,existence,155.1
46,46,0,debt,178.22
38,11,27,existence,91.11
99,26,73,existence,170.49
95,59,36,payment,193.83
17,16,1,existence,34.43
154,3,151,existence,238.78
79,14,65,debt,156.59
134,59,75,payment,411.48
48,32,16,debt,152.22
146,67,79,payment,370.85
70,40,30,payment,208.68
138,18,120,payment,280.14
103,78,25,existence,296.06
76,62,14,existence,200.57
136,20,116,payment,310.75
85,6,79,debt,155.4
14,11,3,existence,47.36
60,44,16,debt,147.98
75,21,54,debt,154.89
49,26,23,debt,115.38
108,94,14,payment,346.77
13,13,0,payment,43.87
132,96,36,debt,382.82
85,81,4,payment,326.76
107,58,49,payment,259.1
30,7,23,payment,63.67
17,15,2,existence,55.78
22,6,16,existence,40.6
8,4,4,debt,42.32
113,103,10,payment,383
89,18,71,payment,246.9
67,18,49,existence,160.75
90,40,50,payment,214.64
103,5,98,payment,242.66
83,4,79,existence,145.01
31,5,26,existence,54.02
80,70,10,existence,197.69
143,115,28,debt,415.21
87,17,70,existence,175.3
10,5,5,existence,25.12
116,25,91,existence,246.16
53,47,6,existence,167.64
137,136,1,payment,419.42
105,79,26,payment,222.98
82,17,65,payment,125.31
144,116,28,payment,503.71
26,11,15,payment,52.97
93,53,40,debt,229.74
56,44,12,debt,166.75
109,35,74,existence,259.5
51,33,18,debt,152.29
64,49,15,debt,179.02
60,50,10,debt,162.66
32,23,9,existence,95.35
33,15,18,debt,114.03
82,71,11,debt,304.38
63,24,39,existence,126.54
27,23,4,debt,77.52
19,19,0,debt,80.67
140,58,82,payment,427.35
24,22,2,debt,87.52
39,9,30,payment,69.05
3,3,0,payment,17.98
60,59,1,payment,235.48
141,120,21,debt,449.68
35,20,15,payment,92.4
33,22,11,payment,81.81
12,1,11,payment,36.74
63,36,27,payment,202.52
15,3,12,debt,69.56
115,80,35,existence,315.88
31,10,21,payment,66.82
48,24,24,payment,124.17
46,1,45,debt,98.53
22,3,19,existence,28.25
22,15,7,payment,52.21
154,11,143,payment,310.95
97,35,62,debt,300.77
86,79,7,debt,320.51
54,10,44,existence,110.21
40,2,38,payment,95.23
46,32,14,existence,137.39
117,97,20,payment,403.35
118,47,71,existence,200.64
11,11,0,debt,43.92
4,2,2,existence,11.22
29,7,22,existence,68.89
151,67,84,payment,318.93
83,17,66,payment,140.31
71,8,63,existence,164.59
21,9,12,existence,55.04
53,27,26,debt,140.2
3,1,2,payment,10.95
61,38,23,debt,147.31
97,80,17,existence,335.97
75,73,2,debt,293.92
120,114,6,debt,420.07
145,113,32,debt,387.21
27,3,24,payment,66.37
36,3,33,existence,66.07
100,53,47,debt,200.75
71,71,0,payment,263.62
78,60,18,existence,263.63
147,72,75,debt,398.96
134,41,93,debt,339.35
99,43,56,existence,191.68
15,5,10,existence,23.69
75,50,25,payment,247.07
86,4,82,existence,132.61
60,13,47,debt,121.26
58,17,41,existence,154.42
80,28,52,debt,188.94
77,8,69,payment,197.5
73,73,0,debt,210.06
38,6,32,existence,83.35
64,44,20,existence,150.44
28,7,21,payment,62.81
66,57,9,payment,233.61
19,18,1,payment,71.57
157,23,134,debt,365.31
108,102,6,debt,369.66
55,4,51,existence,74.66
35,14,21,payment,66.34
24,23,1,payment,80.32
135,60,75,payment,313.86
47,14,33,debt,86.02
31,30,1,payment,96.93
53,13,40,existence,112.01
125,40,85,debt,194.62
86,41,45,debt,186.92
154,114,40,existence,452.14
20,2,18,payment,51.24
88,58,30,existence,191.11
148,110,38,payment,376.07
69,67,2,payment,198.91
28,11,17,existence,54.88
137,52,85,debt,405.17
141,88,53,payment,320.61
53,28,25,payment,135.26
39,18,21,existence,104.2
76,75,1,existence,196.73
82,14,68,existence,201.58
106,87,19,existence,269.17
98,13,85,payment,264.14
153,46,107,debt,464.53
77,5,72,debt,151.75
111,55,56,debt,361.32
38,36,2,existence,134.1
65,55,10,debt,154.72
50,16,34,existence,125.15
43,36,7,debt,142.73
84,25,59,debt,145.15
129,105,24,debt,297.26
146,103,43,existence,391.54
42,31,11,debt,146.38
76,24,52,existence,177.24
47,46,1,debt,156.42
45,5,40,existence,79.45
113,20,93,payment,305.02
42,14,28,debt,112.34
144,83,61,debt,319.26
48,2,46,payment,84.64
64,31,33,debt,152.4
44,18,26,debt,123.69
92,83,9,debt,309.42
86,65,21,payment,278.87
82,33,49,payment,139.84
97,89,8,existence,209.43
39,39,0,payment,117.97
150,46,104,debt,459.49
113,12,101,existence,154.78
54,21,33,payment,98.08
28,7,21,existence,56.4
78,22,56,payment,133.17
101,47,54,debt,286.17
26,18,8,debt,99.98
28,25,3,payment,99.7
8,5,3,existence,17.22
25,23,2,debt,82
22,3,19,debt,55.83
53,50,3,existence,163.89
64,50,14,existence,195.4
86,71,15,debt,209.66
74,1,73,debt,202.72
29,9,20,existence,46.66
47,47,0,debt,192.79
1,1,0,debt,32.17
103,78,25,payment,287.2
29,3,26,existence,39.85
111,92,19,payment,343.9
52,21,31,existence,150.37
71,61,10,debt,266.13
152,86,66,payment,340.39
82,34,48,debt,240.46
86,63,23,existence,291.12
75,29,46,existence,146.18
97,43,54,existence,261.92
14,14,0,debt,69.23
7,6,1,payment,27.58
113,55,58,payment,330.8
98,72,26,payment,255.27
90,76,14,debt,190.59
110,31,79,existence,162.38
124,69,55,debt,329
148,44,104,debt,312.84
139,66,73,debt,346.05
11,7,4,payment,45.94
30,14,16,debt,99.57
53,48,5,existence,146.88
10,5,5,debt,29.27
100,22,78,existence,178.63
110,98,12,debt,337.76
119,70,49,debt,256.78
126,69,57,debt,379.87
23,18,5,debt,69.72
1,1,0,existence,2.98
143,38,105,payment,400.28
124,11,113,existence,207.59
98,16,82,existence,252.8
114,73,41,debt,272.75
116,52,64,existence,232.14
29,17,12,existence,59.31
24,1,23,debt,62.19
28,12,16,debt,80.55
127,120,7,debt,326.05
144,101,43,payment,469.51
75,42,33,debt,228.83
64,1,63,debt,111.95
131,77,54,debt,269.36
116,88,28,existence,293.68
26,12,14,debt,97.36
87,8,79,debt,217.63
44,35,9,payment,114.24
10,10,0,payment,41.95
106,84,22,debt,344.05
141,31,110,payment,197.8
67,9,58,payment,126.84
59,10,49,payment,90.51
105,61,44,payment,280.56
69,53,16,existence,169.17
101,5,96,debt,180.42
112,100,12,existence,285.42
6,4,2,payment,30.17
61,35,26,payment,191.64
155,104,51,existence,375.38
114,105,9,existence,383.97
147,137,10,existence,440.56
89,79,10,existence,219.32
42,17,25,payment,95.44
83,43,40,debt,246.27
116,112,4,payment,382.61
78,29,49,existence,162.9
6,2,4,existence,14.64
31,14,17,payment,76.31
114,29,85,existence,179.49
131,121,10,payment,391.76
69,68,1,debt,259.39
78,49,29,existence,207.76
68,5,63,existence,157.83
98,81,17,existence,233.36
47,34,13,payment,124.07
114,112,2,existence,346.12
52,12,40,payment,152.37
73,69,4,debt,285.68
96,52,44,debt,204.41
63,34,29,existence,125
59,37,22,debt,196.36
144,112,32,payment,414.03
125,36,89,payment,348.52
84,61,23,debt,228.29
21,17,4,existence,55.95
12,6,6,existence,33.27
156,122,34,payment,418.38
99,40,59,existence,192.89
137,135,2,existence,430.35
102,30,72,existence,214.33
138,57,81,existence,297.15
95,39,56,payment,175.52
83,17,66,debt,248.91
8,6,2,debt,39.02
33,14,19,debt,92.62
31,14,17,existence,53.52
106,30,76,debt,253.09
15,11,4,payment,52.01
142,122,20,payment,412.33
59,2,57,existence,108.29
19,14,5,payment,51.86
59,22,37,payment,113.32
113,74,39,existence,350.9
76,64,12,existence,219.67
5,5,0,debt,37.9
136,1,135,existence,183.89
127,88,39,payment,386.44
100,31,69,payment,246.88
140,63,77,existence,403.8
38,2,36,payment,104.2
154,34,120,existence,411.61
113,6,107,debt,251.07
72,14,58,existence,169.61
75,28,47,existence,121.84
60,48,12,debt,234.98
7,1,6,existence,11.06
81,50,31,payment,172.18
127,73,54,debt,285.02
144,25,119,payment,296.38
87,50,37,debt,281.75
22,17,5,debt,91.87
140,105,35,debt,353.91
4,2,2,payment,25.59
98,10,88,payment,209.48
83,70,13,existence,196.09
103,22,81,debt,232.39
155,134,21,debt,297.43
113,72,41,existence,305.76
149,93,56,debt,441.4
35,15,20,existence,90.65
76,15,61,payment,124.14
142,113,29,debt,509.66
107,72,35,debt,272.77
67,12,55,payment,192.6
1,1,0,debt,30.57
13,3,10,payment,44.6
94,23,71,payment,242.36
142,23,119,payment,201.2
11,1,10,existence,16.43
121,91,30,existence,361.02
51,4,47,debt,142.57
59,33,26,payment,167.88
67,63,4,debt,219.17
60,9,51,debt,142.32
19,6,13,debt,53.55
137,93,44,debt,381.17
79,30,49,payment,147.1
16,12,4,existence,46.83
117,70,47,existence,327.96
76,42,34,existence,231.48
97,80,17,existence,280.64
65,33,32,existence,143.09
10,6,4,existence,24.18
2,2,0,existence,5.94
75,40,35,existence,149.8
117,42,75,debt,360.4
7,5,2,payment,27.03
84,46,38,debt,182.5
50,16,34,payment,94.81
23,1,22,payment,50.8
116,48,68,existence,256.55
2,2,0,payment,18.15
106,13,93,existence,179.18
122,99,23,payment,355.68
97,18,79,debt,260.82
38,4,34,existence,87.09
128,11,117,existence,293.3
136,82,54,existence,367.47
43,13,30,debt,115.23
2,2,0,existence,6.55
12,7,5,existence,29.34
98,39,59,existence,144.77
77,38,39,existence,201.25
146,132,14,existence,394.9
99,27,72,payment,241.43
120,34,86,payment,242.97
115,58,57,debt,307.2
27,1,26,payment,79.77
121,43,78,existence,246.46
39,20,19,payment,99.57
15,13,2,debt,59.73
65,2,63,debt,169.43
2,2,0,payment,13.65
115,107,8,debt,380.18
28,24,4,debt,120.64
143,122,21,payment,398.64
125,67,58,debt,292.2
76,55,21,debt,161.24
108,97,11,debt,358.33
142,93,49,payment,392.5
50,47,3,existence,143.37
102,43,59,existence,250.44
78,46,32,payment,189.37
115,28,87,debt,252.76
95,62,33,payment,247.53
84,19,65,existence,220.18
58,56,2,debt,164.38
153,101,52,payment,301.75
15,9,6,debt,55.81
15,6,9,debt,46.36
114,76,38,existence,361.84
96,6,90,debt,257.16
123,10,113,debt,323.57
97,53,44,existence,234.43
154,68,86,existence,381.72
111,103,8,debt,247.84
129,50,79,debt,312.65
129,103,26,debt,337.56
157,86,71,payment,439.55
57,26,31,debt,126.97
71,1,70,payment,143.93
108,19,89,existence,248.4
70,28,42,payment,174.04
53,13,40,payment,155.27
147,1,146,debt,214.18
35,21,14,debt,88.24
69,17,52,existence,160.68
70,20,50,existence,125.53
73,68,5,debt,170.68
19,1,18,existence,29.32
109,91,18,debt,328.2
20,10,10,debt,61.01
62,40,22,existence,107.2
112,60,52,payment,241.43
86,22,64,payment,160.08
117,99,18,payment,434.5
149,133,16,payment,397.9
109,41,68,payment,253.97
10,6,4,existence,22.65
44,12,32,existence,78.91
156,126,30,existence,469.51
137,137,0,payment,442.86
137,90,47,existence,401.7
112,40,72,debt,221.38
152,132,20,debt,397.97
43,9,34,debt,119.57
42,19,23,payment,118.1
156,2,154,debt,268.23
113,46,67,existence,264.38
15,10,5,payment,48.78
75,50,25,debt,200.48
65,6,59,debt,144.47
79,19,60,debt,231.08
153,34,119,existence,375.27
66,64,2,existence,223.92
79,39,40,payment,162.68
76,39,37,debt,224.86
111,92,19,existence,272.87
22,2,20,debt,69.18
108,63,45,debt,333.58
13,9,4,debt,49.08
12,6,6,existence,37.31
110,78,32,existence,293.27
63,63,0,payment,199.04
67,60,7,debt,177.26
48,46,2,debt,169.64
56,48,8,debt,180.34
9,6,3,debt,49.56
61,19,42,payment,143.99
11,11,0,existence,36.54
60,35,25,existence,129.48
120,5,115,debt,235.49
140,39,101,existence,307.12
86,43,43,existence,268.28
45,25,20,existence,108.49
24,15,9,payment,57.26
102,15,87,existence,205.99
27,16,11,debt,96.26
99,56,43,existence,190.39
39,34,5,payment,128.04
36,14,22,existence,98.72
18,15,3,debt,81.82
89,7,82,debt,212.58
72,60,12,existence,147.98
119,66,53,existence,269.91
127,118,9,payment,316.83
1,1,0,existence,2.11
148,105,43,debt,382.52
71,37,34,debt,168.72
77,16,61,existence,110.18
48,32,16,payment,148.89
20,14,6,existence,36.99
55,7,48,payment,95.26
134,71,63,existence,353.57
88,21,67,debt,251.51
23,11,12,existence,49.24
91,13,78,payment,139.71
133,29,104,payment,250.74
25,11,14,payment,63.35
8,1,7,debt,45.43
16,3,13,debt,56.57
46,44,2,payment,136.66
71,3,68,debt,141.82
56,29,27,existence,118.31
23,20,3,debt,100.96
99,95,4,debt,269.81
28,5,23,existence,72.08
32,16,16,debt,93.45
96,3,93,debt,184.94
105,26,79,payment,180.96
108,39,69,payment,197.65
130,101,29,payment,374.89
38,21,17,existence,69.24
61,30,31,existence,123.06
108,100,8,payment,429.66
33,10,23,debt,97.99
116,90,26,existence,330.82
73,45,28,existence,192.94
141,27,114,payment,367.03
79,33,46,payment,194.92
78,71,7,debt,267.56
57,49,8,existence,172.52
139,33,106,existence,386.09
119,74,45,debt,360.32
99,71,28,existence,181.94
36,24,12,existence,75.25
90,6,84,payment,207.23
51,9,42,payment,142.71
114,19,95,existence,225.18
106,49,57,existence,187.89
44,22,22,debt,130.79
70,47,23,existence,177.62
64,46,18,existence,152.6
122,110,12,payment,399.32
104,38,66,existence,187.74
146,104,42,debt,355.92
1,1,0,debt,24.65
55,38,17,existence,103.44
25,24,1,existence,75.74
1,1,0,debt,14.55
53,18,35,existence,113.78
109,103,6,payment,332.63
25,10,15,existence,37.55
83,42,41,existence,188.73
111,107,4,existence,283.52
8,7,1,debt,49.81
140,94,46,existence,339.41
46,14,32,debt,112.86
82,23,59,payment,171.77
26,14,12,existence,62.7
104,8,96,payment,261.1
136,75,61,payment,281.11
120,2,118,payment,215.3
49,44,5,payment,184.93
82,66,16,payment,236.45
82,67,15,existence,175.36
21,15,6,debt,54.75
116,116,0,debt,391.11
134,51,83,debt,418.42
86,71,15,debt,291.95
104,43,61,debt,262.32
156,109,47,existence,455.3
92,19,73,debt,183.65
102,43,59,payment,240.26
122,61,61,debt,203.87
7,1,6,debt,28.63
78,42,36,existence,141.14
56,30,26,debt,143.37
116,10,106,debt,225.47
127,5,122,existence,294.25
134,104,30,debt,264.71
137,106,31,payment,460.72
13,8,5,existence,33.91
137,119,18,existence,416.4
17,5,12,debt,55.81
9,8,1,existence,33.19
12,8,4,existence,32.26
102,26,76,payment,255.35
84,67,17,payment,191.45
44,16,28,debt,94.07
99,96,3,debt,368.42
14,6,8,existence,40.93
143,47,96,existence,284.63
68,11,57,payment,114.23
155,134,21,existence,364.44
145,140,5,existence,390.34
7,1,6,existence,15.45
21,12,9,payment,70.31
68,19,49,debt,208.31
64,45,19,debt,145.13
134,76,58,debt,404.55
149,127,22,payment,472.92
95,52,43,existence,197.42
48,10,38,payment,107.92
79,63,16,payment,166.94
22,4,18,payment,42.62
155,35,120,payment,339.03
156,116,40,payment,447.69
92,55,37,debt,222.15
37,27,10,existence,122.86
127,95,32,debt,245.31
126,61,65,payment,231.31
121,8,113,existence,196.51
37,6,31,existence,98.91
157,60,97,payment,339.24
72,15,57,existence,138.38
62,31,31,debt,140.74
29,9,20,payment,62.36
83,45,38,existence,228.69
141,35,106,existence,383.08
76,71,5,payment,231.19
70,19,51,debt,140.14
48,3,45,debt,88.14
53,37,16,debt,153.65
78,16,62,debt,171.69
122,20,102,debt,313.45
31,17,14,existence,81.4
30,20,10,existence,68.39
107,16,91,existence,263.36
43,42,1,existence,113.77
142,53,89,debt,398.82
3,2,1,debt,38.26
103,74,29,debt,248.24
155,132,23,debt,487.04
144,63,81,existence,409.18
146,114,32,debt,510.05
5,4,1,payment,20.91
109,15,94,existence,271.33
92,8,84,payment,199.29
126,78,48,debt,369.17
90,6,84,payment,175.16
79,48,31,existence,192.98
31,7,24,payment,89.7
132,128,4,existence,456.4
50,27,23,existence,89.59
7,6,1,payment,31.41
143,11,132,payment,195.31
123,55,68,payment,300.95
57,31,26,debt,174.45
46,6,40,payment,120.59
150,59,91,existence,253.94
59,54,5,debt,175.52
110,91,19,existence,248.1
71,50,21,debt,243.16
20,8,12,debt,57.88
129,128,1,existence,363.34
55,9,46,existence,86.46
8,6,2,existence,15.61
136,30,106,existence,358.01
102,62,40,payment,238.33
78,38,40,debt,233.9
157,10,147,existence,406.77
127,28,99,debt,316.18
79,7,72,debt,167.82
156,88,68,existence,441.56
44,17,27,existence,115.08
150,27,123,existence,303.88
6,4,2,existence,12.96
121,79,42,existence,218.9
69,33,36,debt,155.47
133,54,79,debt,265.84
86,57,29,payment,249.01
98,4,94,debt,213.38
36,14,22,debt,95.02
60,40,20,existence,178.14
119,33,86,debt,307.4
41,41,0,existence,95.7
52,15,37,existence,123.46
62,59,3,debt,207.66
37,3,34,existence,62.92
94,59,35,existence,299.06
80,2,78,payment,115.46
71,5,66,existence,162.66
46,17,29,existence,125.25
16,11,5,existence,50.74
157,24,133,debt,373.98
33,17,16,payment,65.35
78,60,18,existence,273.9
100,25,75,payment,173.64
113,49,64,debt,217.2
16,16,0,payment,61.55
101,8,93,existence,164.38
88,34,54,payment,212.57
57,56,1,existence,160.29
124,16,108,debt,258.23
29,18,11,debt,89.56
35,16,19,payment,71.09
4,3,1,debt,37.55
140,130,10,payment,335.03
126,108,18,debt,464.33
48,37,11,payment,143.31
156,70,86,payment,276.81
131,59,72,debt,292.23
125,53,72,existence,264.44
127,49,78,existence,311.26
155,107,48,debt,548.94
31,5,26,existence,83.82
19,17,2,existence,35.77
63,45,18,existence,134.28
75,46,29,payment,157.1
11,4,7,payment,45.33
66,23,43,existence,107.04
59,48,11,existence,209.29
55,55,0,debt,182.55
10,3,7,existence,20.79
8,3,5,payment,35.15
98,31,67,debt,173.95
145,32,113,payment,274.91
10,7,3,payment,43.8
153,40,113,debt,222.8
39,8,31,payment,96.98
111,57,54,payment,336.2
108,90,18,debt,284.26
29,12,17,payment,67.6
87,47,40,existence,215.67
156,69,87,payment,387.34
51,9,42,payment,120.68
130,72,58,payment,371.63
122,59,63,payment,299.63
36,1,35,existence,79.64
77,31,46,debt,239.72
41,37,4,existence,106.02
54,40,14,existence,129.73
150,54,96,payment,431.21
140,62,78,debt,303.03
46,12,34,debt,138.36
128,47,81,existence,384.66
66,52,14,existence,211.01
145,50,95,payment,393.94
44,28,16,payment,139.02
121,107,14,debt,253.17
79,22,57,debt,171.96
108,44,64,existence,279.72
98,95,3,existence,293.98
130,58,72,payment,372.47
9,6,3,payment,35.82
12,8,4,payment,44.4
138,93,45,payment,404.06
27,24,3,debt,84.53
13,13,0,payment,40.23
44,19,25,payment,111.88
122,63,59,debt,389.7
144,22,122,existence,303.72
26,7,19,payment,75.14
88,87,1,payment,270.46
81,17,64,existence,210.29
33,10,23,existence,66.85
155,150,5,payment,431.3
14,8,6,payment,40.22
117,96,21,existence,261.42
61,55,6,existence,153.18
121,53,68,payment,338.53
15,5,10,payment,30.38
14,6,8,debt,56.23
116,75,41,existence,377.56
75,53,22,existence,157.71
135,12,123,debt,280.76
103,23,80,existence,232.92
52,12,40,debt,90.01
8,6,2,existence,23.06
98,10,88,debt,214.99
109,7,102,existence,167.25
109,47,62,payment,308.2
73,56,17,existence,145.77
133,110,23,existence,460.12
79,16,63,debt,207.36
51,16,35,debt,129.2
41,14,27,debt,110.99
78,1,77,payment,122.7
44,32,12,existence,106.53
111,87,24,payment,330.16
63,9,54,existence,156.12
102,23,79,debt,224.64
23,4,19,debt,59.05
47,8,39,payment,82.67
18,3,15,payment,56.14
154,128,26,existence,409.8
84,14,70,debt,210.88
131,76,55,existence,377.5
155,42,113,payment,258.36
17,17,0,payment,69.14
80,6,74,debt,154.05
55,45,10,debt,145.35
8,4,4,debt,50.4
74,60,14,debt,247.49
70,45,25,debt,258.34
156,49,107,payment,447.4
127,52,75,debt,286.42
120,50,70,debt,319.28
44,26,18,existence,99.27
38,14,24,debt,128.97
79,73,6,payment,248.88
121,42,79,debt,334.33
121,5,116,existence,183.2
68,50,18,debt,202.98
122,9,113,payment,198.31
19,10,9,debt,65.11
121,33,88,existence,243.06
51,21,30,existence,126.71
54,49,5,payment,131.94
124,104,20,existence,411.17
84,26,58,existence,202.95
54,5,49,payment,117.86
116,86,30,existence,379.44
26,18,8,existence,59.77
6,3,3,existence,16.21
44,44,0,debt,181.69
2,2,0,existence,6.39
56,38,18,payment,175.87
86,80,6,debt,310.39
41,29,12,payment,135.5
42,19,23,payment,94.27
93,64,29,debt,212.61
67,45,22,payment,178.7
131,102,29,existence,389.57
10,7,3,debt,39.08
109,26,83,payment,299.66
75,26,49,existence,181.13
77,64,13,existence,207.13
133,104,29,payment,312.85
74,37,37,debt,155.62
85,33,52,debt,240.09
33,10,23,payment,104.73
75,6,69,debt,193.5
103,25,78,debt,281.61
39,37,2,payment,120.78
56,41,15,debt,166.03
85,32,53,debt,176.75
64,17,47,payment,111.69
30,17,13,existence,86.92
19,7,12,existence,47.75
132,8,124,existence,206.62
2,1,1,payment,17.03
63,46,17,payment,204.59
5,5,0,debt,24.9
146,74,72,existence,354.22
130,1,129,debt,322.78
66,38,28,existence,176.45
142,71,71,debt,457.79
149,61,88,payment,318.67
3,3,0,payment,22.72
72,13,59,existence,156.58
78,39,39,debt,222.25
1,1,0,existence,2.73
84,46,38,debt,169.45
60,38,22,debt,177.5
82,14,68,debt,214.24
60,22,38,existence,125.06
52,50,2,payment,212.29
25,19,6,payment,80.64
10,9,1,payment,36.75
78,51,27,payment,223.97
94,43,51,payment,254.42
28,18,10,debt,79.13
120,26,94,debt,316.26
84,39,45,existence,169.72
152,16,136,existence,221.92
19,5,14,payment,60.2
70,24,46,debt,177.09
4,4,0,debt,41.45
71,57,14,existence,151.21
21,15,6,existence,57.17
34,17,17,debt,121.22
134,131,3,existence,370.23
84,42,42,debt,185.5
2,2,0,payment,16.25
124,14,110,debt,181.01
38,38,0,payment,143.93
154,112,42,payment,516.04
28,4,24,debt,67.46
10,10,0,debt,63.33
142,120,22,existence,460.08
46,41,5,existence,158.99
141,111,30,debt,273.68
150,95,55,existence,295.29
47,7,40,debt,107.47
45,11,34,existence,110.11
80,61,19,debt,232.77
22,8,14,payment,65.2
59,44,15,payment,140.19
105,76,29,debt,288.2
146,97,49,existence,423.55
98,33,65,payment,183.36
58,15,43,payment,117.12
58,49,9,payment,145.49
68,30,38,payment,187.03
150,129,21,debt,417.91
77,44,33,payment,220.76
108,107,1,payment,343.1
22,9,13,existence,37.98
19,10,9,payment,63.63
8,4,4,payment,37.67
16,9,7,existence,35.95
36,21,15,payment,92.91
71,11,60,existence,125.57
48,25,23,existence,117.57
8,3,5,payment,32.46
10,2,8,payment,30.95
132,18,114,debt,249.58
108,42,66,payment,198.25
84,15,69,payment,194.9
37,5,32,debt,94.97
78,22,56,existence,183.07
57,10,47,existence,79.07
1,1,0,payment,18.98
55,28,27,payment,176.35
15,5,10,existence,42.87
98,14,84,existence,188.6
154,6,148,payment,245.8
96,77,19,existence,251.06
121,5,116,payment,239.23
42,23,19,debt,115.58
56,34,22,existence,117.12
53,7,46,payment,100.41
124,105,19,existence,385.9
36,19,17,payment,123.36
143,4,139,debt,265.03
62,15,47,existence,122.5
57,7,50,payment,118.14
60,19,41,existence,124.43
128,30,98,payment,290.1
120,118,2,existence,405.58
11,9,2,debt,39.92
15,13,2,payment,42.42
72,45,27,debt,204.37
134,72,62,existence,399
134,27,107,debt,332.26
9,9,0,payment,32.83
30,14,16,existence,67.53
29,8,21,debt,96.79
24,19,5,existence,66.83
150,58,92,payment,343.68
60,59,1,existence,197.98
11,10,1,debt,57.72
99,75,24,payment,315.95
81,77,4,existence,291.31
108,80,28,payment,311.24
133,29,104,payment,250.82
126,97,29,debt,353.84
3,1,2,existence,8.35
113,103,10,payment,381.9
39,19,20,debt,116.6
26,11,15,payment,74.86
77,69,8,payment,272.7
16,16,0,payment,62.43
133,32,101,existence,190.68
24,18,6,existence,58.81
26,13,13,existence,71.25
77,41,36,debt,267.3
129,85,44,debt,307.9
47,31,16,existence,137.47
45,30,15,payment,136.85
18,17,1,debt,80.5
94,10,84,debt,195
73,5,68,existence,100.85
9,6,3,existence,24.01
31,15,16,existence,72.43
27,27,0,debt,88.11
46,9,37,debt,107.24
16,3,13,payment,43.45
51,47,4,existence,151.9
145,121,24,payment,302.11
29,28,1,payment,86.94
77,37,40,payment,208.77
69,10,59,debt,121.5
54,20,34,payment,103.42
109,81,28,payment,340.53
54,38,16,payment,145.77
131,100,31,payment,382.52
95,53,42,existence,226.25
14,4,10,payment,51.99
34,12,22,debt,98.99
125,100,25,payment,271.98
64,6,58,existence,160.86
117,23,94,debt,305.44
39,18,21,payment,73.84
150,43,107,debt,266.76
120,76,44,payment,295.02
147,31,116,debt,360.46
1,1,0,payment,9.65
30,13,17,debt,72.48
129,50,79,debt,211.5
16,12,4,debt,63.58
25,22,3,debt,96.96
33,32,1,debt,93.73
13,8,5,payment,40.39
9,3,6,debt,41.72
3,3,0,debt,23.58
4,2,2,payment,24.09
30,7,23,existence,76.37
137,6,131,payment,172.97
91,31,60,debt,220.39
19,13,6,existence,37.74
116,90,26,debt,369.64
39,11,28,payment,74.24
38,13,25,payment,65.93
47,10,37,debt,103.3
83,72,11,existence,248.9
13,3,10,existence,18.28
133,78,55,payment,367.87
13,6,7,payment,46.65
101,101,0,payment,286.53
125,11,114,existence,254.34
39,21,18,payment,71.27
59,42,17,debt,136.9
47,21,26,debt,153.71
23,22,1,existence,55.53
101,97,4,payment,307.18
43,6,37,payment,93.91
143,70,73,existence,328
20,16,4,debt,70.63
34,13,21,payment,83.89
54,5,49,payment,88.79
84,2,82,existence,109.27
57,26,31,existence,132.48
128,27,101,payment,188.9
22,9,13,payment,50.5
103,58,45,payment,306.81
130,12,118,existence,222.97
18,4,14,payment,40.37
78,21,57,existence,197.48
105,67,38,debt,300.15
37,25,12,debt,119.56
11,7,4,payment,38.2
68,60,8,debt,217.11
51,28,23,debt,114.48
58,44,14,debt,190.37
76,24,52,existence,198.09
95,19,76,debt,167.5
144,77,67,debt,387.13
21,21,0,existence,66.13
86,13,73,payment,156.38
121,63,58,debt,332.83
28,26,2,debt,88.3
107,72,35,payment,289.55
25,4,21,existence,37.74
116,36,80,payment,262.14
134,32,102,existence,198.69
55,41,14,debt,200.43
128,87,41,existence,294.35
123,15,108,payment,276.18
31,25,6,existence,97.34
137,25,112,payment,335.64
86,3,83,payment,210.62
55,27,28,debt,160.76
133,67,66,existence,331.05
59,22,37,payment,169.85
87,63,24,existence,161.85
141,79,62,existence,359.81
121,61,60,debt,371.2
157,115,42,payment,388.61
2,1,1,existence,4.69
96,36,60,debt,234.72
90,10,80,existence,174.03
148,41,107,debt,337.28
41,40,1,debt,149.19
126,101,25,debt,272.55
139,56,83,existence,257.78
61,60,1,debt,242.46
47,11,36,payment,117.33
91,27,64,existence,218.57
132,25,107,existence,238
80,22,58,payment,194.41
48,14,34,debt,146.49
4,2,2,existence,10.29
15,14,1,debt,59.3
134,86,48,existence,298.1
88,88,0,payment,242.91
119,111,8,payment,358.05
138,40,98,debt,345.56
106,31,75,existence,204.83
53,44,9,existence,168.98
9,9,0,payment,34.03
77,26,51,payment,215.59
26,11,15,existence,54.29
9,9,0,existence,27.23
156,94,62,debt,442.65
131,121,10,debt,447.6
80,17,63,debt,224.88
127,14,113,payment,217.98
49,45,4,existence,149.13
73,5,68,debt,201.46
15,12,3,debt,61.7
16,7,9,payment,50.07
71,34,37,debt,161.01
14,10,4,debt,46.43
85,70,15,existence,243
122,60,62,payment,243.79
32,27,5,payment,93.5
35,3,32,existence,69.33
79,33,46,debt,228.25
50,15,35,payment,119.47
6,1,5,debt,36.21
151,78,73,payment,269.07
143,109,34,existence,371.6
115,73,42,existence,225.41
105,71,34,payment,271.14
15,9,6,debt,41.78
56,18,38,payment,100.03
126,73,53,existence,356.7
4,1,3,payment,11.97
16,11,5,existence,41.93
137,89,48,debt,403.49
34,14,20,payment,102.79
126,14,112,debt,321.22
23,14,9,existence,60.16
116,47,69,debt,258.43
96,18,78,debt,202.36
136,107,29,debt,434.25
139,107,32,existence,407.61
142,94,48,debt,518.53
112,102,10,debt,358.16
157,66,91,debt,335.33
123,1,122,existence,149.14
90,15,75,debt,201.97
34,4,30,existence,57.05
146,1,145,payment,327.31
93,89,4,debt,379.02
65,6,59,debt,127.81
8,4,4,payment,33.33
122,87,35,payment,280.03
88,31,57,payment,177.45
116,7,109,existence,145.52
96,30,66,existence,191.4
64,2,62,existence,149.5
131,80,51,payment,300.55
118,48,70,debt,340.11
50,16,34,payment,119.96
78,78,0,existence,188.47
67,37,30,debt,225.8
21,10,11,payment,49.94
21,13,8,existence,43.18
26,1,25,existence,58.94
40,23,17,existence,77.95
126,8,118,existence,189.73
67,53,14,payment,207.03
12,7,5,existence,27.41
38,35,3,payment,150.75
106,104,2,payment,326.13
115,77,38,payment,332.71
61,55,6,debt,220.9
59,37,22,existence,155.74
144,134,10,existence,464.32
15,7,8,payment,50.76
26,4,22,debt,52.86
152,92,60,existence,256.33
40,15,25,debt,89.59
75,75,0,payment,175.51
111,5,106,debt,285.1
92,61,31,debt,202.2
27,17,10,payment,85.8
70,48,22,debt,250.69
101,81,20,payment,243.12
71,68,3,existence,198.71
110,38,72,debt,295.32
108,43,65,debt,231.52
12,4,8,payment,39.55
120,15,105,payment,261.63
115,8,107,existence,191.01
113,113,0,debt,413.37
22,20,2,payment,71.2
141,27,114,existence,221.91
77,63,14,debt,219.82
14,2,12,payment,41.46
86,34,52,payment,254.89
18,12,6,existence,50.36
31,5,26,debt,86.17
90,36,54,existence,230.89
75,44,31,debt,183.14
61,46,15,existence,165.07
81,16,65,debt,204.48
157,143,14,existence,493.45
108,83,25,payment,368.48
140,98,42,existence,357.16
5,5,0,existence,15.19
106,47,59,payment,281.07
25,19,6,debt,84.68
127,100,27,existence,346.22
35,1,34,existence,85.8
85,75,10,payment,201.05
151,85,66,existence,270.71
126,114,12,existence,389.36
89,28,61,debt,233.01
76,18,58,existence,139.83
61,36,25,payment,157.22
45,34,11,payment,137.8
17,9,8,existence,34.9
155,1,154,debt,212.87
57,25,32,existence,160.61
131,44,87,payment,306.9
103,20,83,payment,153.14
71,34,37,debt,214.37
19,9,10,debt,73.49
38,15,23,existence,57.35
119,12,107,existence,229.71
107,58,49,debt,219.75
148,49,99,debt,378.36
154,112,42,payment,398.17
21,8,13,existence,59.94
49,13,36,payment,147.98
29,10,19,debt,85.87
108,82,26,debt,239.26
100,13,87,debt,237.29
117,76,41,payment,325.88
52,14,38,debt,142.39
134,33,101,debt,251.49
12,2,10,debt,31.12
85,79,6,existence,244.96
144,33,111,existence,284.49
116,14,102,debt,308.78
120,17,103,existence,267.93
76,1,75,payment,179.8
115,99,16,debt,321.94
126,88,38,existence,331
134,82,52,debt,419.21
126,110,16,debt,312.47
136,117,19,existence,415.26
42,14,28,debt,122.39
51,23,28,payment,162.45
126,113,13,existence,261
58,27,31,debt,110.16
94,21,73,payment,138.61
81,69,12,debt,213.09
72,68,4,existence,203.52
142,94,48,payment,276.39
122,26,96,debt,264.96
117,66,51,debt,383.3
96,86,10,existence,233.04
84,33,51,debt,165.29
5,1,4,debt,22.14
91,20,71,payment,235.44
134,86,48,payment,350.37
71,15,56,payment,182.17
81,51,30,payment,213.31
91,43,48,existence,266.05
108,38,70,existence,230.8
88,76,12,payment,210.93
148,36,112,payment,392.36
42,13,29,existence,63.72
73,65,8,debt,240.21
62,11,51,existence,117.35
149,75,74,debt,453.27
93,19,74,existence,205.44
104,69,35,payment,256.28
130,65,65,payment,419.01
104,15,89,existence,160.75
1,1,0,debt,14.04
46,31,15,existence,111.49
152,48,104,existence,306.28
13,3,10,existence,23.41
96,70,26,payment,320.09
34,9,25,existence,54.03
24,12,12,debt,74.44
44,24,20,debt,152
81,74,7,debt,247.79
18,11,7,existence,53.18
144,96,48,debt,336.5
39,16,23,existence,113.03
3,2,1,existence,6.23
11,11,0,debt,57.64
40,2,38,existence,97.68
61,30,31,payment,200.48
4,1,3,payment,25.43
5,4,1,payment,27.99
66,12,54,payment,172.91
73,21,52,existence,195.37
91,9,82,payment,146.98
140,104,36,existence,339.22
109,89,20,existence,368.57
45,24,21,payment,132.62
52,47,5,debt,160.99
141,21,120,payment,246.65
23,17,6,debt,108.73
64,35,29,payment,188.56
135,96,39,existence,364.7
100,28,72,payment,213.63
135,68,67,payment,242.91
78,2,76,payment,177.18
118,93,25,payment,377.91
76,60,16,existence,254.91
57,12,45,existence,102.4
154,65,89,debt,285.01
144,57,87,existence,259.57
88,80,8,debt,294.2
53,18,35,debt,116.31
150,90,60,existence,303.18
137,73,64,payment,349.09
105,19,86,debt,181.88
8,5,3,debt,35.69
125,38,87,payment,212.82
117,25,92,existence,204.67
86,15,71,existence,126.74
155,10,145,payment,361.43
48,38,10,debt,116.79
156,73,83,payment,427
136,70,66,existence,345.42
129,8,121,debt,277.81
106,30,76,payment,291.97
13,1,12,existence,18.62
57,7,50,debt,151.32
35,34,1,existence,74.92
53,17,36,payment,102.43
121,14,107,debt,330.76
52,17,35,payment,101.88
1,1,0,existence,2.69
131,20,111,payment,295.1
34,34,0,debt,108.89
10,1,9,debt,25.06
53,47,6,payment,186.58
115,19,96,payment,254.56
52,52,0,debt,168.26
10,10,0,payment,47.1
130,102,28,debt,460.16
20,1,19,payment,52.42
3,2,1,existence,6.53
57,49,8,debt,177.44
130,111,19,debt,375.83
17,4,13,debt,48.38
73,28,45,existence,160.12
102,101,1,payment,343.54
93,50,43,payment,229.28
58,7,51,existence,129.34
17,15,2,debt,65.57
59,42,17,existence,149.95
35,18,17,debt,104.06
8,3,5,debt,44.17
151,95,56,existence,311.6
68,26,42,existence,184.2
85,5,80,existence,153.64
65,30,35,payment,190.38
66,25,41,existence,173.2
102,13,89,existence,156.7
64,46,18,debt,153.62
128,78,50,debt,377.84
72,59,13,payment,220.85
155,150,5,existence,471.24
144,86,58,payment,292.61
87,75,12,existence,222.62
2,2,0,payment,19.49
48,7,41,payment,122
35,17,18,existence,101.38
108,74,34,existence,302.39
28,3,25,debt,62.41
111,78,33,payment,311.28
121,78,43,existence,230.97
79,55,24,debt,260.49
9,5,4,debt,53.73
89,24,65,payment,135.94
149,52,97,debt,350.09
46,35,11,existence,128.13
44,37,7,existence,102.22
39,2,37,payment,74.21
4,4,0,existence,9.74
108,13,95,existence,201.79
52,1,51,existence,119.74
88,86,2,debt,262.87
142,72,70,existence,325.59
35,19,16,existence,79.81
71,24,47,existence,142.7
79,73,6,debt,245.68
23,21,2,debt,80.09
99,36,63,existence,155.59
110,26,84,payment,300.5
96,96,0,debt,319.73
105,72,33,payment,234.55
11,8,3,debt,43.21
151,1,150,payment,263.56
100,52,48,existence,196.54
49,21,28,payment,102.05
107,25,82,existence,185.04
87,37,50,existence,156.14
28,7,21,payment,87.87
97,82,15,debt,296.66
68,68,0,payment,257.77
66,13,53,existence,99.81
33,20,13,existence,81.63
65,41,24,existence,126.34
146,111,35,payment,396.17
27,8,19,debt,94.29
47,27,20,debt,143.57
113,47,66,debt,333.75
94,87,7,payment,204.65
70,30,40,existence,187.12
143,114,29,existence,302.91
64,16,48,existence,154.87
67,44,23,existence,151.14
42,42,0,existence,154.67
128,3,125,payment,263.17
145,34,111,debt,298.55
134,74,60,debt,335.54
17,6,11,payment,65.58
35,28,7,existence,93.11
115,7,108,existence,253.51
101,90,11,debt,361.58
102,88,14,payment,297.27
79,52,27,existence,268.85
36,36,0,debt,125.29
115,69,46,debt,330.57
137,68,69,payment,360.38
76,55,21,debt,206.86
139,125,14,payment,464.06
119,60,59,existence,331.15
36,11,25,payment,90.55
143,67,76,debt,437.47
138,38,100,payment,334.55
40,37,3,existence,121.64
156,106,50,payment,435.24
128,24,104,payment,185.26
39,4,35,payment,81.72
20,7,13,payment,61.21
91,89,2,debt,314.07
70,17,53,debt,166.47
77,28,49,existence,153.63
74,67,7,debt,239.19
10,3,7,existence,23.45
107,9,98,payment,261.64
20,4,16,debt,66.41
51,36,15,existence,145.05
50,40,10,existence,134.6
114,98,16,debt,374.84
119,68,51,payment,288.83
78,65,13,existence,247.37
17,2,15,payment,34.91
22,20,2,debt,79.86
55,9,46,debt,105
140,22,118,debt,247.25
120,57,63,payment,332.78
135,92,43,payment,310.28
44,10,34,existence,102.9
57,18,39,payment,94.25
156,91,65,existence,311.44
66,39,27,debt,191.82
64,8,56,debt,147.01
45,1,44,payment,71.36
43,35,8,existence,117.08
20,5,15,debt,69.2
144,5,139,debt,353.38
27,12,15,debt,91.69
45,28,17,payment,161.59
14,7,7,existence,44.23
88,36,52,existence,176.16
133,96,37,debt,446.09
84,25,59,payment,218.91
15,4,11,existence,25.15
154,57,97,payment,340.16
20,9,11,payment,49.58
17,12,5,existence,32.11
145,139,6,payment,516.19
16,1,15,existence,23.29
129,19,110,debt,221.56
12,9,3,debt,65.54
110,34,76,payment,288.11
2,2,0,payment,18.91
145,129,16,existence,348.94
52,30,22,existence,141.63
106,5,101,debt,185.02
86,54,32,payment,244.18
77,55,22,debt,233.5
44,6,38,payment,66.25
122,109,13,existence,359.01
38,29,9,payment,118.39
115,36,79,existence,187.81
52,26,26,payment,114.93
144,30,114,payment,314.05
111,97,14,existence,317.09
57,44,13,debt,169.97
151,74,77,payment,293.09
144,10,134,debt,338.75
101,15,86,payment,220.88
101,84,17,debt,358.52
14,2,12,debt,37.91
30,21,9,existence,53.45
111,44,67,payment,336.55
77,10,67,debt,140.82
77,42,35,debt,173.58
1,1,0,debt,21.11
9,3,6,payment,38.89
68,66,2,payment,193.39
15,7,8,debt,37.95
45,30,15,debt,118.01
34,6,28,payment,98.63
97,77,20,payment,192.61
6,2,4,payment,20.91
128,72,56,existence,323.26
23,11,12,debt,88.52
39,8,31,existence,77.32
30,5,25,debt,63.93
91,75,16,debt,256.17
32,1,31,debt,72.9
76,43,33,debt,198.93
16,7,9,existence,27.95
52,38,14,existence,150.19
96,7,89,payment,171.31
116,34,82,debt,322.43
27,10,17,payment,68.95
153,2,151,debt,326.33
64,42,22,existence,184.26
34,9,25,existence,89.75
24,21,3,existence,61.92
95,15,80,existence,130.73
121,10,111,existence,265.6
74,74,0,debt,227.48
139,3,136,payment,239.37
142,133,9,existence,316.53
103,85,18,existence,255.62
136,20,116,existence,260.56
31,4,27,payment,87.59
99,78,21,payment,302.77
151,149,2,payment,432.71
31,25,6,payment,96.62
118,38,80,debt,253.17
65,7,58,debt,115.99
145,34,111,debt,287.44
68,8,60,debt,127.57
72,14,58,existence,156.94
114,34,80,payment,238.95
91,51,40,debt,286.14
95,91,4,payment,225.05
69,46,23,debt,212.42
32,30,2,payment,84.76
90,44,46,debt,285.15
135,117,18,existence,438.89
11,1,10,payment,30
59,50,9,debt,177.2
92,75,17,debt,256.76
87,61,26,existence,208.74
114,83,31,debt,224.88
119,35,84,payment,300.27
134,38,96,payment,284.11
91,57,34,debt,176.23
57,12,45,debt,156.73
126,114,12,payment,386.67
31,13,18,payment,72.44
126,21,105,debt,336.58
54,14,40,debt,130.59
29,17,12,existence,76.84
103,47,56,debt,250.56
24,6,18,payment,53.37
64,54,10,debt,229.48
67,58,9,existence,242.54
111,17,94,payment,267.26
35,34,1,payment,137.77
49,24,25,existence,109.74
155,55,100,debt,409.02
5,4,1,debt,32.16
96,69,27,payment,338.02
35,11,24,debt,76.51
28,18,10,payment,74.71
42,18,24,debt,97.33
142,1,141,debt,309.64
45,33,12,existence,88.37
104,16,88,payment,200.88
67,41,26,payment,139.29
129,4,125,existence,210.46
54,2,52,debt,104.07
108,17,91,existence,207.66
5,5,0,existence,17.43
31,1,30,payment,82.57
156,135,21,debt,438.67
9,9,0,payment,42.94
84,48,36,existence,133.71
13,1,12,payment,32.21
122,117,5,payment,263.56
31,1,30,payment,63.42
65,53,12,existence,190.86
74,22,52,existence,140.19
138,3,135,existence,324.52
70,64,6,payment,214.22
61,28,33,payment,154.78
115,22,93,payment,276.62
152,60,92,payment,281.71
36,8,28,payment,65.04
35,11,24,debt,81.73
57,26,31,payment,117.58
5,3,2,existence,10.83
141,133,8,payment,418.06
101,17,84,debt,264.25
27,22,5,debt,90.97
51,23,28,debt,156.02
31,5,26,debt,77.11
18,4,14,debt,51.94
45,8,37,payment,113.64
1,1,0,existence,3.1
38,3,35,debt,95.71
61,46,15,payment,183.01
67,7,60,debt,139.15
69,25,44,existence,153.62
46,32,14,debt,170.89
90,54,36,existence,179.1
71,45,26,existence,149.57
143,29,114,debt,217.13
147,21,126,debt,404.08
83,19,64,debt,186.17
37,14,23,debt,134.3
130,118,12,payment,436.99
78,16,62,payment,160.11
15,1,14,existence,24.34
150,37,113,debt,400.54
103,86,17,payment,370.97
101,74,27,existence,303.35
95,67,28,existence,256.35
157,58,99,debt,395.83
142,113,29,existence,408.09
11,10,1,existence,26.5
101,54,47,debt,260.48
89,24,65,debt,159.65
82,8,74,existence,188.19
130,118,12,existence,445.46
142,73,69,payment,404.26
17,17,0,debt,79.11
131,102,29,debt,448.78
149,101,48,debt,428.97
65,26,39,payment,134.17
57,28,29,debt,144.48
70,8,62,existence,154.91
94,76,18,existence,245.56
34,30,4,debt,118.48
121,111,10,debt,415.21
99,30,69,debt,278.76
24,10,14,existence,64.83
12,2,10,existence,26.02
107,93,14,payment,263.78
118,10,108,existence,281.42
149,64,85,debt,374.4
67,55,12,debt,199.41
92,12,80,payment,246.27
36,36,0,debt,139.65
69,9,60,existence,114.79
110,38,72,existence,321.2
121,89,32,debt,341.94
117,4,113,existence,289.82
72,9,63,existence,176.13
81,19,62,existence,167.35
139,33,106,existence,357.63
2,1,1,payment,22.52
114,112,2,existence,275
18,3,15,debt,50.96
14,11,3,payment,66.81
127,57,70,payment,364.67
80,23,57,debt,185.42
116,69,47,payment,302.88
46,34,12,existence,112.28
34,18,16,payment,102.48
85,26,59,existence,155.78
64,8,56,payment,179.3
70,39,31,debt,171.06
141,45,96,existence,284.33
81,60,21,existence,216.7
52,13,39,existence,111.3
26,4,22,payment,67.5
119,31,88,debt,337.04
63,29,34,debt,117.61
55,3,52,debt,126.45
11,9,2,debt,44.84
106,15,91,payment,190.79
78,63,15,debt,207.3
150,55,95,payment,349.53
69,10,59,existence,179.6
84,74,10,payment,269.52
37,2,35,debt,99.1
143,36,107,debt,366.26
27,1,26,existence,32.99
139,81,58,existence,298.34
85,51,34,payment,168.96
15,9,6,existence,38.83
59,18,41,existence,94.79
2,1,1,debt,15.13
99,55,44,payment,218
3,2,1,debt,37.67
40,28,12,existence,83.04
138,118,20,existence,351.24
4,4,0,payment,33.12
33,19,14,payment,70.58
91,35,56,debt,225.92
109,46,63,debt,281.01
118,6,112,payment,282.06
50,13,37,debt,148.04
146,28,118,debt,382.11
123,15,108,payment,258.28
145,27,118,debt,334.34
18,6,12,debt,49.96
148,11,137,debt,374.52
73,21,52,existence,185.55
130,128,2,debt,337.42
25,6,19,payment,71.94
89,42,47,debt,186.27
20,3,17,existence,35.74
73,70,3,existence,179.47
36,34,2,existence,86.53
105,60,45,payment,231.99
153,86,67,debt,412.24
157,67,90,payment,372.15
14,13,1,existence,33.17
53,38,15,existence,111.36
31,11,20,existence,84.45
136,86,50,existence,370.88
151,44,107,existence,359.54
87,33,54,payment,242.79
142,117,25,payment,413.54
143,125,18,existence,498.73
72,49,23,payment,163.56
147,23,124,existence,316.57
4,1,3,payment,25.1
124,41,83,payment,239.17
69,19,50,payment,171.58
84,80,4,payment,254.82
121,39,82,payment,214.18
145,89,56,debt,336.5
21,1,20,debt,64.7
109,36,73,existence,239.7
29,12,17,existence,64.49
31,1,30,debt,61.98
47,8,39,payment,104.82
59,56,3,debt,248.72
105,85,20,payment,280.38
120,30,90,existence,256.61
9,7,2,payment,31.32
33,32,1,debt,87.75
12,7,5,existence,37.19
151,17,134,debt,324.18
61,35,26,payment,162.63
13,12,1,payment,52.11
23,13,10,debt,75.56
41,37,4,debt,115.16
40,19,21,existence,113.84
99,19,80,existence,196.54
101,54,47,debt,207.9
8,2,6,debt,45.12
149,107,42,payment,271.2
15,11,4,existence,38.92
154,1,153,existence,184.24
132,3,129,debt,250.58
126,25,101,payment,188.77
131,122,9,debt,411.16
107,95,12,existence,335.68
46,18,28,payment,126.62
44,2,42,debt,93.3
148,86,62,payment,290.34
129,67,62,existence,253.65
72,44,28,payment,182.37
101,61,40,existence,201.68
130,63,67,debt,275.28
134,116,18,debt,375.86
91,78,13,existence,281.77
140,35,105,existence,365.81
40,20,20,debt,119.05
115,25,90,existence,169.55
116,112,4,existence,312.24
55,11,44,debt,139.39
121,27,94,payment,289.04
23,21,2,payment,63.13
85,27,58,debt,243.86
93,15,78,debt,186.29
7,5,2,payment,41.58
65,25,40,debt,151.47
38,10,28,existence,55.99
111,74,37,debt,291.94
23,16,7,existence,75.38
72,2,70,existence,131.72
135,60,75,debt,323.59
74,73,1,debt,216.89
71,27,44,debt,206.51
4,2,2,existence,11.24
144,2,142,debt,358.02
5,3,2,payment,22.24
53,37,16,existence,95.17
16,12,4,existence,43.95
98,17,81,payment,212.06
99,13,86,debt,198.59
35,24,11,debt,134.75
51,16,35,existence,97.54
11,4,7,payment,40.85
152,125,27,debt,424.1
41,38,3,debt,161.89
111,5,106,debt,215.35
24,22,2,debt,98.4
103,95,8,existence,230.05
115,62,53,existence,300.89
48,12,36,debt,91.59
46,22,24,debt,126.79
138,62,76,debt,373.05
106,32,74,payment,253.28
153,147,6,payment,498.8
67,53,14,existence,159.68
155,81,74,payment,491.72
1,1,0,existence,3.51
66,4,62,debt,140.61
102,76,26,existence,316.07
133,99,34,payment,263.43
131,76,55,existence,295.38
8,3,5,existence,19.42
112,21,91,existence,302.93
89,43,46,payment,231.65
73,32,41,debt,171.8
10,8,2,existence,32.29
140,15,125,payment,191.2
10,8,2,existence,22.72
101,8,93,debt,199.89
76,21,55,payment,132.43
71,2,69,debt,193.5
2,1,1,payment,17.4
63,30,33,payment,132.53
127,119,8,payment,363.16
76,13,63,debt,137.03
156,26,130,debt,320.18
96,15,81,debt,226.74
86,31,55,debt,261.85
49,46,3,debt,133.1
2,1,1,payment,21.59
122,63,59,existence,234.1
98,65,33,payment,234.93
25,24,1,payment,76.69
71,30,41,existence,116.59
98,43,55,existence,244.7
37,25,12,payment,85.61
3,2,1,payment,23.5
116,47,69,existence,285.19
107,93,14,payment,291.27
126,1,125,payment,197.22
75,58,17,payment,214.3
107,84,23,existence,309
93,84,9,payment,281.04
67,13,54,payment,156.02
41,31,10,existence,94.42
144,61,83,debt,324.02
85,6,79,debt,197.01
115,103,12,payment,285.76
138,1,137,payment,228.44
42,21,21,payment,96.63
50,22,28,payment,107.84
111,85,26,debt,236.47
84,78,6,payment,204.58
154,35,119,existence,362.07
146,9,137,existence,183.33
73,4,69,payment,164.34
131,67,64,payment,268.07
69,45,24,existence,214.61
120,67,53,payment,363.08
14,5,9,debt,57.84
76,67,9,payment,196.34
50,15,35,debt,118.65
121,42,79,existence,312.87
48,17,31,payment,109.78
57,10,47,existence,97.75
13,4,9,payment,46.48
143,8,135,payment,275.18
39,18,21,debt,126.78
152,128,24,debt,406.55
67,61,6,debt,215.92
38,16,22,existence,61.63
49,46,3,debt,125.93
99,65,34,existence,278.36
83,58,25,payment,240.6
38,11,27,existence,108.55
68,15,53,payment,187.91
17,7,10,debt,59.02
55,15,40,debt,132.15
29,5,24,existence,65.51
46,32,14,debt,157.82
156,137,19,debt,400.85
12,3,9,debt,48.52
20,20,0,debt,104.66
103,45,58,existence,314.97
78,62,16,debt,290.27
4,4,0,existence,13.25
68,3,65,debt,134.52
63,40,23,debt,150.6
17,6,11,debt,57.18
84,76,8,debt,294.9
55,31,24,existence,102.47
81,17,64,payment,147.38
12,3,9,debt,48.59
68,25,43,existence,123.54
102,60,42,existence,314.84
99,29,70,debt,252.21
16,13,3,payment,51.18
1,1,0,payment,12.9
135,108,27,existence,436.08
66,32,34,existence,123.59
141,76,65,payment,336.32
150,75,75,existence,246.45
154,4,150,debt,255.9
84,19,65,debt,217.4
89,15,74,existence,234.96
111,24,87,debt,188.07
17,11,6,existence,38.25
12,3,9,debt,38.99
41,40,1,payment,147.69
33,4,29,debt,78.63
5,3,2,payment,23.65
96,23,73,payment,258.4
27,8,19,payment,90.39
134,105,29,existence,413.09
12,9,3,existence,26.9
82,4,78,existence,183.9
140,8,132,payment,239.07
30,30,0,debt,121.1
79,29,50,payment,130.6
84,79,5,payment,234.59
150,39,111,debt,422.53
62,17,45,payment,133.28
155,84,71,debt,375.44
2,2,0,debt,15.05
122,30,92,debt,221.59
85,65,20,existence,212.92
95,88,7,existence,211.59
148,10,138,debt,218.99
133,43,90,payment,320.07
91,55,36,payment,297.3
24,6,18,payment,77.48
142,118,24,debt,513.42
152,36,116,existence,369.65
11,8,3,debt,60.19
64,6,58,debt,130.17
73,70,3,existence,162.1
2,1,1,existence,4.57
121,31,90,existence,259.65
41,41,0,debt,127.95
45,18,27,payment,102.09
39,27,12,payment,86.59
21,21,0,existence,56.38
96,48,48,existence,198.65
82,16,66,debt,229.81
150,145,5,debt,551.46
58,55,3,payment,141.04
41,15,26,existence,72.71
103,21,82,existence,263.3
26,24,2,existence,87.87
80,39,41,debt,184.56
44,35,9,existence,103.15
46,9,37,debt,93
129,42,87,existence,268.13
148,51,97,payment,416.18
102,64,38,existence,203.73
154,154,0,debt,444.97
129,7,122,payment,332.1
135,38,97,existence,256.97
30,15,15,existence,92.03
71,35,36,debt,191.17
69,36,33,existence,205.27
150,66,84,existence,405.38
32,24,8,debt,107.53
4,1,3,existence,9.56
60,52,8,debt,208.45
41,5,36,existence,90.35
84,42,42,debt,212.75
97,86,11,existence,234.34
133,110,23,payment,414.01
81,22,59,debt,151.5
27,22,5,payment,90.5
109,91,18,payment,300.09
56,1,55,existence,108.26
145,93,52,payment,451.21
28,15,13,existence,65.97
97,43,54,existence,204.09
36,18,18,debt,109.81
8,2,6,payment,30.81
35,23,12,existence,107.75
116,22,94,debt,211.8
63,26,37,existence,129.46
125,87,38,debt,263.26
122,19,103,payment,291.06
23,14,9,existence,48.42
64,16,48,payment,132.54
22,19,3,debt,68.53
90,28,62,payment,151.37
21,21,0,payment,71.77
79,47,32,payment,184.29
99,74,25,payment,256.52
104,7,97,existence,239.86
25,11,14,debt,71.85
55,51,4,existence,141.61
96,27,69,payment,204.19
86,58,28,payment,302.7
151,17,134,payment,251.44
8,6,2,debt,51.45
117,10,107,debt,279.2
81,11,70,debt,148.75
25,5,20,debt,76.15
28,11,17,payment,87.8
41,1,40,debt,86.82
76,20,56,existence,167.77
112,64,48,payment,274.51
99,36,63,debt,242.5
80,33,47,existence,139.7
102,5,97,payment,198.75
116,113,3,payment,253.77
4,4,0,payment,22.04
129,73,56,payment,363.17
110,89,21,payment,361.05
13,1,12,payment,26.7
85,65,20,payment,246.34
142,67,75,debt,299.76
128,105,23,payment,336.17
103,91,12,payment,220.64
83,75,8,payment,273.33
43,6,37,existence,81.96
108,13,95,existence,144.79
145,138,7,debt,447.37
3,3,0,debt,23.22
10,1,9,debt,44.32
52,26,26,payment,134.46
67,54,13,debt,214.9
1,1,0,payment,9.26
59,37,22,payment,163.35
140,113,27,debt,320.75
32,30,2,payment,94.67
63,7,56,debt,183.07
74,50,24,debt,185.56
108,35,73,payment,308.45
129,63,66,existence,291.44
76,20,56,payment,192.56
29,20,9,existence,80.22
51,33,18,debt,164.91
108,102,6,debt,322.24
41,8,33,payment,104.13
101,28,73,debt,201.92
40,28,12,payment,99.79
19,3,16,debt,65.93
95,4,91,debt,220.64
133,116,17,debt,424.87
99,71,28,debt,255.92
2,2,0,debt,17.26
25,2,23,payment,67.14
82,42,40,payment,261.82
76,69,7,debt,233.65
79,67,12,existence,267.31
126,121,5,payment,319.39
69,45,24,payment,209.26
37,19,18,existence,75.77
33,12,21,debt,81.01
143,18,125,existence,300.56
84,67,17,debt,235.42
120,51,69,debt,370.13
35,26,9,debt,116.13
59,13,46,existence,125.79
29,27,2,existence,92.26
17,13,4,payment,69.69
6,4,2,debt,28.2
11,4,7,existence,27.46
151,118,33,debt,386.32
61,47,14,payment,195.19
41,19,22,payment,90.1
135,3,132,payment,221.34
100,32,68,debt,180.13
101,73,28,existence,301.85
157,83,74,payment,397
157,79,78,debt,434.64
16,10,6,debt,65.41
61,5,56,debt,135.04
82,22,60,payment,229.69
124,34,90,existence,239.9
23,7,16,debt,75.91
153,58,95,debt,345.36
106,73,33,debt,342.39
81,19,62,existence,163.2
77,6,71,existence,174.17
134,119,15,existence,250.61
81,69,12,debt,259.33
2,1,1,existence,3.78
14,2,12,existence,21.78
152,108,44,debt,434.69
124,6,118,existence,276.42
70,57,13,payment,166.87
56,9,47,existence,107.38
63,11,52,payment,151.72
9,1,8,debt,37.28
14,3,11,payment,50.87
49,43,6,existence,138.56
38,7,31,debt,116.93
40,34,6,payment,78.37
37,22,15,payment,121.65
95,34,61,existence,204.45
155,134,21,payment,435.83
127,122,5,existence,379.2
98,39,59,payment,271.49
63,6,57,existence,131.21
83,37,46,debt,250.86
80,7,73,existence,195.39
68,29,39,debt,208.62
135,108,27,debt,370.63
66,9,57,existence,147.36
146,97,49,existence,328.35
77,49,28,existence,165.68
66,29,37,debt,214.14
96,64,32,payment,186.89
113,80,33,debt,383.04
97,40,57,payment,239.08
5,2,3,existence,8.58
51,25,26,debt,146.66
142,93,49,debt,317.82
32,18,14,payment,66.87
19,3,16,debt,72.12
84,45,39,debt,243.34
22,15,7,debt,74.76
153,87,66,debt,487.69
118,90,28,debt,270.9
86,9,77,existence,219.67
53,30,23,debt,162.02
89,11,78,debt,220
28,20,8,debt,115.21
143,63,80,payment,355.27
100,86,14,debt,366.83
156,2,154,payment,288.66
99,94,5,existence,212.93
122,9,113,existence,176.27
25,23,2,existence,67.92
72,59,13,payment,213.03
56,31,25,debt,136.22
116,77,39,payment,278.93
62,17,45,existence,120.36
99,2,97,existence,243.41
6,1,5,payment,28.12
126,58,68,existence,260.63
17,4,13,payment,41.34
19,16,3,existence,60.77
78,31,47,payment,220.57
18,1,17,debt,48.84
54,13,41,payment,121.17
28,16,12,existence,51.17
35,2,33,existence,61.92
35,33,2,existence,68.44
144,5,139,existence,288.39
104,5,99,debt,150.64
91,87,4,payment,296.58
28,8,20,payment,87
127,111,16,debt,408.03
33,21,12,debt,118.49
74,59,15,payment,197.15
3,1,2,payment,17.33
143,74,69,debt,294.98
80,50,30,payment,174.9
4,2,2,payment,14.07
43,20,23,existence,70.59
16,12,4,debt,50.81
106,78,28,payment,238.99
20,6,14,debt,54.59
132,121,11,payment,327.55
145,96,49,debt,479.44
153,134,19,payment,391.05
109,89,20,debt,299.3
36,23,13,payment,109.14
117,16,101,debt,266.48
138,122,16,payment,411.13
149,78,71,payment,387.97
128,40,88,debt,324.88
146,93,53,existence,453.76
27,14,13,payment,88.73
68,19,49,debt,144.73
101,99,2,debt,318.29
94,92,2,payment,302.02
133,55,78,existence,377.47
150,34,116,payment,273.7
37,4,33,debt,109.63
102,70,32,debt,293.13
124,107,17,payment,356.13
146,78,68,debt,405.9
104,80,24,debt,232.87
46,8,38,payment,128.97
38,38,0,existence,89.13
7,6,1,payment,28.77
1,1,0,payment,17.73
101,80,21,payment,282.3
6,4,2,payment,18.43
3,1,2,existence,6.47
94,25,69,payment,266.28
139,32,107,payment,326.86
42,4,38,payment,90.45
139,124,15,payment,499.12
136,91,45,payment,324.67
59,33,26,payment,136.85
152,103,49,debt,378.94
45,16,29,payment,141.25
43,22,21,existence,120.76
78,9,69,payment,173.42
51,17,34,existence,137.39
101,88,13,debt,213.73
149,121,28,existence,503.95
32,9,23,payment,55.74
94,87,7,existence,292.31
141,32,109,payment,225.67
40,29,11,existence,97.99
133,48,85,debt,376.17
56,8,48,payment,83.58
43,35,8,debt,152.35
49,19,30,payment,101.78
131,35,96,existence,285.55
78,54,24,payment,270.79
72,43,29,debt,235.18
133,120,13,existence,384.6
156,33,123,debt,426.19
152,45,107,payment,360.32
71,2,69,debt,157.23
33,24,9,debt,118.12
2,2,0,debt,35.3
32,31,1,payment,130.19
124,43,81,existence,206.42
84,78,6,payment,204.63
127,39,88,debt,229.67
142,48,94,existence,205.66
134,57,77,existence,298.94
137,24,113,debt,262.53
109,5,104,existence,163.31
126,53,73,debt,224.63
10,7,3,payment,40.8
134,105,29,existence,328.48
99,78,21,debt,359.08
30,17,13,existence,65.67
103,51,52,existence,192.15
22,11,11,debt,72.61
35,27,8,payment,114.69
11,6,5,payment,46.26
5,5,0,payment,29.13
89,59,30,payment,266.66
17,4,13,payment,54.19
129,36,93,debt,392.35
56,24,32,existence,131.2
38,4,34,debt,95.29
131,81,50,payment,326.99
69,22,47,existence,115.68
47,43,4,debt,179.81
126,91,35,debt,278.98
27,5,22,payment,76.53
88,57,31,payment,215.58
50,20,30,debt,130.29
61,7,54,existence,108.08
31,6,25,existence,55.37
104,45,59,debt,275.53
33,26,7,existence,90.72
136,29,107,debt,366.48
58,8,50,payment,118.63
24,7,17,existence,64.97
104,80,24,existence,306.48
57,32,25,existence,146.45
103,54,49,payment,308.69
83,19,64,debt,241.08
54,15,39,debt,120.65
84,76,8,existence,261.62
143,37,106,payment,294.4
85,84,1,existence,280.78
77,57,20,payment,208.23
72,6,66,debt,199.81
46,19,27,payment,99.23
146,44,102,existence,289.52
93,23,70,existence,258.57
144,50,94,payment,300.56
126,23,103,payment,241.5
89,67,22,debt,291.41
156,128,28,existence,498.71
32,15,17,payment,90.75
133,16,117,debt,190.39
138,65,73,payment,439.47
59,41,18,payment,172.17
98,12,86,payment,171.97
113,97,16,debt,263.13
72,58,14,debt,221.12
80,15,65,debt,216.04
97,31,66,debt,233.69
29,10,19,payment,77.59
84,72,12,debt,212.34
14,13,1,payment,67.09
63,31,32,payment,135.54
155,94,61,payment,464.55
94,91,3,payment,296.02
67,62,5,debt,189.91
46,30,16,existence,83.03
47,20,27,existence,92.56
139,126,13,debt,419.97
153,43,110,payment,281.39
21,9,12,debt,46.76
8,4,4,payment,27.7
10,7,3,debt,44.05
10,7,3,payment,34.98
149,19,130,debt,315.3
119,113,6,existence,389.32
81,4,77,debt,213.93
7,7,0,debt,47.51
86,48,38,existence,197.89
36,32,4,existence,89.29
141,125,16,debt,383.96
123,16,107,existence,244.45
10,6,4,payment,43.79
83,10,73,existence,165.68
18,16,2,debt,70.98
23,17,6,debt,75.46
38,12,26,payment,85.61
123,87,36,existence,228.85
9,9,0,debt,38.65
19,1,18,debt,61.5
72,61,11,payment,262.11
152,58,94,existence,347.77
107,64,43,existence,273.93
89,59,30,existence,286.07
114,66,48,debt,304.27
28,17,11,existence,80.13
95,83,12,debt,278.76
104,58,46,payment,269.7
70,65,5,existence,247.62
107,40,67,debt,225.31
75,45,30,existence,144.35
155,66,89,debt,410.91
45,17,28,payment,137.21
63,2,61,payment,158.43
115,14,101,existence,275.16
157,88,69,debt,398.45
76,48,28,debt,169.64
143,37,106,existence,265.33
43,13,30,debt,109.94
64,4,60,debt,104.75
67,53,14,debt,156.51
104,36,68,existence,270.96
152,143,9,existence,491.78
143,26,117,payment,382.45
136,51,85,debt,272.98
17,10,7,debt,49.33
58,28,30,payment,179.03
20,12,8,payment,59.25
36,16,20,existence,69.28
73,42,31,existence,125.39
155,83,72,existence,265.7
103,21,82,debt,256.58
100,7,93,debt,179.24
32,15,17,existence,81.15
157,17,140,debt,288.04
16,5,11,existence,26.98
112,103,9,debt,334.74
74,42,32,debt,228.47
119,59,60,existence,329.39
123,96,27,debt,404.62
10,6,4,debt,40.14
106,26,80,payment,177.87
112,37,75,payment,251.74
22,8,14,existence,40.34
107,14,93,debt,199.62
43,24,19,debt,151.92
145,125,20,payment,399.95
147,115,32,existence,466.85
15,5,10,payment,34.87
4,2,2,debt,26.25
115,97,18,payment,381.85
139,3,136,existence,182.55
116,97,19,payment,423.46
143,133,10,debt,528.81
122,21,101,existence,191.73
148,108,40,payment,320.35
148,40,108,existence,262.38
85,29,56,payment,197.68
11,5,6,payment,38.21
104,28,76,existence,233.41
68,37,31,payment,163.95
3,3,0,payment,20.33
25,18,7,debt,70.18
79,79,0,debt,267.24
150,84,66,debt,348.57
143,58,85,payment,292.46
7,4,3,debt,30.48
53,10,43,payment,142.81
33,31,2,debt,107
109,99,10,existence,225.76
30,4,26,debt,82.01
156,80,76,debt,320.49
61,3,58,payment,132.9
63,32,31,payment,183.58
94,91,3,debt,275.43
77,62,15,debt,222.39
68,68,0,payment,169.51
106,42,64,debt,251.52
131,33,98,debt,291.64
104,58,46,existence,299.04
94,35,59,debt,203.62
112,105,7,debt,381.89
14,13,1,debt,40.51
46,2,44,existence,93.55
133,62,71,existence,232.67
29,4,25,existence,59.02
63,6,57,existence,103.18
86,81,5,existence,185.74
48,6,42,debt,130.75
55,27,28,payment,178.36
48,8,40,existence,90.33
127,68,59,payment,295.44
107,63,44,existence,284.97
88,61,27,debt,273.73
17,14,3,debt,71
114,75,39,debt,324
8,2,6,debt,39.08
17,1,16,payment,40.39
105,38,67,payment,282.39
27,1,26,debt,56.95
53,24,29,debt,159.26
10,1,9,debt,34.36
78,53,25,existence,194.69
146,120,26,existence,324.66
59,44,15,existence,163.24
80,56,24,payment,170.25
74,38,36,payment,186.47
20,4,16,payment,41.19
135,38,97,existence,257.76
37,33,4,debt,146
115,112,3,debt,333.31
137,34,103,payment,269.26
103,74,29,existence,332.72
129,16,113,debt,198.66
142,54,88,payment,255.08
35,23,12,payment,93.83
125,81,44,debt,373.17
31,15,16,existence,57.57
134,128,6,existence,427.43
108,54,54,payment,311.03
1,1,0,debt,9.96
101,38,63,payment,255.58
79,62,17,existence,190.8
70,70,0,existence,266.51
147,66,81,existence,391.23
92,59,33,existence,211.62
5,2,3,payment,27.6
38,30,8,payment,139.59
16,5,11,debt,56.61
72,66,6,debt,171.53
93,61,32,payment,227.2
31,29,2,existence,110.58
12,5,7,payment,36.08
136,123,13,payment,394.99
60,49,11,existence,198.45
4,1,3,debt,19.51
108,93,15,existence,294.12
49,19,30,existence,107.23
22,21,1,debt,71.96
131,70,61,debt,434.63
71,65,6,debt,258.55
115,101,14,debt,322.75
95,87,8,debt,228.31
107,48,59,debt,285
36,19,17,existence,56.96
120,113,7,debt,413.34
16,16,0,existence,37.69
7,3,4,existence,16.11
88,71,17,payment,273.68
1,1,0,existence,3.42
129,15,114,debt,313.46
70,3,67,payment,124.97
149,59,90,debt,397.5
35,17,18,existence,88.41
79,42,37,payment,194.05
118,57,61,debt,216.05
143,19,124,debt,227.2
19,12,7,existence,53.21
14,11,3,existence,36.15
157,134,23,payment,405.26
27,5,22,existence,38.93
153,94,59,existence,391.38
34,3,31,existence,54.58
17,15,2,debt,81.07
45,27,18,payment,101.41
143,1,142,payment,325.18
119,19,100,existence,191.21
56,24,32,payment,127.5
111,26,85,payment,280.13
30,12,18,payment,98.7
142,72,70,payment,448.3
84,74,10,existence,257.57
28,26,2,payment,112.13
18,11,7,payment,58.31
152,122,30,existence,293.02
128,93,35,existence,319.44
45,12,33,payment,111.09
63,36,27,debt,161.2
154,20,134,debt,405.24
12,11,1,existence,35.82
49,13,36,debt,153.19
113,40,73,debt,250.15
54,40,14,debt,152.65
108,67,41,payment,243.34
119,34,85,debt,275.94
109,26,83,existence,166.21
126,105,21,debt,420.05
151,123,28,payment,474.24
100,22,78,debt,190.52
92,46,46,payment,191.86
148,5,143,payment,337.75
31,9,22,existence,76.25
86,32,54,existence,213.37
26,2,24,payment,46.92
94,62,32,debt,187.47
157,88,69,existence,397.94
40,13,27,existence,87.42
93,67,26,existence,211.4
99,80,19,existence,242.14
70,64,6,existence,232.84
76,68,8,debt,201.64
129,96,33,debt,301.89
29,15,14,debt,85.04
52,49,3,existence,171.01
48,23,25,debt,126.68
42,4,38,debt,91.82
75,53,22,payment,204.83
108,45,63,debt,300.56
145,62,83,existence,270.99
69,35,34,existence,178.06
87,76,11,existence,235.49
46,36,10,debt,175.45
88,46,42,payment,217.78
147,91,56,debt,279
49,30,19,debt,122.4
50,48,2,payment,169.07
117,76,41,debt,370.11
18,13,5,debt,79.72
41,27,14,existence,77.51
148,74,74,existence,288.2
142,79,63,payment,314.63
151,127,24,debt,409.52
24,8,16,existence,54.19
22,18,4,debt,73.86
114,44,70,debt,298.28
125,23,102,debt,194.21
144,111,33,existence,411.86
41,34,7,payment,152.73
18,16,2,debt,48.46
22,17,5,payment,51.75
134,38,96,payment,396.76
74,19,55,debt,215.06
147,70,77,existence,429.66
40,40,0,payment,149.82
16,2,14,debt,63.69
66,1,65,debt,187.18
108,101,7,debt,327.15
108,8,100,payment,146.04
102,16,86,debt,188.79
81,26,55,debt,159.56
149,114,35,payment,362.32
132,117,15,existence,241.71
1,1,0,debt,23.54
79,67,12,payment,224.86
122,55,67,payment,267.21
122,43,79,payment,219.93
87,14,73,payment,243.97
90,82,8,payment,209.81
78,10,68,existence,146.71
121,25,96,payment,221.17
133,70,63,existence,370.87
134,111,23,debt,393.88
118,11,107,existence,288.9
13,13,0,existence,32.16
130,20,110,existence,226.39
23,16,7,payment,70.46
112,85,27,payment,310.12
34,25,9,existence,95.75
115,36,79,debt,336.18
125,123,2,existence,284.19
62,49,13,existence,162.85
142,32,110,debt,234.79
135,47,88,debt,355.1
50,25,25,payment,106.29
40,31,9,payment,91.53
54,25,29,existence,151.24
111,38,73,debt,214.46
83,50,33,existence,214.13
139,86,53,existence,358.41
118,67,51,payment,243.23
5,4,1,payment,20.17
14,5,9,payment,53.86
131,23,108,existence,335.02
99,29,70,payment,252.4
78,60,18,debt,186.52
112,105,7,debt,235.28
27,19,8,existence,68.99
58,25,33,payment,106.79
13,3,10,payment,53.63
129,67,62,existence,253
101,67,34,existence,241.02
128,59,69,payment,359.1
73,39,34,payment,144.81
60,6,54,debt,127.25
132,128,4,existence,409.5
111,105,6,payment,268.94
113,103,10,existence,371.45
143,97,46,payment,426.39
18,16,2,debt,94.73
97,93,4,existence,319.95
121,115,6,debt,310.62
68,8,60,debt,167.66
144,32,112,existence,397.77
10,1,9,payment,29.77
81,44,37,existence,152.12
20,14,6,debt,78.51
34,28,6,existence,87.94
145,139,6,payment,431.05
64,12,52,debt,189.76
61,13,48,debt,145.88
4,2,2,payment,20.77
17,1,16,payment,47.5
80,14,66,existence,196.72
74,71,3,debt,205.53
129,48,81,payment,337.2
153,122,31,payment,485.64
71,2,69,payment,99.69
40,40,0,existence,120.7
16,4,12,existence,39.3
25,19,6,payment,88.22
134,95,39,debt,283.86
142,113,29,payment,266.71
134,59,75,debt,253.71
132,112,20,debt,422.38
122,51,71,debt,331.88
119,119,0,payment,426.11
52,48,4,existence,140.82
143,33,110,existence,363.2
103,51,52,payment,228.19
88,75,13,payment,261.1
36,31,5,payment,99.86
27,14,13,existence,85.55
80,40,40,debt,219.32
21,13,8,payment,58.15
131,68,63,existence,340.57
20,17,3,payment,57.44
9,2,7,debt,25.76
126,45,81,existence,245.88
3,3,0,debt,22.68
143,132,11,debt,368.98
1,1,0,debt,25.09
79,8,71,payment,199.57
135,25,110,debt,231.55
115,12,103,debt,221.41
94,2,92,debt,222.82
143,85,58,existence,297
36,3,33,payment,85
33,19,14,payment,91.51
135,124,11,existence,306.26
120,91,29,debt,434.59
35,30,5,payment,86.86
116,8,108,existence,292.36
30,24,6,debt,100.8
157,18,139,debt,278.75
110,82,28,payment,258.65
126,57,69,existence,193.81
52,14,38,debt,161.62
89,80,9,debt,318.66
83,30,53,debt,178.7
55,40,15,debt,158.9
49,38,11,existence,118.67
131,127,4,debt,432.08
51,46,5,payment,125.75
103,82,21,debt,275.96
75,60,15,debt,238.77
46,28,18,payment,129.73
115,53,62,payment,326.45
108,23,85,existence,203.87
157,67,90,debt,340.42
111,87,24,existence,212.43
129,69,60,payment,260.08
32,19,13,debt,113.56
111,57,54,debt,341.97
1,1,0,payment,9.32
125,112,13,payment,473.92
45,39,6,debt,180.71
52,7,45,existence,134.96
156,58,98,existence,447.41
42,34,8,debt,102.79
3,1,2,payment,10.44
129,85,44,existence,247.64
10,5,5,existence,28.25
150,71,79,payment,263.28
82,75,7,debt,281.24
86,68,18,debt,282.16
55,49,6,existence,152.29
94,19,75,debt,222.87
102,79,23,existence,247.29
80,80,0,debt,266.5
40,35,5,payment,103.98
116,56,60,payment,350.34
157,128,29,payment,415.51
42,8,34,existence,68.48
78,41,37,payment,248.82
53,49,4,debt,185.97
114,23,91,existence,183.23
135,5,130,debt,254.96
7,6,1,payment,29.8
45,21,24,existence,72.9
37,23,14,payment,93.3
70,22,48,existence,115.87
78,38,40,payment,238.55
43,10,33,existence,77.04
3,3,0,payment,26.33
46,5,41,debt,90.47
50,11,39,existence,111.37
49,18,31,existence,74.09
15,12,3,payment,52.33
147,135,12,debt,424.84
7,2,5,debt,26.91
24,17,7,payment,78.06
76,27,49,debt,145.98
63,55,8,existence,151.16
33,28,5,existence,79.74
36,24,12,existence,111
106,62,44,debt,304.45
90,35,55,existence,233.96
71,65,6,payment,209.78
136,84,52,payment,468.62
16,2,14,debt,44.02
152,16,136,existence,265.8
83,16,67,payment,227.89
132,89,43,existence,274.32
7,6,1,debt,27.98
44,13,31,existence,113.16
68,35,33,debt,204.7
69,69,0,existence,232.1
154,23,131,existence,350.65
141,11,130,debt,300.32
152,38,114,existence,329.35
70,63,7,debt,221.38
136,75,61,payment,357.97
1,1,0,payment,19.62
13,11,2,debt,51.41
129,44,85,debt,319.1
122,52,70,existence,296.4
2,2,0,existence,6.87
12,8,4,existence,31.5
96,29,67,payment,215.6
59,40,19,debt,163.38
82,41,41,existence,264.19
62,17,45,existence,121.43
68,68,0,payment,228.83
2,1,1,payment,15.56
9,1,8,existence,17.22
13,3,10,existence,29.45
67,12,55,debt,117.65
53,51,2,existence,152.68
96,62,34,debt,250.13
46,40,6,debt,149.96
76,41,35,debt,213.28
106,24,82,debt,238.12
112,22,90,debt,300.01
114,95,19,existence,337.49
133,57,76,existence,383.47
133,30,103,payment,228.24
9,9,0,existence,19.09
18,6,12,debt,62.56
122,87,35,existence,336.74
19,9,10,existence,50.97
127,121,6,existence,370.24
42,16,26,debt,128.04
125,113,12,payment,446.77
27,6,21,payment,56.77
152,58,94,existence,381.59
34,8,26,debt,117.23
89,9,80,debt,146.3
132,128,4,debt,326.12
40,34,6,existence,108.29
103,39,64,existence,226.39
149,129,20,existence,340.06
54,24,30,debt,135.83
17,13,4,payment,68
140,50,90,payment,233.4
63,46,17,existence,188.54
134,37,97,debt,217.96
87,86,1,debt,282.9
125,15,110,existence,289.46
36,32,4,existence,113.3
110,53,57,existence,266.13
36,1,35,existence,70.63
126,91,35,payment,366.06
58,18,40,existence,117.03
128,74,54,payment,278.96
153,38,115,existence,359.39
41,27,14,payment,116.11
65,52,13,existence,190.98
21,21,0,debt,96.36
42,27,15,existence,118.41
104,19,85,payment,174.85
4,1,3,payment,23.55
65,15,50,debt,98.1
68,38,30,payment,159.26
130,13,117,existence,236.12
139,11,128,existence,237.57
107,101,6,debt,371.04
28,27,1,payment,68.98
57,53,4,payment,187.84
53,41,12,existence,126.29
59,54,5,debt,216.56
152,125,27,payment,312.09
64,26,38,existence,165.31
99,18,81,payment,241.9
23,10,13,payment,49.49
47,35,12,debt,119.92
7,2,5,debt,40.14
26,2,24,debt,71.98
57,51,6,existence,184.27
10,4,6,payment,39.1
138,73,65,payment,393.08
81,61,20,existence,145.38
49,25,24,existence,105.71
102,72,30,existence,340.73
89,39,50,payment,194.9
10,7,3,debt,32.15
104,2,102,debt,256.34
141,35,106,debt,387.26
123,45,78,payment,380.83
157,79,78,debt,475.21
106,2,104,existence,213.06
93,67,26,debt,300.19
117,28,89,debt,283.79
135,92,43,debt,324.62
43,23,20,debt,135.09
59,44,15,debt,153.84
105,95,10,payment,235.77
142,98,44,debt,319.46
138,33,105,payment,201.54
75,11,64,existence,196.78
88,14,74,payment,216.17
71,62,9,existence,175.66
32,13,19,existence,75.13
110,101,9,existence,337.36
144,19,125,payment,239.13
83,75,8,debt,330.93
6,2,4,payment,22.85
122,99,23,payment,344.66
25,7,18,existence,70.78
92,59,33,existence,244.79
128,33,95,debt,294.86
42,26,16,payment,118.24
148,81,67,payment,333.23
13,2,11,payment,43.39
136,34,102,payment,273.66
77,72,5,payment,246.15
107,37,70,payment,194.85
48,43,5,debt,166.12
71,5,66,payment,125.09
68,60,8,debt,216.18
3,3,0,debt,37.29
88,71,17,debt,212.92
111,29,82,debt,299.47
80,61,19,existence,258.1
107,5,102,existence,223.27
7,1,6,payment,25.47
54,11,43,debt,104.3
46,16,30,existence,83.5
157,84,73,existence,436.23
48,47,1,existence,135.8
83,76,7,existence,189.64
8,7,1,debt,30.73
46,27,19,payment,146.42
12,3,9,debt,43.2
3,1,2,existence,7.88
114,2,112,existence,262.31
152,105,47,existence,437.37
139,72,67,existence,343.62
9,8,1,debt,50.51
94,65,29,existence,230.67
39,31,8,debt,96.28
43,11,32,debt,86.53
21,8,13,debt,56.63
86,30,56,debt,198.64
148,10,138,debt,337
68,50,18,existence,229.36
55,10,45,existence,81.36
59,24,35,existence,164.16
88,88,0,debt,208.15
148,71,77,payment,314.03
34,21,13,payment,103.49
37,36,1,payment,108.49
51,17,34,debt,101.78
29,24,5,existence,60.38
3,3,0,debt,21.07
147,48,99,debt,409.83
142,51,91,existence,384.66
16,5,11,existence,28.42
62,31,31,existence,129.74
70,42,28,debt,219.76
64,36,28,debt,156.03
151,91,60,existence,459.55
74,44,30,debt,184.48
67,51,16,debt,171.12
79,6,73,debt,154.5
59,23,36,existence,157.21
154,34,120,payment,350.46
67,41,26,existence,172.9
107,98,9,payment,286.18
137,133,4,debt,392.75
37,20,17,payment,93.45
42,11,31,existence,71.45
56,28,28,existence,142.57
75,4,71,payment,177.66
64,50,14,payment,131.99
24,7,17,payment,70.1
94,14,80,payment,160.55
15,7,8,payment,40.79
136,13,123,existence,314.44
75,56,19,existence,205.71
48,37,11,debt,166.23
28,20,8,existence,83.76
64,57,7,existence,159.28
7,7,0,debt,52.25
88,57,31,existence,205.02
51,46,5,payment,137.69
63,21,42,existence,106.82
110,61,49,existence,205.77
102,85,17,payment,373.28
107,76,31,debt,217.39
70,25,45,debt,211.98
136,131,5,payment,392.58
27,5,22,payment,72.04
121,88,33,existence,327.21
13,3,10,existence,20.69
14,4,10,existence,24.24
97,33,64,existence,222.75
130,42,88,debt,222.69
121,102,19,debt,455.78
107,87,20,payment,391.81
122,66,56,debt,377.04
60,35,25,payment,200.5
15,8,7,debt,59.92
118,69,49,existence,330.19
102,68,34,existence,259.18
120,62,58,existence,295.28
152,117,35,existence,338.55
83,59,24,existence,189.75
147,101,46,existence,351.5
1,1,0,debt,33.04
142,102,40,debt,329.31
108,25,83,payment,265.54
127,94,33,existence,259.51
66,48,18,debt,198.66
17,6,11,payment,43.64
121,22,99,debt,281.94
150,148,2,existence,403.75
46,41,5,existence,154.86
116,41,75,existence,167.76
153,66,87,existence,313.87
2,1,1,payment,16.78
133,14,119,debt,286.39
3,1,2,payment,22.96
30,27,3,existence,71.25
135,131,4,payment,429.45
123,65,58,debt,377.02
50,30,20,debt,138.15
25,10,15,payment,59.94
103,8,95,existence,133.87
58,22,36,debt,111.95
119,118,1,existence,362.64
37,4,33,payment,88.62
111,65,46,debt,335.65
88,78,10,existence,245.93
62,16,46,payment,177.44
32,29,3,debt,102.44
78,66,12,existence,257.49
53,53,0,debt,141.71
43,19,24,payment,100.17
147,128,19,debt,541.63
110,23,87,existence,239.74
74,14,60,payment,103.58
117,19,98,debt,298.03
100,11,89,existence,168.83
89,80,9,debt,330.09
146,94,52,existence,322.26
102,14,88,debt,195.86
50,16,34,existence,83.79
18,18,0,debt,83.23
118,58,60,payment,295.38
135,43,92,existence,233.64
94,63,31,debt,314.24
56,3,53,payment,79.43
103,54,49,debt,294.8
61,44,17,existence,163.8
83,72,11,debt,158.99
79,34,45,payment,237.97
6,2,4,debt,40.81
91,43,48,debt,233.99
102,57,45,existence,216.14
59,6,53,debt,138.15
103,74,29,debt,245.38
101,55,46,debt,332.61
125,101,24,existence,263.14
67,5,62,payment,163.73
93,65,28,debt,313.86
123,116,7,debt,335.26
32,19,13,existence,80.85
9,6,3,payment,42.42
38,24,14,existence,92.68
89,50,39,existence,190.28
60,32,28,debt,174.39
153,47,106,existence,276.7
152,84,68,payment,394.79
81,57,24,existence,234.06
105,37,68,debt,277.97
114,41,73,existence,193.68
81,57,24,debt,234.56
8,2,6,debt,39.8
130,117,13,debt,364.14
156,60,96,debt,321.87
47,11,36,existence,76.26
104,39,65,existence,178.83
14,8,6,payment,59.51
81,41,40,existence,158.46
97,8,89,debt,145.17
133,122,11,debt,318.04
115,112,3,existence,338.23
11,11,0,existence,25.36
62,25,37,existence,119.49
67,8,59,existence,175.97
41,10,31,existence,107.55
24,3,21,payment,65.12
156,154,2,existence,439.1
15,11,4,debt,56.96
20,9,11,existence,45.38
136,98,38,payment,348.36
151,64,87,debt,324.5
60,14,46,payment,159.19
151,144,7,payment,315.62
51,30,21,payment,167.86
135,122,13,existence,435.89
29,29,0,existence,111.84
65,35,30,debt,204.67
134,83,51,debt,275.28
120,72,48,debt,297.81
58,46,12,payment,192.42
78,10,68,debt,180.43
17,12,5,debt,53.47
61,55,6,payment,155.73
70,51,19,existence,149.25
152,58,94,existence,327.19
24,21,3,existence,74.94
44,5,39,existence,86.05
135,18,117,payment,293.65
121,84,37,payment,276.09
14,7,7,existence,28.35
135,46,89,existence,228.29
12,4,8,debt,42.8
141,64,77,payment,327.15
5,5,0,payment,27.47
81,44,37,debt,154.98
131,88,43,debt,414.46
62,46,16,debt,165.78
111,111,0,debt,351.91
100,36,64,existence,287.85
85,52,33,payment,239.6
6,2,4,payment,28.36
65,64,1,payment,192.11
147,126,21,payment,427.41
58,54,4,existence,158.15
20,15,5,payment,70.96
88,83,5,payment,211.67
99,17,82,payment,157.47
98,83,15,existence,279.4
149,22,127,payment,216.91
36,16,20,payment,91.33
87,83,4,payment,278.95
145,55,90,payment,297.63
139,5,134,payment,310.34
143,116,27,payment,293.07
74,54,20,debt,170.74
44,6,38,existence,103.06
109,79,30,existence,351.36
6,2,4,payment,21.68
123,89,34,payment,418.93
39,18,21,payment,83.66
19,13,6,debt,74.02
144,57,87,debt,285.54
128,13,115,payment,179.27
116,116,0,debt,247.99
68,34,34,payment,223.59
4,1,3,existence,8.68
125,46,79,payment,265.03
25,19,6,payment,90.27
84,60,24,existence,203.13
140,84,56,existence,302.95
22,7,15,debt,59.28
6,2,4,existence,13.26
60,41,19,debt,149.14
149,80,69,debt,408.36
94,81,13,existence,187.82
70,48,22,debt,224
75,47,28,existence,153.29
39,20,19,existence,121.69
145,39,106,debt,368.11
13,6,7,debt,43.89
65,2,63,existence,160.6
19,14,5,existence,42.7
44,18,26,payment,96.71
105,90,15,debt,273.18
101,23,78,debt,277.6
93,41,52,debt,246.15
39,10,29,existence,98.77
98,33,65,existence,176.23
108,63,45,existence,261.9
146,141,5,existence,406.84
155,138,17,existence,563.04
62,20,42,payment,168.18
32,7,25,debt,98.15
1,1,0,payment,16.94
33,11,22,existence,73.13
100,86,14,debt,335.06
71,17,54,debt,198.3
120,75,45,existence,317.14
40,40,0,payment,146.44
73,66,7,debt,238.71
139,129,10,existence,525.85
123,81,42,existence,373.91
44,36,8,debt,129.45
11,4,7,debt,34.82
111,17,94,existence,183.08
106,12,94,existence,189.7
80,17,63,payment,210.67
110,95,15,existence,365.16
66,1,65,payment,160.15
80,49,31,debt,239.37
42,34,8,payment,144.25
74,39,35,payment,191.84
134,53,81,debt,306.98
112,20,92,debt,226.88
38,16,22,debt,132.97
147,56,91,existence,358.04
49,4,45,debt,117.24
89,37,52,payment,162.1
151,76,75,debt,418.7
149,23,126,debt,361.89
87,5,82,debt,214.68
30,3,27,existence,47.37
133,76,57,payment,307.88
109,84,25,debt,344.16
4,1,3,debt,25.23
4,3,1,debt,30.84
129,122,7,existence,327.67
109,75,34,existence,235.83
122,19,103,existence,271.23
100,35,65,payment,269.53
139,55,84,existence,380.08
121,9,112,payment,303.75
111,12,99,debt,224.39
134,62,72,debt,315.5
49,33,16,payment,129.24
72,70,2,payment,249.86
75,71,4,debt,169.54
30,9,21,debt,93.16
70,52,18,existence,166.24
28,7,21,payment,78.62
48,18,30,debt,100.32
140,26,114,payment,347.02
127,41,86,existence,333.61
95,50,45,debt,288.56
125,4,121,debt,255.96
108,34,74,payment,251.4
11,3,8,existence,19.75
43,9,34,debt,120.7
129,90,39,debt,431.56
12,11,1,existence,24.13
2,1,1,debt,29.31
44,16,28,debt,124.81
59,26,33,payment,136.82
80,63,17,existence,187.25
114,73,41,debt,330.41
140,72,68,existence,307.94
114,70,44,existence,224.3
31,29,2,existence,89.57
89,10,79,payment,170.97
20,14,6,existence,44.05
93,78,15,existence,217.46
129,95,34,debt,307.61
4,2,2,payment,26.77
23,12,11,debt,63.19
32,17,15,debt,82.49
115,81,34,existence,329.26
114,3,111,payment,214.12
59,44,15,payment,205.22
50,23,27,debt,145.41
74,32,42,debt,159.51
25,9,16,debt,94.55
53,44,9,debt,140.39
1,1,0,debt,25.38
53,19,34,debt,163.87
131,48,83,debt,366.7
117,102,15,debt,391.19
61,42,19,existence,121.49
137,55,82,existence,309.49
77,4,73,debt,188.37
55,23,32,payment,151.89
33,14,19,debt,101.31
70,33,37,payment,135.75
46,19,27,existence,131.82
48,26,22,payment,140.95
52,37,15,debt,151.5
93,86,7,payment,315.74
51,12,39,existence,116.91
84,23,61,debt,168.15
30,21,9,existence,94.41
21,11,10,existence,47.56
113,35,78,debt,299.43
119,44,75,existence,333.86
129,41,88,payment,321
67,15,52,existence,106.29
154,49,105,payment,415.99
130,79,51,existence,309.57
98,44,54,payment,253.69
82,65,17,debt,210.86
140,39,101,existence,362.32
105,6,99,debt,165.48
63,7,56,payment,120.51
143,17,126,existence,216.24
84,39,45,existence,156.35
146,69,77,debt,279.58
118,84,34,payment,265.74
114,3,111,payment,297.95
89,45,44,existence,243.69
105,10,95,payment,175.41
18,4,14,existence,45.88
16,10,6,payment,41.54
74,26,48,existence,183.77
16,2,14,existence,32.18
8,8,0,payment,40.6
10,3,7,existence,25.63
29,17,12,payment,61.72
56,12,44,existence,110.51
26,18,8,payment,75.26
118,84,34,payment,284.82
68,17,51,payment,142.26
139,134,5,payment,512.34
88,51,37,existence,262.32
10,5,5,debt,39.06
74,62,12,existence,246.2
96,26,70,debt,231.31
53,12,41,debt,97.39
124,57,67,payment,249.35
20,8,12,payment,64.69
12,10,2,debt,53.97
11,11,0,payment,34.05
29,7,22,payment,85.58
154,68,86,existence,287.5
56,19,37,debt,131.53
79,78,1,payment,262.71
116,76,40,payment,299.18
55,38,17,debt,151.26
62,55,7,existence,193.09
122,74,48,debt,241.68
44,15,29,payment,102.13
45,35,10,existence,116.85
47,20,27,payment,136.93
94,10,84,debt,181.52
150,15,135,debt,371.45
63,25,38,existence,164.43
101,23,78,existence,142.6
112,71,41,payment,319.03
7,2,5,existence,17.84
116,59,57,debt,255.29
116,52,64,debt,376.6
115,89,26,payment,312.55
7,7,0,existence,21.85
16,1,15,debt,65.86
90,77,13,payment,195.59
87,60,27,existence,215.8
89,74,15,debt,301.24
135,28,107,existence,181.58
23,21,2,payment,67.41
53,43,10,debt,215.47
46,6,40,payment,76.75
65,39,26,payment,207.7
44,7,37,existence,57.37
85,22,63,existence,164.99
52,45,7,existence,159.22
10,5,5,debt,49.74
67,51,16,existence,193.75
112,14,98,debt,193.08
34,23,11,payment,79.07
34,3,31,debt,89.81
155,53,102,existence,333.69
126,26,100,debt,216.82
9,4,5,payment,30.89
142,107,35,payment,353.45
61,15,46,debt,169.97
25,19,6,payment,74.81
136,39,97,existence,265.48
134,6,128,payment,257.97
52,35,17,existence,135.7
72,3,69,existence,178.35
33,20,13,existence,56.96
100,62,38,debt,298.8
56,7,49,existence,98.28
9,1,8,debt,36.31
7,5,2,payment,29.76
99,35,64,payment,267.9
140,128,12,debt,361.69
9,4,5,payment,33.37
82,53,29,payment,246.06
69,34,35,payment,169.07
42,27,15,debt,117.33
52,14,38,debt,158.88
127,46,81,debt,343.76
81,77,4,existence,241.46
96,59,37,existence,216.03
151,106,45,payment,433.61
68,8,60,debt,156.96
90,73,17,debt,225.24
14,7,7,debt,47.98
52,42,10,payment,162.07
133,17,116,existence,206.26
154,58,96,payment,456.14
11,11,0,existence,29.95
14,7,7,existence,26.5
66,8,58,existence,156.55
75,53,22,debt,253.47
113,97,16,payment,358.04
61,44,17,debt,187.21
152,40,112,debt,345.81
75,74,1,debt,222.98
102,95,7,payment,310.75
35,21,14,existence,94.94
71,18,53,debt,136.86
127,32,95,debt,259.63
137,54,83,existence,380.64
93,58,35,payment,263.22
92,36,56,debt,240.32
102,55,47,existence,258.86
96,36,60,debt,284.96
73,5,68,payment,146.37
15,8,7,existence,32.45
19,8,11,payment,45.06
31,6,25,existence,79.17
25,14,11,existence,66.73
22,3,19,payment,55.33
90,21,69,payment,248.29
152,77,75,existence,334.36
59,52,7,existence,181.37
106,74,32,existence,316.6
146,28,118,debt,359.72
146,140,6,payment,401.89
79,53,26,debt,201.44
22,6,16,debt,44.83
122,4,118,existence,224.11
9,4,5,debt,38.26
57,30,27,existence,166.9
85,29,56,payment,231.35
75,31,44,payment,137.8
12,12,0,existence,23.46
98,20,78,payment,201.78
19,9,10,debt,69.48
154,80,74,debt,337.78
96,82,14,debt,275.89
144,89,55,existence,297.3
77,75,2,debt,282.91
142,94,48,existence,389.4
148,112,36,payment,455.02
101,79,22,debt,289.66
59,45,14,debt,169.98
51,47,4,payment,200.47
20,18,2,payment,77.93
140,118,22,existence,469.24
49,47,2,existence,129.31
113,95,18,existence,228.21
110,7,103,existence,145.1
30,28,2,debt,101.7
149,51,98,debt,443.3
130,94,36,debt,303.63
38,4,34,existence,73.7
95,10,85,debt,265.45
102,34,68,existence,167.36
70,64,6,payment,230.62
140,124,16,debt,375.07
93,26,67,payment,274.6
101,53,48,existence,171.8
103,71,32,payment,348.31
30,12,18,existence,73.89
35,32,3,debt,118.42
97,63,34,existence,226.71
104,55,49,debt,337.09
55,27,28,existence,134.74
123,89,34,debt,278.01
51,18,33,debt,108.14
38,16,22,debt,130.69
145,56,89,existence,214.72
34,10,24,payment,57.98
89,34,55,debt,191.18
149,143,6,existence,341.45
89,11,78,existence,179.14
44,32,12,existence,111.8
101,92,9,payment,264.43
92,69,23,debt,319.37
22,7,15,existence,56.71
89,5,84,existence,199.5
73,23,50,payment,144.1
59,26,33,existence,132.75
133,14,119,existence,267.24
48,3,45,existence,104.95
123,105,18,existence,329.72
25,19,6,existence,60.45
20,12,8,payment,65.62
50,38,12,payment,150.59
137,81,56,debt,425.46
41,35,6,debt,131.74
109,102,7,payment,264.26
118,100,18,existence,317.8
47,38,9,existence,141.61
156,98,58,existence,390.95
42,32,10,payment,108.01
119,86,33,payment,389.61
67,61,6,debt,181
64,1,63,debt,122.71
122,86,36,debt,279.59
5,2,3,debt,41.46
102,24,78,payment,224.88
56,54,2,debt,140.06
110,51,59,existence,212.88
112,57,55,existence,328.06
139,49,90,existence,339.67
65,59,6,debt,200.55
39,30,9,existence,96.99
21,19,2,debt,73.89
91,53,38,existence,183.19
127,5,122,debt,303.2
40,3,37,debt,111.68
81,17,64,payment,194.08
113,102,11,debt,364.6
18,12,6,payment,50.19
23,9,14,existence,42.05
42,23,19,existence,125.22
29,27,2,existence,93.27
15,13,2,debt,78.53
22,17,5,debt,88.36
110,101,9,existence,379.56
11,2,9,payment,38.49
85,26,59,existence,133.57
120,58,62,debt,320.58
132,33,99,payment,308.99
144,77,67,debt,437.12
55,22,33,debt,118.26
116,99,17,existence,310.39
149,30,119,payment,271.1
95,29,66,debt,261.12
111,88,23,payment,258.37
110,40,70,payment,295.19
75,43,32,debt,237.04
137,99,38,existence,319.59
102,27,75,debt,188.57
94,62,32,debt,225.45
77,17,60,payment,221.88
123,106,17,existence,357.19
53,16,37,debt,158.96
82,3,79,payment,205.29
105,89,16,existence,210.27
85,85,0,payment,214.8
19,7,12,payment,51.31
110,41,69,existence,287.01
74,36,38,payment,156.64
141,16,125,payment,266.9
84,52,32,payment,258.65
62,17,45,existence,85.29
43,33,10,existence,97.92
59,55,4,debt,242.12
69,18,51,debt,173.6
61,17,44,existence,98.18
129,44,85,existence,335.2
99,72,27,existence,321.26
123,23,100,payment,334.3
42,15,27,existence,117.89
51,31,20,payment,168.96
37,1,36,payment,95.41
52,7,45,payment,88.02
106,71,35,payment,225.23
146,105,41,payment,430.83
63,41,22,existence,195.76
45,36,9,debt,162.03
12,2,10,existence,24.93
20,10,10,payment,54.98
26,9,17,payment,86.39
89,78,11,payment,222.81
99,44,55,debt,235.74
78,5,73,existence,133.05
9,2,7,existence,15.11
33,4,29,existence,66.82
63,21,42,existence,126.92
31,27,4,debt,122.49
145,86,59,existence,274.34
85,56,29,existence,233.79
63,17,46,payment,100.26
85,48,37,existence,179.02
27,25,2,debt,85.97
94,27,67,payment,245.89
143,134,9,payment,440.25
143,20,123,existence,359.25
108,105,3,payment,247.86
78,45,33,payment,191.12
103,49,54,existence,268.53
155,126,29,existence,373.48
107,57,50,payment,224.18
73,28,45,debt,152.17
71,43,28,existence,147.11
101,14,87,existence,175.33
114,101,13,existence,289.66
129,102,27,payment,390.06
5,1,4,existence,12.59
51,16,35,payment,153.57
144,107,37,payment,322.58
68,37,31,payment,170.57
24,10,14,debt,65.07
40,7,33,debt,64.59
145,95,50,payment,260.7
105,63,42,existence,288.45
63,8,55,existence,114.63
50,42,8,existence,148.61
55,54,1,payment,156.32
123,120,3,debt,368.29
130,99,31,payment,351.64
147,53,94,payment,254.57
15,14,1,payment,46.85
105,8,97,payment,281.35
3,1,2,debt,27.6
30,5,25,debt,50.78
39,31,8,payment,114.62
76,21,55,existence,205.46
34,21,13,payment,96.12
21,21,0,existence,57.33
97,52,45,debt,227.86
85,4,81,payment,123.15
8,1,7,payment,29.09
41,32,9,payment,115.49
33,30,3,debt,131.59
118,109,9,existence,298.55
80,56,24,existence,185.47
85,25,60,existence,187.6
68,43,25,existence,195.78
136,134,2,debt,406.5
146,4,142,existence,332.87
132,109,23,debt,282.91
89,71,18,debt,320.01
146,73,73,existence,277.04
108,21,87,debt,245.69
126,49,77,debt,386.42
2,1,1,debt,18.33
19,3,16,existence,49.37
103,94,9,payment,210.79
84,42,42,debt,204.77
112,111,1,existence,346.84
151,66,85,debt,402.03
33,13,20,payment,68.82
26,3,23,debt,79.64
133,21,112,payment,299.89
91,36,55,existence,169.51
42,19,23,debt,145.49
140,11,129,debt,365.89
129,74,55,existence,407.66
122,60,62,payment,285.9
96,16,80,debt,148.07
42,16,26,debt,96.21
94,35,59,debt,214.04
142,112,30,payment,469.07
80,53,27,payment,222.75
33,11,22,payment,67.37
86,1,85,payment,190.57
106,10,96,existence,224.33
77,68,9,debt,156.37
3,2,1,payment,20.88
113,93,20,payment,295.91
82,70,12,existence,222.79
58,24,34,existence,96.64
142,81,61,existence,314.85
70,47,23,payment,161.64
29,17,12,payment,62.43
8,4,4,debt,30.91
125,96,29,existence,240.58
138,78,60,payment,364.43
62,10,52,payment,86.67
140,54,86,existence,282.86
147,29,118,payment,242.85
156,61,95,payment,395.22
52,25,27,existence,130.42
113,89,24,debt,353.79
114,100,14,debt,307.71
126,7,119,debt,189.22
126,39,87,debt,213.47
30,11,19,payment,66.69
31,19,12,debt,91
119,29,90,debt,224.3
70,18,52,debt,185.63
68,53,15,payment,193.56
92,22,70,debt,259.11
37,6,31,debt,87.65
41,41,0,debt,143.03
128,2,126,debt,324.19
40,1,39,payment,87.76
63,19,44,debt,133.84
68,61,7,existence,162.74
47,17,30,payment,117.66
89,19,70,debt,205.29
55,34,21,existence,160.76
156,59,97,payment,403.44
114,20,94,existence,287.5
33,6,27,payment,62.68
63,60,3,existence,182.22
13,11,2,existence,41.03
43,5,38,debt,123.22
94,22,72,debt,160.64
88,67,21,payment,250.46
103,90,13,debt,376.3
106,91,15,existence,266.71
149,104,45,debt,426.52
50,27,23,existence,102.99
93,70,23,debt,240.21
14,2,12,payment,40.33
124,74,50,payment,324.74
125,54,71,existence,229.51
127,54,73,payment,254.75
72,67,5,existence,248.99
56,49,7,existence,185.19
110,40,70,existence,178.17
121,90,31,payment,327.71
115,105,10,existence,347.59
137,61,76,debt,295.34
58,51,7,payment,159.71
147,17,130,debt,258.36
118,109,9,debt,346.26
108,87,21,debt,233.15
27,3,24,payment,74.1
156,129,27,debt,431.47
59,24,35,existence,120.69
35,5,30,debt,87.15
123,49,74,existence,231.93
152,138,14,payment,353.23
134,119,15,existence,378.91
148,55,93,existence,281.57
63,48,15,existence,185.17
111,77,34,payment,325.04
122,72,50,debt,299.6
50,22,28,debt,132.14
55,17,38,existence,97.81
141,89,52,existence,363.04
108,72,36,existence,273.86
74,46,28,debt,149.85
110,7,103,debt,258.89
108,31,77,existence,274.88
97,79,18,existence,286.86
148,1,147,debt,245.39
133,101,32,existence,415.54
48,46,2,existence,147.94
124,122,2,existence,316.82
76,53,23,debt,265.68
110,2,108,debt,287.36
105,14,91,debt,231.45
120,28,92,existence,231.33
118,6,112,debt,281.08
111,54,57,existence,246.47
136,20,116,debt,364.9
52,31,21,payment,151.49
97,18,79,existence,143.14
89,14,75,debt,239.73
90,2,88,existence,174.95
22,21,1,debt,91.07
81,69,12,existence,274.26
150,126,24,existence,413.02
4,1,3,existence,8.5
18,14,4,existence,52.41
131,119,12,payment,445.14
83,49,34,payment,192.68
56,44,12,existence,163
11,4,7,payment,27.08
84,38,46,payment,193.73
72,50,22,debt,252.31
69,62,7,payment,234.24
131,37,94,existence,316.42
65,45,20,existence,189.13
98,71,27,payment,231.2
80,78,2,existence,188.14
74,22,52,payment,187.32
94,14,80,payment,172.57
126,119,7,debt,380.7
34,21,13,payment,105.13
36,15,21,payment,75.28
99,65,34,payment,233.11
112,47,65,existence,325.22
84,8,76,debt,221.55
149,128,21,payment,395.31
13,3,10,debt,46.13
68,38,30,existence,156.42
154,100,54,existence,335.66
94,70,24,payment,275.95
21,13,8,payment,45.24
10,9,1,payment,42.74
63,39,24,payment,148.71
5,3,2,debt,23.6
75,2,73,payment,179.64
5,5,0,existence,14.97
36,12,24,payment,85.56
60,19,41,payment,103.28
14,8,6,debt,48.52
23,21,2,existence,66.8
92,68,24,existence,208.87
63,17,46,debt,128.81
113,25,88,payment,241.12
67,23,44,existence,160.07
2,2,0,payment,17.56
144,8,136,payment,337.17
44,2,42,existence,91.74
83,48,35,existence,145.42
136,100,36,payment,460.16
73,25,48,payment,177.98
136,116,20,debt,374.32
7,1,6,payment,27.86
75,71,4,existence,236.49
129,16,113,payment,194.13
123,25,98,existence,283.58
157,114,43,payment,391.61
107,25,82,debt,265.36
76,54,22,existence,224.43
46,21,25,debt,127.14
32,10,22,existence,89.63
91,57,34,existence,267
97,91,6,payment,329.46
138,121,17,payment,439.1
149,38,111,debt,314.74
47,37,10,existence,133.87
89,6,83,payment,123.77
16,13,3,payment,52.23
102,93,9,existence,240.93
96,58,38,existence,254.8
110,100,10,debt,364.58
1,1,0,debt,21.08
156,72,84,existence,338.95
92,45,47,debt,276.81
73,24,49,payment,177.96
130,58,72,existence,320.96
147,66,81,debt,406.62
52,24,28,payment,152.19
101,70,31,existence,252.61
49,49,0,debt,158.02
61,17,44,debt,185.41
43,31,12,debt,104.36
10,9,1,debt,48.71
114,56,58,existence,361.34
72,35,37,debt,186.49
115,96,19,payment,243.15
64,62,2,existence,201.92
42,23,19,payment,136.34
133,119,14,payment,345.8
150,96,54,debt,276.39
32,6,26,payment,85.22
129,72,57,debt,316.09
144,4,140,payment,270.01
91,74,17,existence,298.84
142,103,39,payment,501.86
18,1,17,existence,43.91
120,30,90,debt,337.49
52,10,42,existence,109.92
49,19,30,payment,92.47
94,23,71,debt,257.24
144,43,101,existence,246.85
9,9,0,payment,37.07
105,43,62,payment,291.43
72,52,20,existence,212.82
109,61,48,payment,306.74
130,49,81,payment,318.04
24,3,21,payment,55.84
125,8,117,existence,195.49
127,36,91,existence,208.54
45,9,36,existence,61.58
3,2,1,payment,15.35
47,42,5,payment,117.94
11,8,3,debt,57.27
25,4,21,payment,48.06
19,2,17,payment,40.52
149,4,145,debt,369.96
4,1,3,debt,19.72
106,63,43,debt,303
104,60,44,existence,204.92
90,66,24,existence,259.7
32,18,14,debt,85.32
150,126,24,existence,522.63
98,75,23,existence,220.91
88,23,65,existence,161.83
48,13,35,debt,123.41
11,4,7,existence,24.63
76,36,40,debt,177.53
30,21,9,debt,99.89
91,63,28,payment,291.16
52,10,42,payment,119.86
85,59,26,payment,268.96
115,13,102,payment,256.93
143,43,100,existence,413.87
52,48,4,debt,182.6
34,5,29,debt,86.3
64,18,46,debt,120.1
92,76,16,existence,261.42
71,50,21,debt,193.1
144,16,128,debt,395.99
117,108,9,debt,317.09
62,61,1,debt,139.45
43,3,40,payment,92.38
42,15,27,payment,108.89
20,9,11,payment,47.98
87,49,38,payment,250.27
25,5,20,payment,67.43
13,7,6,existence,24.49
105,73,32,existence,276.41
74,32,42,debt,153.72
127,57,70,debt,232.67
39,14,25,debt,86.59
14,13,1,payment,57.02
88,43,45,existence,146.22
154,26,128,existence,391.84
14,10,4,existence,40.06
55,48,7,payment,189.07
140,66,74,debt,378.44
92,39,53,debt,186.24
111,107,4,existence,344.41
4,1,3,debt,25.38
5,4,1,debt,33.35
122,70,52,debt,303.82
49,11,38,existence,68.64
44,5,39,existence,60.8
122,102,20,payment,341.89
41,36,5,debt,109.9
85,83,2,existence,233.52
98,83,15,debt,269.72
78,70,8,debt,247.48
144,129,15,payment,506.31
62,28,34,payment,191.97
40,12,28,payment,89.11
140,12,128,existence,279.7
95,39,56,payment,178.94
119,89,30,payment,363.1
126,16,110,debt,235.83
91,23,68,debt,185.72
24,24,0,debt,93.19
76,42,34,payment,168.64
35,3,32,payment,87.08
130,66,64,debt,320.34
52,9,43,debt,139.16
110,84,26,debt,400.6
21,17,4,payment,68.13
20,2,18,payment,67.84
137,34,103,payment,279.43
32,27,5,payment,73.22
5,1,4,existence,13.81
45,25,20,payment,117.37
69,60,9,debt,229.57
81,41,40,payment,177.39
17,1,16,debt,35.31
26,20,6,debt,102.89
123,73,50,payment,333.7
7,1,6,payment,20.01
131,85,46,existence,236.39
92,38,54,debt,175.52
74,68,6,existence,146.12
59,1,58,existence,146.76
94,74,20,payment,271.79
136,10,126,existence,279.19
117,55,62,debt,348.16
60,4,56,payment,138.55
101,58,43,debt,193.22
105,33,72,payment,206.33
76,29,47,debt,198.79
22,9,13,existence,59.13
37,6,31,payment,76.84
54,6,48,payment,121.6
3,3,0,existence,10.31
105,93,12,payment,255.86
89,24,65,payment,158.92
152,149,3,existence,427.8
21,12,9,payment,63.57
118,95,23,debt,299.71
77,28,49,existence,219.67
66,63,3,existence,139.02
29,5,24,debt,56.71
144,20,124,payment,311.46
121,9,112,existence,197.76
139,112,27,payment,457.41
25,19,6,existence,47.42
86,1,85,debt,205.57
100,98,2,debt,388.66
19,12,7,existence,44.03
41,26,15,existence,74.2
130,96,34,existence,321.25
61,21,40,debt,111.42
3,1,2,debt,21.73
22,1,21,debt,54.73
122,89,33,payment,380.84
26,7,19,payment,45.18
100,63,37,existence,232.13
131,17,114,debt,240.34
14,9,5,debt,39.16
61,22,39,payment,176.96
147,59,88,debt,308.97
41,40,1,existence,133.27
112,54,58,payment,264.42
46,34,12,debt,161.18
37,37,0,existence,98.4
91,82,9,debt,249.99
37,1,36,debt,95.51
39,30,9,existence,78.02
132,51,81,payment,256.78
80,15,65,payment,215.57
6,3,3,payment,32.61
53,51,2,payment,148.66
65,46,19,existence,194.06
37,30,7,payment,124.74
146,77,69,existence,280.96
156,25,131,existence,353.71
15,6,9,existence,43.45
154,99,55,payment,324.52
43,39,4,debt,170.73
114,26,88,debt,280.27
43,41,2,payment,133.75
41,38,3,debt,118.81
125,54,71,payment,333.95
66,4,62,existence,152.55
117,50,67,debt,345.93
118,1,117,existence,262.17
115,72,43,debt,226.09
39,33,6,debt,89.92
85,51,34,debt,260.72
135,76,59,debt,290.45
38,1,37,existence,83.94
102,86,16,payment,308.45
79,70,9,existence,253.84
73,61,12,payment,225.14
58,56,2,existence,163.21
23,6,17,existence,43.55
53,44,9,existence,174.66
69,18,51,debt,205.92
52,7,45,payment,95.1
75,27,48,existence,188.85
19,11,8,existence,37.62
28,12,16,payment,77.4
157,58,99,debt,470.93
77,46,31,existence,186.76
105,78,27,debt,330.63
80,41,39,payment,194.49
11,4,7,debt,37.25
56,34,22,existence,140.83
56,23,33,debt,136.08
59,19,40,debt,134
15,7,8,debt,59.71
49,41,8,existence,148.26
43,40,3,existence,98.27
126,110,16,payment,438.98
43,39,4,payment,162.16
46,6,40,debt,123.03
3,2,1,payment,16.57
93,36,57,existence,229.97
16,1,15,existence,36.86
57,36,21,debt,150.48
63,12,51,debt,184.47
104,98,6,existence,256.09
32,19,13,payment,78.49
123,107,16,payment,260.19
115,37,78,payment,302.9
93,36,57,payment,228.49
9,3,6,existence,25.19
64,2,62,debt,173.36
9,2,7,existence,14.37
86,19,67,existence,167.06
55,55,0,payment,158.09
122,62,60,existence,255.63
105,54,51,debt,307.2
155,51,104,payment,303.7
56,7,49,debt,122.66
149,95,54,debt,359.24
126,113,13,existence,375.12
12,8,4,existence,34.16
139,13,126,debt,295.89
67,21,46,payment,166.54
36,26,10,payment,113.68
144,31,113,payment,207.64
59,33,26,debt,122.24
62,25,37,existence,106.67
56,43,13,debt,165.79
121,44,77,existence,320.34
151,73,78,payment,412.63
101,62,39,existence,233.85
87,79,8,existence,236.38
99,33,66,existence,270.72
1,1,0,existence,2.86
79,54,25,existence,237.88
44,2,42,payment,72.11
109,105,4,payment,257.24
132,122,10,existence,291.29
2,2,0,debt,17.55
18,2,16,payment,62.23
96,27,69,payment,250.98
96,13,83,payment,240.76
123,57,66,debt,337.21
128,79,49,payment,254.82
107,5,102,existence,186.67
89,66,23,existence,237.49
9,5,4,existence,22.15
125,79,46,debt,299.25
102,50,52,existence,202.15
151,55,96,payment,369.09
119,20,99,payment,203.15
50,8,42,existence,93.31
138,70,68,payment,353.07
3,1,2,payment,13.41
58,9,49,payment,120.27
151,149,2,debt,522.45
12,12,0,existence,37.21
135,12,123,existence,251.28
8,4,4,debt,34.66
27,10,17,debt,81.7
117,36,81,debt,234.19
148,76,72,payment,277.3
38,16,22,payment,79.2
36,20,16,debt,101.04
124,88,36,debt,388.09
36,4,32,existence,73.64
120,106,14,payment,313.3
116,68,48,existence,239.48
128,91,37,debt,291.13
80,21,59,payment,220.97
101,71,30,debt,266.89
119,67,52,debt,315.11
120,74,46,payment,326.22
10,7,3,payment,35.77
29,2,27,existence,54.33
65,5,60,payment,180.76
30,20,10,existence,76.53
11,10,1,payment,43.81
104,35,69,payment,197.48
69,13,56,existence,187.26
100,28,72,debt,233.13
113,89,24,payment,326.06
37,23,14,existence,110.94
1,1,0,existence,2.71
132,92,40,payment,276.09
44,6,38,existence,65.24
60,30,30,debt,163.52
81,18,63,payment,188.53
88,66,22,existence,192.36
127,71,56,debt,361.87
81,12,69,debt,185.11
13,11,2,payment,49.32
99,15,84,existence,157.98
122,87,35,payment,386.42
139,127,12,payment,371.66
130,61,69,debt,280.92
3,2,1,existence,9.61
124,63,61,payment,393.8
35,15,20,existence,93.72
157,136,21,existence,470.58
16,3,13,debt,41.56
100,65,35,existence,325.78
142,47,95,existence,336.5
69,20,49,debt,155.5
87,8,79,debt,209.35
94,1,93,payment,199.08
103,40,63,existence,230.65
15,1,14,existence,21.27
111,3,108,existence,222.95
134,18,116,existence,207.99
77,48,29,payment,218.58
111,55,56,debt,297.23
105,48,57,payment,285.41
8,3,5,payment,24.13
42,37,5,debt,142.3
56,30,26,existence,149.17
97,58,39,existence,287.42
98,87,11,existence,244.48
146,10,136,payment,228.02
152,103,49,debt,326.37
125,55,70,debt,340.71
104,60,44,payment,242.69
39,22,17,debt,115.43
136,7,129,debt,349.77
143,99,44,existence,324.8
47,20,27,payment,111.21
144,91,53,debt,366.52
65,50,15,existence,128.98
110,31,79,debt,320.33
121,58,63,payment,274.64
55,33,22,debt,172.04
118,70,48,debt,245.04
32,12,20,existence,85.03
149,80,69,existence,410.88
13,2,11,payment,39.62
63,48,15,debt,168.54
108,16,92,payment,226.91
54,19,35,payment,121.09
17,5,12,debt,51.46
100,6,94,existence,127.08
100,6,94,existence,163.64
31,20,11,debt,112.74
114,72,42,debt,246.04
145,94,51,payment,492.56
85,54,31,payment,214.41
126,29,97,existence,296.62
71,64,7,existence,186.18
113,106,7,existence,361.24
45,9,36,debt,120.59
78,59,19,debt,225.74
14,9,5,existence,45.45
23,1,22,existence,51
50,38,12,payment,165.88
79,35,44,existence,148.05
27,3,24,debt,48.16
18,7,11,existence,29.96
115,82,33,payment,275.52
74,23,51,existence,126.11
7,4,3,payment,33.13
70,70,0,payment,169.63
96,56,40,existence,223.61
7,6,1,existence,20.58
138,119,19,existence,446.97
132,111,21,payment,393.74
81,70,11,debt,242.91
19,2,17,existence,24.72
120,19,101,existence,185.8
87,51,36,debt,294.25
6,6,0,payment,26.44
45,4,41,payment,93.82
55,49,6,existence,106.29
136,28,108,debt,211.83
19,16,3,debt,82.79
99,76,23,existence,267
141,136,5,existence,470.1
30,29,1,debt,78.04
27,9,18,debt,55.81
101,60,41,debt,317.09
80,74,6,existence,166.34
80,8,72,existence,121.49
11,6,5,payment,53.69
105,27,78,existence,168.11
102,20,82,payment,215.24
29,27,2,payment,85.21
91,40,51,existence,203.17
126,55,71,payment,321.36
89,81,8,existence,269.01
13,6,7,debt,44.27
49,7,42,payment,73.06
156,85,71,existence,331.18
150,80,70,existence,420.78
89,22,67,existence,167.32
70,14,56,existence,128.16
81,65,16,payment,173.06
126,66,60,payment,345.42
109,25,84,existence,284.82
7,3,4,existence,19.08
21,6,15,existence,53.62
102,52,50,payment,178.07
58,10,48,debt,116.11
155,34,121,debt,367.76
124,50,74,payment,278.09
95,70,25,existence,295.8
20,19,1,existence,63.11
150,5,145,debt,284.2
100,14,86,debt,233.47
141,85,56,payment,446.16
17,3,14,payment,49.45
123,101,22,existence,436.77
34,6,28,payment,74.93
136,46,90,existence,303.63
5,5,0,existence,16.96
58,56,2,debt,221.48
6,1,5,debt,29.98
71,58,13,debt,226.77
102,50,52,payment,216.55
113,92,21,existence,351.85
120,97,23,debt,285.88
83,45,38,debt,250.93
117,74,43,debt,282.64
152,127,25,debt,515.15
88,47,41,debt,235.33
97,2,95,payment,193.67
33,8,25,payment,68.43
114,114,0,payment,346.51
83,16,67,payment,182.73
130,38,92,payment,266.06
5,5,0,debt,24.79
79,57,22,payment,221.96
71,6,65,existence,136.35
64,45,19,existence,149.52
139,109,30,existence,378.75
8,1,7,existence,13.96
77,18,59,payment,173.62
152,17,135,debt,236.69
81,56,25,existence,210.06
80,59,21,debt,278.49
148,79,69,debt,480.13
137,101,36,existence,344.16
118,31,87,debt,311.46
115,77,38,debt,249.42
60,50,10,existence,160.16
132,89,43,payment,369.21
87,75,12,debt,292.96
22,7,15,payment,65.58
154,29,125,debt,402.77
45,31,14,existence,94.22
89,67,22,debt,314.17
118,91,27,payment,269.32
140,124,16,debt,463.12
14,10,4,existence,40.06
4,2,2,existence,6.52
124,102,22,debt,276.97
21,21,0,debt,60.53
123,75,48,payment,251.05
85,78,7,debt,210.25
103,19,84,existence,187.48
119,18,101,existence,271.21
153,18,135,existence,381.9
35,33,2,debt,98.36
61,23,38,existence,163.56
131,69,62,existence,360.22
102,5,97,debt,138.18
13,13,0,existence,34.5
55,21,34,debt,135.3
140,42,98,payment,283.97
70,13,57,debt,149.75
84,26,58,debt,193.77
154,103,51,existence,451.98
24,2,22,payment,61.98
67,17,50,debt,151.66
132,117,15,debt,400.8
150,82,68,payment,345.3
67,1,66,payment,168.9
130,28,102,payment,297.3
154,119,35,existence,509.96
58,55,3,existence,201.78
68,5,63,existence,119.45
90,3,87,debt,221.39
34,19,15,existence,99.94
102,37,65,existence,273.28
136,34,102,existence,232.35
151,129,22,payment,397.71
155,129,26,existence,470.64
29,20,9,payment,87.13
82,22,60,existence,131.16
84,36,48,existence,228.88
26,21,5,payment,92.91
21,4,17,existence,40.53
21,7,14,debt,73.03
30,19,11,debt,107.14
59,29,30,payment,111.9
79,58,21,debt,226.86
57,18,39,debt,166.87
146,85,61,payment,402.75
125,87,38,debt,273.33
101,56,45,debt,284.52
147,26,121,debt,320.7
19,16,3,payment,76.68
86,83,3,payment,299.85
133,23,110,existence,213.48
41,1,40,existence,94.79
42,15,27,existence,72.13
56,20,36,existence,137.29
88,83,5,existence,224.38
145,144,1,payment,403.19
35,12,23,existence,95.53
23,8,15,debt,50.14
140,80,60,debt,332.81
76,31,45,existence,137.2
66,15,51,existence,115.56
153,100,53,payment,459.86
17,5,12,debt,45.31
44,39,5,payment,158.41
94,37,57,debt,275.97
61,53,8,debt,175.79
17,11,6,debt,68.49
55,48,7,payment,133.74
37,2,35,existence,79.77
3,1,2,payment,17.22
29,18,11,payment,64.93
14,8,6,payment,47.92
29,8,21,debt,62.2
154,104,50,debt,386.69
116,5,111,existence,257.2
82,54,28,payment,252.48
42,28,14,existence,101.13
101,42,59,debt,247.43
44,4,40,existence,65.56
41,30,11,existence,89.09
11,4,7,debt,42.05
120,112,8,debt,372.45
117,95,22,debt,418.32
35,2,33,payment,80.4
153,146,7,debt,397.93
99,31,68,payment,233.44
26,25,1,debt,110.83
67,36,31,debt,187.35
2,1,1,payment,17.94
78,46,32,existence,159.57
16,12,4,existence,48.75
139,27,112,debt,377.99
105,101,4,debt,367.09
155,47,108,debt,327.19
114,44,70,debt,323.03
79,7,72,existence,139.49
58,53,5,debt,156.3
26,18,8,payment,99.95
48,1,47,existence,64.01
21,14,7,existence,57.45
105,82,23,debt,345.69
30,25,5,payment,107.5
92,74,18,payment,314.58
98,63,35,existence,186.01
22,18,4,existence,61.25
62,17,45,existence,100.49
6,2,4,existence,14.18
40,29,11,debt,151.96
143,28,115,existence,375.36
60,6,54,payment,87.3
78,25,53,debt,203.13
129,30,99,existence,222.68
10,7,3,debt,49.22
121,91,30,debt,290.68
66,54,12,debt,196.1
151,71,80,payment,455.13
151,23,128,existence,364.78
8,1,7,existence,13.2
58,1,57,debt,117.34
154,121,33,payment,405.64
118,32,86,existence,294.25
82,6,76,debt,113.89
26,18,8,existence,72
132,67,65,existence,318.23
148,26,122,existence,334.99
113,79,34,debt,236.01
136,86,50,payment,438.81
83,42,41,debt,211.66
66,16,50,payment,116.57
18,8,10,existence,50.67
29,20,9,existence,62.08
70,6,64,existence,158.27
73,3,70,debt,161.11
38,38,0,existence,115.02
9,1,8,existence,21.58
53,23,30,debt,96.43
128,100,28,debt,280.61
53,43,10,payment,124.36
137,115,22,debt,499.78
25,2,23,debt,88.66
130,130,0,existence,385.12
153,133,20,payment,367.03
7,2,5,payment,25.53
131,119,12,debt,347.14
26,8,18,payment,71.99
144,115,29,debt,421.93
156,115,41,payment,517.42
154,135,19,payment,445.67
17,2,15,payment,41.66
1,1,0,debt,22.98
151,111,40,payment,328.68
17,5,12,debt,44.14
30,17,13,debt,109.5
124,73,51,existence,355.07
146,90,56,existence,348.38
51,4,47,existence,102.36
136,92,44,payment,467.65
70,52,18,debt,200.75
42,42,0,existence,135.96
81,45,36,debt,234.76
121,37,84,existence,307.09
110,1,109,debt,208.89
53,6,47,existence,105.49
95,40,55,payment,227.25
91,15,76,payment,221.42
75,23,52,existence,124.44
67,21,46,debt,164.16
38,21,17,payment,95.56
133,36,97,payment,283.88
22,2,20,payment,49.86
91,1,90,existence,129.39
6,1,5,payment,25.87
50,28,22,debt,162.76
132,31,101,payment,382.4
143,20,123,existence,282.56
50,23,27,existence,78.02
124,85,39,debt,281.98
151,41,110,payment,261.76
85,39,46,debt,183.9
76,24,52,existence,155.63
14,1,13,existence,19.72
109,34,75,debt,217.57
148,74,74,debt,346.99
155,27,128,debt,289.8
55,51,4,debt,195.82
13,9,4,debt,57.73
90,17,73,debt,242.91
101,94,7,existence,276.4
133,51,82,debt,300.26
107,21,86,payment,168.95
120,118,2,existence,397.63
36,27,9,existence,76.57
78,17,61,existence,136.77
12,6,6,debt,45.29
111,92,19,debt,374.72
103,5,98,payment,147.17
134,20,114,payment,324.74
7,1,6,existence,14.78
74,24,50,existence,174.73
112,31,81,debt,264.59
9,5,4,debt,52.03
52,12,40,payment,122.52
68,35,33,payment,181.44
120,63,57,existence,213.76
93,44,49,existence,183.72
73,38,35,debt,162.05
147,63,84,payment,261.28
143,3,140,existence,271.86
143,76,67,debt,273.24
134,12,122,existence,184.34
137,111,26,existence,285.59
91,12,79,debt,138.96
65,59,6,existence,222.99
25,21,4,existence,82.65
62,18,44,payment,111.14
87,49,38,debt,204.21
114,37,77,payment,299.35
32,18,14,debt,97.44
34,13,21,debt,101.01
37,6,31,debt,86.13
27,21,6,existence,71.07
128,83,45,payment,387.51
22,19,3,existence,64.59
127,40,87,debt,369.24
20,12,8,existence,54.58
54,6,48,payment,147.59
99,94,5,existence,343.52
114,11,103,existence,233.3
140,113,27,debt,385.59
66,26,40,existence,153.27
94,33,61,existence,181.05
122,116,6,existence,401.18
11,7,4,existence,30.12
115,48,67,existence,199.32
74,66,8,payment,277.68
96,47,49,payment,224.84
84,67,17,debt,271.27
104,42,62,debt,196.29
153,147,6,payment,419.27
11,4,7,debt,39.48
15,8,7,payment,51.15
30,24,6,payment,110.69
17,5,12,debt,48.73
86,23,63,debt,230.69
95,47,48,existence,257.57
104,27,77,debt,275.65
81,75,6,existence,283.09
78,4,74,existence,182.17
82,4,78,payment,212.94
4,1,3,debt,24.18
144,15,129,debt,317.18
16,4,12,payment,36.87
155,137,18,debt,561.3
8,3,5,payment,24.43
146,52,94,payment,351.65
111,97,14,payment,418.83
16,3,13,debt,61.11
93,30,63,existence,170.67
65,7,58,debt,166.39
76,2,74,debt,190.79
81,1,80,debt,220.38
86,61,25,existence,165.48
97,50,47,payment,226.31
135,129,6,debt,343.98
1,1,0,existence,3.07
122,120,2,existence,327.16
118,46,72,debt,237.8
119,28,91,existence,239.48
117,62,55,debt,328.96
156,13,143,payment,398.05
157,144,13,payment,360.42
33,9,24,debt,78.64
55,31,24,payment,155.75
82,4,78,existence,208.12
156,114,42,debt,387.9
140,126,14,payment,464.8
107,44,63,debt,287.16
132,87,45,existence,288.74
38,35,3,payment,130.43
120,19,101,existence,235.44
112,24,88,debt,231.35
76,21,55,payment,192.88
121,48,73,existence,274.86
103,70,33,debt,328.87
147,70,77,debt,314.64
51,15,36,debt,155.54
110,1,109,payment,163.59
74,65,9,payment,253
99,83,16,payment,197.36
71,43,28,debt,150.28
55,41,14,payment,176.62
153,69,84,existence,362.37
103,103,0,existence,330.19
136,112,24,debt,372.3
73,3,70,payment,191.27
73,12,61,existence,143.38
95,83,12,existence,276.28
116,65,51,debt,256.91
75,75,0,existence,232.13
134,70,64,payment,257.43
59,35,24,payment,195.9
25,9,16,existence,60.56
2,1,1,payment,15.41
26,20,6,payment,88.85
146,95,51,payment,485.32
54,35,19,payment,100.14
57,19,38,payment,107.51
94,80,14,existence,189.6
16,8,8,debt,49.96
58,41,17,debt,146.82
5,5,0,existence,17.83
97,15,82,existence,141.06
120,77,43,existence,370.03
50,29,21,payment,146.48
128,100,28,existence,385.89
4,2,2,existence,8.25
108,86,22,payment,390.02
132,104,28,payment,426.7
83,16,67,payment,206.97
2,2,0,payment,16.93
66,59,7,existence,166.17
78,43,35,payment,238.22
22,18,4,payment,90.31
96,94,2,existence,300.69
45,5,40,payment,68.78
25,7,18,existence,54.96
69,9,60,payment,125.55
105,69,36,debt,319.59
72,37,35,existence,185.52
4,3,1,payment,23.8
113,91,22,payment,360.46
30,8,22,debt,97.61
10,5,5,debt,50.82
103,65,38,existence,193.63
150,150,0,debt,580.39
108,87,21,existence,316.94
19,7,12,existence,47.91
130,47,83,existence,260.26
12,1,11,existence,30.23
97,44,53,existence,163.29
35,17,18,existence,83.84
129,70,59,existence,397.77
55,7,48,existence,78.3
11,4,7,payment,28.37
29,2,27,debt,54.41
1,1,0,debt,20.17
116,44,72,payment,216.09
130,96,34,existence,353.32
36,10,26,payment,70.15
46,29,17,debt,147.62
152,51,101,payment,352.69
126,47,79,existence,279.78
140,135,5,existence,330.38
30,20,10,payment,85.74
85,63,22,debt,267.8
146,97,49,existence,338.1
127,59,68,existence,331.01
70,57,13,existence,172.05
58,11,47,existence,136.92
73,1,72,debt,103.45
68,67,1,debt,168.81
117,81,36,payment,292.96
132,71,61,payment,261.7
130,52,78,existence,273.77
156,34,122,payment,284.51
63,41,22,debt,179.82
46,31,15,payment,152.03
133,104,29,existence,369.25
105,79,26,payment,254.74
126,13,113,payment,182.33
8,8,0,debt,33.27
27,5,22,payment,63.69
59,45,14,payment,152.05
37,28,9,existence,79.82
150,2,148,existence,202.61
105,88,17,payment,274.51
43,19,24,payment,113.89
87,58,29,existence,228.45
26,22,4,payment,71.5
128,125,3,existence,332.87
60,31,29,debt,119.37
73,47,26,existence,156.42
45,6,39,existence,108.04
81,72,9,payment,220.91
109,37,72,payment,305.08
152,70,82,payment,431.32
16,2,14,payment,50.75
115,74,41,debt,250
82,58,24,debt,252.87
15,2,13,debt,59.37
113,17,96,payment,248.13
140,116,24,payment,371.39
133,11,122,debt,246.34
142,88,54,debt,425.77
23,15,8,debt,92.92
129,40,89,debt,289.63
64,62,2,payment,190.17
142,20,122,debt,364.93
120,66,54,existence,282.37
9,4,5,payment,25.48
68,68,0,existence,195.39
140,5,135,debt,297.27
53,33,20,debt,118.63
58,1,57,payment,85.48
148,9,139,debt,283.57
66,24,42,payment,160.73
95,35,60,existence,196.15
53,41,12,existence,157.15
154,116,38,debt,399.49
25,9,16,existence,60.75
145,124,21,existence,294.66
54,36,18,debt,144.44
146,2,144,existence,179.91
32,16,16,debt,111.96
127,23,104,existence,265.32
99,79,20,debt,341.52
138,23,115,debt,369.87
28,3,25,payment,78.72
67,39,28,existence,126.78
138,127,11,existence,394.4
140,35,105,debt,345.98
96,29,67,debt,156.69
120,109,11,payment,284.33
141,21,120,debt,216.28
5,1,4,debt,37.87
33,15,18,existence,78.65
120,1,119,debt,287.08
61,30,31,payment,150.34
22,3,19,debt,64.89
68,9,59,payment,100.45
102,47,55,payment,223.12
38,29,9,existence,81.43
146,53,93,existence,320.35
67,3,64,payment,94.85
22,2,20,payment,64.27
115,22,93,payment,246.97
59,56,3,debt,155.36
38,18,20,payment,102.42
135,52,83,payment,313.63
98,58,40,existence,265.88
142,23,119,payment,248.22
58,6,52,existence,112.32
69,10,59,payment,179.62
71,68,3,debt,187.84
147,117,30,payment,394.04
77,73,4,existence,239.14
44,3,41,debt,77.62
129,91,38,payment,303.07
121,79,42,existence,253.76
119,14,105,debt,319.15
75,28,47,existence,153
56,20,36,payment,112.86
127,56,71,debt,235.09
145,139,6,existence,334.9
18,9,9,debt,71.32
72,62,10,payment,202.17
33,14,19,payment,88.55
154,103,51,existence,407.17
53,32,21,debt,157.38
120,52,68,payment,350.33
52,51,1,debt,221.23
146,50,96,payment,335.47
98,85,13,existence,310.26
57,22,35,debt,142.86
25,7,18,existence,46.54
5,2,3,payment,25.55
24,9,15,existence,48.15
124,5,119,payment,185.53
144,142,2,payment,345.45
130,58,72,payment,396.24
33,1,32,debt,78.97
37,36,1,debt,90.49
150,88,62,payment,380.26
2,1,1,existence,4.21
73,34,39,existence,186.31
101,89,12,payment,203.38
57,31,26,existence,159.91
104,68,36,payment,236.79
72,41,31,debt,157.26
91,64,27,debt,309.83
56,41,15,debt,157.59
155,14,141,debt,345.31
92,44,48,debt,247.39
109,107,2,debt,373.12
78,39,39,existence,225.36
95,80,15,payment,261.01
94,32,62,debt,265.54
141,6,135,debt,335.89
77,9,68,existence,100.08
136,89,47,debt,354.57
128,122,6,debt,467.38
120,78,42,existence,363.5
46,12,34,existence,81.53
135,31,104,debt,269.38
53,37,16,existence,122.6
135,25,110,payment,346.84
23,8,15,payment,57.14
146,59,87,payment,398.66
130,106,24,debt,434.23
98,37,61,existence,272.6
51,39,12,debt,151.41
62,38,24,debt,137.48
28,28,0,existence,64.39
106,25,81,debt,291.88
139,8,131,existence,183.51
135,5,130,existence,287.35
126,31,95,debt,219.84
132,45,87,payment,239.23
15,15,0,debt,57.14
26,11,15,debt,75.72
122,4,118,existence,303.95
88,3,85,existence,200.38
28,17,11,debt,101.53
142,94,48,debt,409.87
107,105,2,existence,328.08
94,43,51,debt,272.78
113,33,80,payment,250.29
132,48,84,existence,362.23
34,20,14,debt,118.68
145,112,33,existence,386.98
64,48,16,existence,124.62
63,12,51,payment,122.8
21,9,12,payment,54.73
29,2,27,payment,92.14
74,10,64,payment,106.64
139,106,33,payment,414.69
36,17,19,payment,102.08
102,49,53,existence,197.22
92,35,57,existence,225.41
83,78,5,payment,198.52
13,2,11,existence,30.81
67,37,30,debt,210.35
8,6,2,debt,46.15
105,92,13,payment,287.82
73,52,21,debt,180.98
53,3,50,debt,110.34
139,132,7,payment,459.97
115,44,71,payment,318.69
127,21,106,debt,193.57
34,19,15,existence,91.07
107,61,46,existence,180.66
52,3,49,existence,71.43
108,60,48,debt,206.87
62,30,32,existence,151.59
27,10,17,payment,61.65
139,31,108,payment,369.22
81,66,15,debt,190.21
73,53,20,existence,172.34
150,54,96,existence,402.56
3,1,2,existence,5.11
151,43,108,payment,295.28
117,29,88,existence,193.3
141,40,101,payment,250.85
110,11,99,existence,177.37
139,77,62,existence,410.87
32,30,2,payment,133.78
102,52,50,existence,203.14
97,76,21,debt,202.56
72,25,47,existence,157.63
27,2,25,payment,54.46
82,28,54,existence,188.64
39,17,22,existence,88.18
123,51,72,debt,348.69
154,31,123,debt,357.73
64,40,24,payment,172.75
3,2,1,existence,6.49
106,62,44,existence,256.34
83,15,68,debt,164.02
140,55,85,existence,417.39
37,11,26,payment,94.77
126,103,23,payment,343.15
125,59,66,existence,279.37
153,25,128,debt,341.08
19,1,18,debt,60.93
15,10,5,existence,42.21
152,121,31,existence,424.95
56,29,27,debt,189.38
132,54,78,debt,299.81
134,72,62,payment,319.83
93,61,32,debt,239.31
156,83,73,existence,350.09
47,12,35,payment,134.56
147,104,43,payment,369.09
145,67,78,payment,293.13
22,20,2,debt,70.08
30,22,8,existence,64.25
25,13,12,debt,84.26
29,26,3,payment,125.87
37,27,10,existence,90.57
1,1,0,debt,24.58
43,43,0,debt,159.93
5,1,4,payment,30.33
51,47,4,existence,156.13
39,14,25,existence,79.5
78,66,12,debt,230.5
26,20,6,payment,97.68
130,95,35,payment,456.9
37,22,15,debt,88.06
110,65,45,existence,325.61
107,3,104,existence,165.03
49,7,42,debt,90.78
62,60,2,payment,162.09
110,20,90,debt,179.82
2,1,1,debt,25.65
129,67,62,debt,367.04
93,33,60,payment,184.98
130,4,126,payment,256.81
98,10,88,existence,209.31
38,17,21,existence,57.66
69,26,43,debt,116.46
9,3,6,debt,47.97
13,2,11,existence,26.41
19,1,18,existence,40.59
146,139,7,debt,378.41
129,125,4,payment,359.85
121,21,100,debt,293.22
118,102,16,debt,281.2
98,17,81,payment,171.22
93,37,56,payment,266.98
104,25,79,existence,145.59
76,47,29,existence,195.12
58,28,30,payment,140.88
49,36,13,debt,171.58
54,21,33,payment,116.04
13,1,12,debt,41.71
53,23,30,debt,131.2
144,18,126,payment,224.66
124,106,18,existence,272.1
5,1,4,debt,23.23
157,108,49,debt,400.6
8,5,3,debt,42.88
55,3,52,payment,100.17
125,102,23,debt,349.53
118,25,93,existence,275.47
72,3,69,debt,165.25
78,66,12,debt,264.18
99,98,1,payment,279.3
56,18,38,payment,134.61
45,38,7,payment,133.84
109,85,24,existence,334.41
27,18,9,existence,75.32
136,5,131,debt,320.82
75,29,46,debt,202.55
19,1,18,debt,32.76
118,37,81,existence,264.65
124,11,113,debt,215.92
69,51,18,existence,226.6
6,2,4,existence,12.22
97,54,43,debt,301.55
111,1,110,debt,219.88
135,133,2,existence,294.66
128,48,80,debt,304.35
52,39,13,existence,95.37
157,120,37,existence,318.53
118,99,19,existence,345.53
123,66,57,payment,316.96
33,9,24,payment,76.72
43,13,30,existence,112.49
53,50,3,existence,164.67
133,25,108,debt,375.07
157,5,152,debt,336.82
145,7,138,existence,327.53
133,20,113,payment,182.95
145,25,120,payment,400.31
114,27,87,debt,295.29
63,14,49,debt,127.07
80,2,78,debt,170.43
120,116,4,payment,264.22
157,16,141,existence,220.53
27,19,8,existence,88.77
122,85,37,existence,331.91
48,43,5,existence,119.9
151,88,63,payment,397.76
27,15,12,payment,67.15
72,24,48,payment,192.49
19,12,7,debt,65.46
47,28,19,debt,149.65
154,25,129,existence,249.17
41,37,4,payment,153.58
143,61,82,existence,365.59
11,1,10,existence,28.26
145,6,139,debt,370.5
93,92,1,existence,264.09
95,5,90,debt,210.29
141,54,87,existence,279.74
131,62,69,payment,286.78
20,12,8,existence,53.42
49,2,47,debt,108.89
138,94,44,payment,316.13
52,31,21,existence,128.55
77,57,20,payment,246.38
4,4,0,existence,10.41
100,22,78,debt,174.61
22,19,3,payment,53.51
149,145,4,payment,477.19
122,5,117,existence,226.77
95,75,20,debt,240.12
132,129,3,existence,297.07
129,82,47,debt,359.28
136,32,104,existence,287.98
109,69,40,debt,272.75
79,58,21,debt,193.81
126,51,75,existence,232.29
46,8,38,payment,92.45
140,121,19,payment,295.29
85,31,54,debt,256.75
96,21,75,payment,205.03
43,24,19,debt,99.12
151,60,91,debt,377.62
152,116,36,payment,447
152,138,14,existence,436.13
138,25,113,debt,358.78
102,100,2,payment,302.92
71,46,25,debt,233.7
94,83,11,payment,266.87
21,6,15,existence,34.56
70,63,7,payment,239.49
69,61,8,existence,157.63
68,53,15,debt,224.33
123,16,107,debt,297.81
6,6,0,debt,33.29
47,41,6,existence,154.84
104,48,56,payment,247.06
21,13,8,debt,70.98
62,60,2,existence,161.56
51,7,44,payment,129.76
142,129,13,existence,287.2
142,34,108,payment,233.67
141,39,102,payment,404.84
99,17,82,debt,178.86
73,66,7,existence,228.52
54,52,2,payment,212.41
91,83,8,payment,228.76
86,48,38,existence,185.33
99,98,1,debt,281.98
13,1,12,debt,44.11
73,43,30,debt,156.1
68,17,51,debt,179.77
73,65,8,payment,208.61
85,74,11,existence,262.15
68,49,19,payment,237.65
101,40,61,existence,256.3
111,105,6,existence,262.23
114,40,74,payment,312.45
2,2,0,existence,7.23
40,10,30,payment,80.11
126,44,82,payment,271.66
145,105,40,debt,430.72
91,38,53,payment,253.54
149,15,134,debt,267.56
64,33,31,payment,154.83
99,6,93,debt,149.69
154,44,110,debt,400.44
153,56,97,payment,430.83
73,30,43,debt,198.24
55,31,24,payment,169.88
28,19,9,existence,89.82
1,1,0,existence,3.88
34,25,9,payment,94.02
57,46,11,payment,193.44
97,79,18,debt,217.5
141,89,52,payment,410.9
156,3,153,payment,242.37
54,33,21,existence,163.88
23,7,16,payment,55.55
66,52,14,existence,177.03
96,35,61,debt,274.5
105,43,62,existence,280.83
117,70,47,payment,339.1
6,4,2,existence,15.64
45,6,39,debt,90.49
76,56,20,payment,256.85
124,28,96,debt,312.97
152,5,147,debt,225.84
82,66,16,payment,214.75
12,12,0,debt,51.77
132,54,78,debt,300.92
46,10,36,payment,95.21
36,30,6,debt,112.78
53,44,9,debt,177
104,4,100,existence,217.49
13,12,1,payment,44.11
98,54,44,debt,306.97
104,2,102,payment,236.8
53,45,8,debt,169.88
97,90,7,payment,239.92
69,13,56,payment,185.14
141,44,97,existence,321.16
20,10,10,existence,58.02
65,8,57,existence,84.72
66,37,29,existence,171.61
113,109,4,payment,442.68
54,24,30,payment,143.97
134,65,69,debt,389.53
105,19,86,debt,239.95
33,10,23,payment,99.11
145,24,121,existence,242.01
86,64,22,payment,222.24
150,59,91,payment,392.96
123,117,6,debt,447.94
66,54,12,payment,192.1
72,53,19,payment,236.7
100,49,51,payment,294.62
141,113,28,payment,376.58
33,23,10,payment,118.81
52,16,36,debt,132.81
103,50,53,payment,226.64
147,140,7,existence,540.55
60,60,0,existence,216.23
118,39,79,existence,263.97
69,64,5,existence,242.75
54,19,35,existence,152.56
137,62,75,debt,316.98
40,12,28,payment,107.04
136,26,110,debt,232.36
44,22,22,existence,102.71
42,7,35,debt,65.48
63,47,16,debt,200.2
68,49,19,debt,237.31
9,3,6,debt,47.28
149,108,41,debt,352.89
22,7,15,debt,61.79
153,86,67,debt,410.98
4,4,0,payment,23.26
132,11,121,payment,317.68
19,16,3,existence,43.64
139,48,91,payment,406.85
56,46,10,debt,143.43
137,8,129,existence,206.77
123,85,38,debt,354.85
60,44,16,existence,116.36
150,73,77,payment,463.19
91,9,82,existence,135.22
58,44,14,existence,179.58
143,88,55,existence,249.13
142,44,98,debt,249.04
16,3,13,payment,53.1
21,3,18,payment,42.46
155,134,21,debt,424.93
141,16,125,existence,238.43
56,18,38,existence,112.93
30,23,7,payment,85.78
141,42,99,debt,404.45
76,20,56,existence,168.4
142,128,14,payment,372.31
126,38,88,existence,188.41
49,28,21,existence,119.8
125,118,7,debt,320.03
17,13,4,payment,62.66
140,91,49,payment,353.5
64,43,21,existence,168.04
105,74,31,debt,238.68
133,12,121,payment,274.97
15,2,13,payment,43.62
135,68,67,payment,306.51
97,43,54,debt,310.6
8,4,4,debt,41.19
78,9,69,debt,221.62
148,116,32,existence,355.07
10,3,7,payment,40.91
53,27,26,payment,134.53
141,39,102,existence,266.77
84,35,49,debt,181.35
109,49,60,debt,284.25
113,54,59,payment,267.61
111,94,17,payment,223.71
19,2,17,payment,48.11
26,23,3,payment,99.52
157,23,134,existence,350.89
110,81,29,payment,243.4
25,11,14,debt,61.33
8,6,2,debt,37.44
31,2,29,debt,78.13
106,16,90,existence,142.51
47,38,9,debt,108.68
127,16,111,existence,296.53
57,55,2,payment,215.48
157,71,86,payment,439.17
3,1,2,existence,6.45
134,10,124,existence,269.05
67,27,40,payment,197.65
95,3,92,debt,229.4
97,69,28,payment,224.82
97,41,56,debt,302.37
41,16,25,payment,91.78
131,109,22,payment,353.77
124,96,28,payment,309.94
57,44,13,existence,157.2
140,114,26,existence,417.56
31,25,6,existence,91.65
104,94,10,debt,233.03
157,124,33,existence,492.14
53,20,33,existence,137.85
49,18,31,payment,96.87
143,130,13,existence,462.98
13,5,8,debt,52.35
62,31,31,existence,123.09
52,39,13,existence,121.71
58,43,15,payment,184.08
49,42,7,existence,147.81
23,10,13,debt,56.7
2,1,1,existence,5.06
67,32,35,debt,188.44
128,98,30,payment,350.08
43,24,19,payment,106.21
113,43,70,payment,279.11
109,4,105,debt,201.18
6,4,2,existence,13.55
66,5,61,existence,124.68
36,34,2,debt,124.5
102,42,60,debt,212.38
106,9,97,existence,153.37
7,2,5,debt,46.25
55,37,18,existence,108.12
78,69,9,existence,183.26
100,24,76,debt,226.73
125,108,17,existence,404.95
72,66,6,debt,208.2
121,85,36,payment,277.02
70,5,65,debt,160.24
56,17,39,existence,85.05
53,21,32,existence,93.05
101,42,59,existence,256.18
90,53,37,payment,189.45
142,88,54,payment,363.07
62,11,51,existence,121.11
4,4,0,debt,34.36
53,22,31,payment,135.96
31,26,5,payment,100.92
111,18,93,debt,290.37
100,15,85,existence,157.72
147,16,131,existence,344.01
154,136,18,payment,493.72
72,70,2,payment,181.63
139,32,107,debt,249.31
53,27,26,payment,171.63
57,12,45,existence,145.71
41,10,31,debt,88.81
76,2,74,existence,111.21
121,39,82,debt,319.4
48,10,38,debt,113.73
27,4,23,payment,61.23
15,6,9,existence,31.09
84,24,60,debt,169.63
34,5,29,existence,82.43
118,106,12,existence,371.77
3,1,2,payment,17.15
152,138,14,existence,486.32
71,9,62,existence,129.08
46,42,4,existence,119.27
67,7,60,existence,113.44
73,17,56,existence,180.51
8,8,0,existence,26.87
87,28,59,existence,163.66
62,32,30,debt,153.76
47,22,25,debt,152.41
120,39,81,existence,215.33
22,21,1,debt,74.32
73,71,2,payment,201.08
62,44,18,debt,157.07
146,131,15,existence,381.59
136,135,1,payment,391.57
142,39,103,payment,297.81
44,3,41,payment,106.67
23,21,2,existence,65.09
121,71,50,existence,294.78
20,1,19,payment,36.16
7,6,1,debt,49.37
146,10,136,debt,244.66
61,44,17,payment,176.46
20,7,13,existence,30.25
71,55,16,existence,232.43
93,72,21,debt,345.29
147,98,49,debt,407.61
121,18,103,existence,209.25
73,58,15,payment,180.19
99,60,39,existence,214.03
12,7,5,payment,45.51
109,27,82,debt,250.5
47,20,27,existence,112.91
55,10,45,payment,94.41
119,2,117,debt,200.56
153,54,99,debt,436.65
120,110,10,payment,440.66
132,68,64,payment,368.34
96,64,32,payment,260.28
128,104,24,debt,410.21
99,28,71,existence,230.4
33,22,11,debt,135.81
76,71,5,debt,254.92
109,69,40,payment,271.69
74,6,68,existence,112.52
32,3,29,debt,88
148,69,79,debt,381.35
61,29,32,payment,169.62
11,7,4,debt,43.04
40,16,24,debt,140.35
63,59,4,existence,171.03
98,16,82,payment,219.76
114,24,90,debt,294.04
103,31,72,payment,178.06
9,4,5,existence,21.58
17,6,11,payment,58.78
147,112,35,debt,441.85
18,5,13,existence,43.23
26,20,6,existence,92.59
157,81,76,payment,404.3
34,3,31,debt,73.42
112,95,17,existence,286.68
3,1,2,existence,5.38
133,81,52,payment,249.47
33,24,9,existence,80.16
151,96,55,debt,403.28
130,71,59,existence,245.42
98,37,61,existence,165.04
85,32,53,payment,155.19
30,2,28,existence,74.31
21,20,1,existence,54.53
23,7,16,debt,86.21
137,24,113,debt,351.72
25,14,11,debt,91.59
153,43,110,debt,269.12
97,25,72,debt,188.18
140,140,0,payment,498.69
42,42,0,payment,146.54
152,14,138,debt,336.26
116,88,28,payment,355.18
61,8,53,existence,90.58
145,31,114,payment,236.51
61,13,48,existence,121.5
111,21,90,existence,189.58
141,139,2,payment,433.29
29,20,9,existence,94.48
93,52,41,payment,200.2
121,68,53,payment,330.86
37,33,4,payment,141.08
71,9,62,debt,132.28
96,32,64,debt,207.54
94,48,46,payment,275.38
147,142,5,existence,295.2
115,31,84,existence,252.94
54,3,51,debt,155.05
152,89,63,existence,359.13
82,48,34,payment,188.8
101,49,52,existence,319.36
42,21,21,debt,142.12
103,15,88,existence,240.75
1,1,0,existence,3.01
141,137,4,debt,379.97
35,21,14,payment,84.14
71,36,35,existence,219.72
72,29,43,payment,214.74
61,3,58,payment,167.42
105,83,22,debt,292.35
44,19,25,payment,145.22
40,8,32,existence,84.91
111,32,79,debt,318.71
143,18,125,existence,285.22
123,9,114,payment,217.99
101,73,28,debt,320.66
13,13,0,existence,29.28
112,15,97,debt,231.71
32,25,7,debt,87.34
46,40,6,existence,128.9
52,7,45,payment,138.42
50,14,36,existence,135.54
22,14,8,existence,64.49
73,5,68,existence,89.47
102,49,53,payment,218.02
35,17,18,payment,105.74
41,5,36,debt,93.73
125,94,31,debt,320.68
15,1,14,existence,27.81
17,17,0,debt,73.04
57,3,54,existence,95.88
111,29,82,debt,323.32
48,20,28,debt,155.07
99,36,63,debt,257.97
113,15,98,existence,258.49
39,11,28,existence,81.65
155,132,23,payment,446.33
86,9,77,debt,202.78
33,19,14,existence,96.96
37,17,20,payment,120.16
65,36,29,debt,151.01
1,1,0,debt,26.7
29,5,24,existence,65.3
15,8,7,payment,54.67
85,83,2,payment,270.04
152,99,53,debt,441
78,8,70,existence,149.05
90,66,24,debt,290.84
101,9,92,existence,222.21
52,18,34,debt,165.04
17,6,11,existence,36.93
89,68,21,payment,246.84
27,27,0,existence,73.85
83,29,54,existence,231.89
146,140,6,debt,468.27
130,36,94,payment,257.12
98,38,60,existence,174.27
118,94,24,debt,272.55
125,36,89,existence,357.03
40,36,4,payment,106.14
32,24,8,existence,88.59
138,123,15,debt,296.94
77,39,38,debt,262.85
34,30,4,payment,119.82
99,15,84,existence,205.62
27,1,26,debt,73.81
93,24,69,existence,241.59
44,10,34,existence,81.89
77,12,65,debt,119.74
3,2,1,existence,10.25
92,88,4,existence,233.7
136,110,26,existence,436.92
144,48,96,existence,333.6
154,138,16,payment,356.34
8,4,4,existence,21.9
85,52,33,debt,250.49
27,7,20,payment,61.62
3,1,2,payment,20.94
148,12,136,debt,383.93
142,47,95,payment,396.31
121,25,96,existence,291.74
20,2,18,debt,54.66
111,70,41,debt,343.78
120,90,30,payment,331.47
139,30,109,payment,358.4
82,66,16,debt,205.66
83,52,31,existence,169.55
129,64,65,debt,345.91
74,22,52,payment,222.92
101,17,84,existence,139.26
130,111,19,existence,392.99
95,81,14,payment,265.26
92,2,90,payment,150.03
124,24,100,debt,188.26
47,30,17,existence,96.02
84,38,46,existence,217.8
16,9,7,existence,38.23
108,105,3,existence,318.4
127,68,59,payment,251.67
157,115,42,existence,350.92
92,4,88,debt,173.87
50,14,36,existence,122.14
119,15,104,existence,257.37
100,45,55,debt,252.65
37,6,31,debt,87.41
137,61,76,existence,376.93
107,87,20,debt,291.95
99,30,69,debt,284.23
10,1,9,payment,27.6
113,41,72,debt,334.47
46,35,11,existence,99.02
57,39,18,debt,131.51
101,10,91,payment,203.09
138,109,29,existence,475.32
52,51,1,debt,155.79
87,53,34,existence,264.9
21,7,14,debt,69.31
30,16,14,debt,78.93
36,16,20,payment,97.41
15,7,8,existence,40.22
28,28,0,debt,95.08
99,92,7,existence,243.64
74,52,22,payment,175.19
43,28,15,existence,75.79
21,10,11,payment,56.55
106,105,1,payment,297.36
101,11,90,existence,228.18
140,78,62,existence,354.57
68,26,42,debt,166.39
52,39,13,debt,172.56
63,10,53,existence,153.38
92,55,37,payment,268.68
151,57,94,payment,337.79
32,2,30,payment,58.98
1,1,0,payment,16.03
106,16,90,payment,273.7
7,6,1,existence,20.51
142,8,134,existence,290.77
13,13,0,payment,43.92
6,2,4,existence,9.69
77,13,64,debt,142.58
76,19,57,payment,136.9
95,70,25,payment,326.18
59,42,17,payment,190.45
110,70,40,payment,268.68
132,104,28,payment,387.67
80,70,10,debt,247.1
149,49,100,existence,245.81
101,98,3,payment,248.45
145,75,70,debt,333.19
84,58,26,debt,294.61
39,27,12,payment,112.73
155,149,6,payment,369.4
88,33,55,existence,146.46
101,64,37,debt,262.63
104,69,35,payment,293.26
108,54,54,debt,313.35
120,4,116,debt,246.98
111,51,60,payment,276.82
81,73,8,payment,188.16
85,22,63,debt,184.46
12,6,6,existence,32.4
25,23,2,debt,87.22
49,16,33,debt,130.88
67,16,51,debt,135.63
65,40,25,existence,168.21
103,82,21,debt,344.95
31,30,1,existence,88.05
9,5,4,debt,48.22
54,27,27,existence,142.32
9,8,1,debt,47.24
94,49,45,payment,251.96
125,54,71,existence,250.3
137,6,131,existence,253.38
130,126,4,existence,311.32
147,121,26,payment,421.13
10,6,4,existence,25.62
70,47,23,payment,143.2
9,2,7,payment,25.28
9,3,6,existence,19.97
149,119,30,existence,328.95
4,3,1,payment,26.01
110,51,59,debt,186.41
153,24,129,payment,271.49
26,7,19,debt,76.99
84,18,66,existence,183.41
17,5,12,existence,31.93
151,127,24,debt,469.39
105,104,1,payment,375.3
9,9,0,payment,36.8
65,23,42,payment,128.17
73,42,31,debt,250.96
130,78,52,payment,346.29
126,14,112,existence,163.07
19,9,10,payment,41.8
79,35,44,existence,222.67
89,44,45,debt,197.64
92,78,14,debt,257.47
25,25,0,existence,75.64
32,12,20,payment,73.36
32,30,2,payment,111.61
63,38,25,debt,175.68
53,19,34,debt,123.25
80,27,53,payment,128.09
99,43,56,existence,164.04
64,62,2,payment,179.63
90,69,21,existence,292.56
140,12,128,payment,235.98
130,93,37,debt,451.31
19,17,2,existence,66.72
148,102,46,debt,399.23
85,13,72,debt,144.6
145,1,144,payment,243.47
27,1,26,debt,65.01
53,42,11,payment,173.05
120,95,25,payment,376.95
14,8,6,existence,31.81
80,71,9,existence,206.23
109,66,43,existence,303.64
111,70,41,existence,346.8
53,10,43,payment,138.6
131,47,84,existence,307.57
26,4,22,payment,81.78
25,21,4,debt,75.43
105,98,7,existence,319.5
58,54,4,debt,168.24
78,5,73,payment,166.76
62,43,19,debt,192.3
10,6,4,debt,32.86
136,46,90,payment,275.94
44,19,25,existence,134.25
108,98,10,existence,227.47
67,49,18,existence,156.47
125,47,78,existence,249.04
85,40,45,payment,153.87
22,12,10,payment,76.76
2,2,0,debt,31.61
91,12,79,existence,141.91
1,1,0,debt,12.34
5,1,4,payment,23.95
108,33,75,debt,227.01
113,78,35,payment,349.58
119,12,107,payment,222.56
47,1,46,debt,125.71
29,1,28,debt,84.85
20,20,0,existence,65.25
14,8,6,debt,50.25
148,6,142,existence,346.89
144,40,104,existence,415.23
101,7,94,existence,180.2
54,41,13,existence,130.22
121,27,94,existence,211.07
17,8,9,debt,59.47
109,51,58,existence,215.8
89,35,54,payment,217.5
119,41,78,payment,202.93
16,8,8,payment,64.84
29,12,17,debt,69.2
41,18,23,existence,125.68
141,61,80,debt,423.3
135,6,129,payment,344.22
53,17,36,debt,164.09
61,15,46,payment,116.72
32,19,13,existence,57.93
140,10,130,existence,213.71
11,8,3,payment,48.18
7,1,6,payment,22.71
82,9,73,existence,189.51
81,49,32,existence,197.76
37,6,31,debt,61.63
111,63,48,payment,278.72
31,12,19,debt,99.16
3,3,0,existence,6.41
100,33,67,debt,217.01
37,3,34,debt,94.73
147,31,116,existence,378.53
45,17,28,debt,98.79
152,68,84,debt,489.32
146,64,82,existence,406.49
150,32,118,debt,404.55
140,64,76,payment,376.73
32,26,6,debt,102.29
150,131,19,payment,320.46
88,9,79,existence,222.67
57,38,19,debt,195.36
26,20,6,existence,78.38
153,88,65,existence,260.05
85,78,7,payment,277.92
115,87,28,payment,252.85
134,106,28,existence,324.64
23,3,20,debt,76.03
21,12,9,payment,46.53
71,16,55,existence,189.36
108,39,69,debt,269.32
13,7,6,existence,25.31
106,97,9,debt,336.08
115,39,76,existence,288.27
32,16,16,debt,97.63
89,61,28,debt,205.48
116,51,65,existence,213.15
40,31,9,debt,124.27
79,59,20,debt,176.66
100,60,40,debt,296.15
32,10,22,payment,71.86
141,32,109,payment,352.84
13,11,2,existence,43.35
62,12,50,payment,126.55
59,11,48,debt,138.73
112,94,18,payment,342.75
65,42,23,payment,171.41
37,18,19,debt,102.86
5,1,4,debt,29.48
95,22,73,existence,174.34
127,31,96,existence,308.82
105,100,5,debt,286.36
121,94,27,debt,317.76
150,62,88,existence,288.42
149,141,8,debt,353.43
64,60,4,payment,145.76
89,49,40,debt,281.22
53,42,11,debt,110.42
105,76,29,debt,282.79
139,104,35,existence,324.98
136,3,133,debt,298.86
72,32,40,debt,156.82
87,22,65,existence,174.37
22,22,0,debt,82.75
22,11,11,existence,42.57
82,71,11,debt,269.92
35,33,2,debt,133.5
127,13,114,existence,235.53
97,36,61,debt,242.06
52,27,25,debt,148.15
41,28,13,existence,92.55
83,72,11,debt,226.4
126,25,101,debt,292.25
134,42,92,payment,343.6
89,74,15,existence,322.7
19,9,10,payment,52.33
103,27,76,payment,166.39
2,2,0,payment,22.31
141,126,15,debt,486.8
80,76,4,payment,298.45
34,29,5,payment,91.27
111,39,72,payment,234.14
74,19,55,debt,201.89
33,20,13,existence,67.63
66,37,29,existence,202.39
151,99,52,existence,319.4
131,112,19,existence,422.63
66,44,22,debt,205.83
43,6,37,debt,115.06
32,7,25,existence,51.14
1,1,0,existence,2.1
63,47,16,existence,201.36
22,15,7,debt,68.95
122,5,117,existence,229.47
154,74,80,existence,360.38
12,7,5,payment,41.4
146,45,101,payment,421.26
17,10,7,payment,45.06
79,67,12,debt,223.09
101,57,44,debt,193.67
112,65,47,payment,272.59
9,6,3,debt,53.13
97,29,68,existence,203.96
10,1,9,existence,12.57
135,32,103,payment,263.55
48,39,9,debt,188.56
5,5,0,existence,13.77
51,38,13,existence,137.69
28,6,22,existence,54.23
7,3,4,payment,28.18
123,62,61,debt,291.56
15,7,8,existence,36.37
48,44,4,payment,104.86
125,81,44,payment,377.74
52,39,13,debt,138.03
81,32,49,existence,231.47
126,85,41,debt,369.72
146,121,25,debt,526.33
16,12,4,existence,30.49
154,25,129,existence,364.58
62,28,34,existence,112.71
110,71,39,existence,343.64
126,75,51,debt,398.72
112,39,73,payment,261.62
42,1,41,existence,49.21
108,103,5,debt,364.27
115,20,95,payment,256.27
85,48,37,payment,247.75
81,15,66,payment,172.87
153,108,45,debt,302.01
55,34,21,debt,131.36
53,46,7,payment,154.46
153,31,122,payment,405.13
108,7,101,payment,154.14
2,2,0,existence,5.3
59,56,3,debt,186.47
14,2,12,payment,48.61
72,43,29,payment,195.3
41,19,22,payment,85
36,11,25,existence,76.89
45,17,28,existence,115.52
71,48,23,existence,152.05
144,110,34,existence,302.02
123,107,16,payment,352.81
126,21,105,payment,239.69
80,30,50,debt,166.86
43,35,8,existence,115.75
120,56,64,payment,200.16
102,59,43,existence,243.41
3,2,1,debt,31.7
36,33,3,existence,102.11
2,2,0,debt,27.17
11,8,3,existence,26.69
43,10,33,debt,89.63
10,2,8,payment,41.35
89,58,31,debt,200.07
110,76,34,debt,395.57
116,49,67,payment,299.58
71,66,5,existence,260.64
63,28,35,payment,184.86
23,17,6,payment,62.56
49,45,4,existence,183.51
139,65,74,debt,287.97
70,61,9,existence,217.67
109,57,52,payment,299.83
106,35,71,existence,225.04
138,133,5,payment,511.94
86,70,16,existence,226.92
7,2,5,payment,24.99
14,12,2,payment,47.9
68,6,62,payment,124.75
51,17,34,debt,152.96
25,5,20,payment,74.69
88,81,7,debt,284.09
75,68,7,existence,218.95
126,6,120,payment,318.05
131,74,57,existence,219.59
93,23,70,payment,281.08
57,2,55,existence,116.34
154,32,122,debt,386.62
111,5,106,payment,231.2
144,76,68,debt,392.54
56,22,34,existence,143.64
142,34,108,existence,235.52
44,2,42,existence,54.29
116,52,64,existence,205.28
13,8,5,existence,32.68
70,40,30,existence,221.18
97,90,7,debt,250.92
137,60,77,debt,363.12
88,81,7,debt,317.76
107,73,34,payment,316.71
15,7,8,existence,34.65
57,30,27,payment,113.46
21,7,14,debt,56.61
82,5,77,existence,205.53
114,44,70,payment,265.9
86,27,59,debt,261.01
36,25,11,payment,97.57
150,134,16,existence,400.76
104,57,47,existence,281.49
75,44,31,debt,180.98
27,20,7,debt,110.03
81,6,75,payment,212.62
106,97,9,existence,223.3
99,61,38,payment,196.38
57,56,1,debt,213.51
62,37,25,debt,129.89
152,25,127,existence,258.65
109,75,34,existence,300.79
18,1,17,debt,64.3
97,16,81,debt,144.74
15,5,10,payment,58.39
37,27,10,payment,116.1
63,38,25,debt,166.15
149,88,61,payment,353.94
43,37,6,debt,124.33
114,88,26,payment,239.54
86,24,62,payment,190.22
34,33,1,payment,83.57
154,1,153,debt,343.33
149,124,25,payment,537.11
124,20,104,existence,226.02
98,11,87,debt,249.41
128,3,125,existence,265.59
100,93,7,debt,232.6
67,36,31,payment,168.58
126,1,125,existence,276.24
77,7,70,payment,187.86
59,10,49,debt,110.74
60,25,35,payment,160.51
39,15,24,payment,119.16
112,47,65,existence,288.25
35,19,16,payment,76.42
145,10,135,payment,239.9
68,61,7,existence,165.82
133,22,111,payment,329.17
155,96,59,payment,298.13
54,27,27,existence,112.31
117,33,84,payment,260.09
85,60,25,payment,282.03
35,10,25,debt,67.32
12,9,3,existence,32.59
115,19,96,payment,215.29
71,68,3,debt,286.39
32,23,9,payment,117.03
25,18,7,debt,74.66
40,1,39,existence,55.69
75,65,10,payment,253.85
114,44,70,payment,313.32
123,77,46,debt,349.81
17,12,5,existence,42.73
141,77,64,debt,324.74
63,38,25,payment,203.19
144,34,110,payment,405.9
119,8,111,existence,277.86
118,111,7,payment,343.92
122,28,94,existence,279.13
30,13,17,existence,66.95
149,87,62,debt,418.21
122,79,43,debt,291.45
96,1,95,existence,158.09
91,66,25,existence,292.14
94,23,71,debt,214.96
18,15,3,existence,45.14
148,85,63,existence,288.17
1,1,0,payment,13.55
139,126,13,existence,488.34
122,32,90,debt,265.88
83,61,22,debt,205.29
83,54,29,existence,237.13
126,102,24,debt,446.46
18,17,1,existence,37.61
137,132,5,debt,386.96
23,21,2,debt,93.31
151,39,112,payment,383.65
143,38,105,existence,307.85
6,5,1,debt,37.37
71,27,44,existence,127.98
127,24,103,debt,193.02
31,19,12,payment,86.87
152,93,59,payment,428.77
69,14,55,debt,180.26
74,18,56,existence,149.9
114,16,98,existence,287.3
17,11,6,existence,42.08
91,22,69,payment,169.19
106,87,19,existence,337.27
62,38,24,existence,183.41
73,37,36,existence,182.74
10,10,0,existence,26.3
18,3,15,existence,39.09
148,121,27,payment,351.82
32,17,15,payment,108.19
67,56,11,existence,211.38
25,4,21,existence,47.52
123,68,55,existence,333.52
151,90,61,existence,310.9
141,78,63,debt,375.42
143,41,102,debt,284.19
38,3,35,payment,108.85
114,52,62,payment,233.05
147,119,28,debt,358.4
129,115,14,existence,340.08
55,16,39,debt,178.92
43,20,23,payment,108.89
60,11,49,payment,173.38
146,105,41,existence,430.3
100,21,79,debt,197.13
68,16,52,debt,159.74
47,46,1,existence,107.33
141,128,13,debt,319.84
40,20,20,debt,93.16
3,3,0,payment,26.19
23,15,8,debt,73.47
143,22,121,payment,302.64
79,78,1,payment,197.45
115,39,76,existence,190.96
144,62,82,debt,366.75
22,2,20,payment,54.92
100,17,83,existence,208.55
63,60,3,debt,226.5
97,9,88,debt,204.47
83,69,14,payment,186.85
20,11,9,payment,56.24
53,44,9,payment,160.05
73,17,56,payment,140.53
19,10,9,payment,61.2
6,3,3,debt,42.8
21,1,20,existence,27.69
58,56,2,existence,136.8
63,61,2,debt,240.8
130,96,34,payment,237.03
105,45,60,existence,300.2
92,79,13,debt,228.5
145,10,135,debt,397.62
114,94,20,payment,239.05
116,111,5,existence,327.2
142,33,109,existence,303.73
111,79,32,debt,282.62
77,24,53,debt,161.79
69,68,1,existence,192.22
112,51,61,debt,254.78
153,94,59,debt,358.65
91,59,32,debt,208.44
32,22,10,payment,66.15
84,46,38,debt,215.7
3,2,1,payment,17.9
15,5,10,existence,29.33
130,85,45,existence,304.14
79,77,2,debt,290.76
41,37,4,payment,96.4
28,2,26,payment,47.96
122,73,49,existence,394.76
115,19,96,debt,264.89
45,36,9,existence,105.13
114,44,70,debt,212.84
62,6,56,payment,104.18
18,6,12,existence,46.76
76,71,5,existence,249.85
157,152,5,payment,472.64
122,7,115,payment,264.51
66,18,48,payment,141.04
40,31,9,existence,99.19
47,26,21,existence,113.19
96,32,64,debt,162.69
132,70,62,existence,373.64
55,49,6,debt,148.33
141,97,44,payment,385.87
37,22,15,debt,100.89
132,102,30,existence,428.1
30,19,11,debt,103.35
2,1,1,existence,5.06
58,11,47,existence,99.66
40,8,32,debt,115.3
14,5,9,payment,35.58
72,33,39,debt,143.29
131,89,42,existence,324.36
92,6,86,existence,237.21
129,28,101,payment,359.94
156,9,147,debt,272.67
83,55,28,debt,264.04
15,11,4,existence,45.41
135,23,112,existence,339.43
90,42,48,existence,263.99
156,77,79,debt,329.8
42,29,13,payment,96.08
90,81,9,payment,286.77
135,17,118,existence,281.4
136,2,134,existence,315.66
2,1,1,payment,13.28
56,13,43,existence,150.44
32,1,31,payment,80.83
81,2,79,payment,177.92
105,40,65,debt,317.19
111,32,79,debt,293.04
130,117,13,payment,367.9
112,107,5,payment,278.57
87,80,7,debt,204.84
52,9,43,payment,125.65
129,8,121,existence,320.15
66,5,61,payment,108.34
93,66,27,debt,308.36
108,79,29,debt,265.25
112,92,20,debt,360.33
145,46,99,existence,234.39
20,4,16,debt,75.27
74,4,70,payment,195.68
102,18,84,existence,259.95
40,35,5,debt,102.25
63,47,16,debt,152.53
49,33,16,debt,120.92
47,10,37,debt,97.55
128,30,98,payment,297.7
71,46,25,payment,153.56
36,12,24,debt,63.79
80,69,11,existence,196.4
74,43,31,debt,213.41
11,4,7,payment,43.68
140,76,64,debt,424.63
102,72,30,existence,298.83
58,21,37,debt,134.42
69,7,62,payment,106.7
78,23,55,existence,145.64
157,16,141,debt,303.37
82,46,36,debt,169.84
28,4,24,existence,53.78
152,19,133,debt,407.17
44,9,35,debt,103.65
126,100,26,debt,309.87
132,123,9,existence,414.48
95,63,32,existence,278.16
119,47,72,existence,330.88
10,3,7,existence,22.14
130,126,4,existence,394.19
65,53,12,existence,163.3
138,19,119,payment,260.43
3,1,2,existence,6.78
148,114,34,payment,357.62
119,83,36,debt,384.75
29,5,24,debt,84.69
120,31,89,existence,192.01
59,44,15,payment,169.03
87,46,41,debt,246.59
119,78,41,payment,313.9
79,77,2,existence,241.48
58,15,43,debt,142.2
119,88,31,debt,331.92
85,76,9,payment,278.35
118,6,112,debt,207.97
69,15,54,payment,176.55
42,18,24,existence,83.9
66,43,23,payment,190.38
45,44,1,payment,140.04
148,57,91,debt,343.96
128,87,41,existence,299.26
110,59,51,debt,273.41
117,92,25,debt,298.82
97,16,81,existence,256.03
28,2,26,existence,67.03
14,10,4,existence,37.39
29,26,3,debt,119.69
63,21,42,payment,128.02
81,27,54,existence,198.16
35,13,22,existence,73.97
104,7,97,payment,161.91
15,1,14,existence,21.33
148,95,53,debt,347.34
114,77,37,existence,284.28
25,8,17,payment,84.59
10,5,5,debt,48.09
79,51,28,debt,251.11
150,139,11,debt,483.84
106,70,36,existence,333.82
137,51,86,debt,380.65
66,2,64,payment,103.37
80,12,68,existence,121.4
103,20,83,existence,143.49
40,28,12,existence,85.33
18,2,16,existence,38.01
116,24,92,payment,326.76
146,133,13,payment,529.25
63,12,51,debt,101.35
73,66,7,payment,225.8
71,6,65,existence,100.43
73,59,14,existence,210.13
73,50,23,payment,181.13
37,30,7,existence,84.8
23,2,21,existence,47.26
65,61,4,debt,255.02
69,3,66,existence,150.21
114,78,36,payment,306.18
49,10,39,existence,95.17
86,80,6,debt,256.08
9,3,6,existence,23.18
49,6,43,debt,117.8
14,8,6,debt,62.38
41,5,36,existence,95.24
83,56,27,existence,151.21
127,44,83,payment,340.74
100,21,79,debt,165.37
18,18,0,payment,42.43
111,80,31,existence,223.88
116,66,50,debt,341.81
86,47,39,payment,177
113,16,97,existence,246.55
75,11,64,existence,127.58
10,2,8,payment,30.76
156,80,76,payment,481.46
54,13,41,payment,101.36
67,59,8,debt,222.84
113,39,74,existence,211.17
147,42,105,payment,403.86
107,33,74,debt,179.9
42,32,10,existence,102.27
85,28,57,existence,217.93
30,22,8,payment,102.2
90,78,12,debt,241.85
135,45,90,payment,384.16
139,7,132,existence,257.23
17,10,7,existence,47.18
39,36,3,existence,113.71
154,45,109,payment,338.5
128,94,34,payment,285.03
20,9,11,payment,78.15
34,26,8,existence,61.83
157,84,73,payment,297.82
55,15,40,debt,101.77
88,37,51,payment,218.06
40,13,27,debt,123.14
86,48,38,existence,177.48
20,7,13,debt,70.53
18,2,16,existence,29.5
61,42,19,existence,145.19
49,49,0,existence,166.84
32,5,27,debt,78.45
143,91,52,debt,388.75
66,52,14,existence,208.42
116,21,95,existence,220.75
3,3,0,debt,31.5
10,4,6,debt,52.21
100,38,62,debt,184.55
10,1,9,debt,28.52
75,45,30,debt,259.66
12,11,1,debt,54.13
77,7,70,existence,180.66
109,96,13,debt,280.86
36,5,31,debt,94.28
122,71,51,debt,416.34
33,1,32,existence,72.21
64,56,8,existence,184.34
154,55,99,existence,339.11
32,21,11,debt,118.02
143,4,139,debt,309.43
101,10,91,existence,156.2
9,3,6,existence,13.2
6,4,2,payment,31.2
81,18,63,payment,225.91
59,41,18,debt,198.01
142,53,89,existence,396.1
91,55,36,payment,162.16
109,78,31,payment,292.88
85,9,76,existence,161.67
9,8,1,payment,34.19
36,23,13,existence,76.24
64,43,21,payment,201.72
24,11,13,existence,62.04
58,32,26,debt,153.49
39,23,16,existence,92.64
118,38,80,debt,221.71
149,74,75,payment,296.62
56,17,39,existence,135.57
16,9,7,payment,59.27
136,91,45,payment,304.58
24,18,6,debt,60.62
12,1,11,payment,41.06
152,55,97,existence,351.3
41,17,24,payment,104.13
88,19,69,debt,250.76
58,58,0,existence,158.74
39,30,9,existence,105.86
44,20,24,existence,84.28
136,112,24,debt,325.66
98,86,12,debt,248.76
102,26,76,payment,177.25
42,6,36,debt,73.22
144,26,118,existence,320.2
122,13,109,existence,261.6
55,1,54,existence,66.73
142,15,127,debt,232.42
21,11,10,payment,44.85
1,1,0,payment,19.79
39,12,27,existence,100.86
28,26,2,debt,90.99
87,69,18,debt,264.74
17,14,3,debt,60.36
96,51,45,payment,278.06
84,8,76,payment,167.58
34,27,7,existence,92.79
78,14,64,debt,189.68
47,35,12,debt,114.83
113,19,94,debt,255.05
20,2,18,payment,57.93
113,42,71,existence,186.88
13,2,11,payment,34.37
23,6,17,existence,40.73
132,32,100,existence,208.44
144,32,112,debt,419.87
141,5,136,payment,190.62
88,25,63,debt,196.36
36,16,20,payment,77.31
95,83,12,debt,307.51
25,11,14,existence,46.29
53,9,44,payment,141.41
68,46,22,debt,233.59
156,122,34,debt,531.76
31,12,19,existence,84.98
60,45,15,payment,170.18
54,3,51,payment,79.38
137,116,21,debt,380.4
22,1,21,payment,61.48
79,65,14,payment,201.13
146,110,36,existence,419.21
129,121,8,payment,385.43
46,16,30,existence,113.18
43,19,24,payment,101.25
23,19,4,payment,75.2
6,1,5,debt,24.38
79,36,43,debt,244.2
56,30,26,debt,145.24
78,70,8,payment,155.03
40,11,29,debt,103.52
150,106,44,debt,478.37
75,39,36,existence,165.28
6,1,5,existence,14.13
17,11,6,debt,49.47
45,40,5,payment,150.39
50,48,2,existence,178.39
130,120,10,existence,399.37
129,42,87,existence,296.38
1,1,0,payment,15.2
122,47,75,existence,294.04
8,7,1,payment,30.29
23,3,20,existence,40.32
22,22,0,payment,85.22
72,30,42,payment,139.35
12,5,7,debt,29.66
44,36,8,debt,106.84
81,18,63,debt,217.25
56,17,39,existence,116.07
145,127,18,payment,345.69
134,71,63,payment,358.8
101,19,82,debt,241.25
71,64,7,payment,251.06
103,9,94,debt,283.18
130,31,99,existence,252.94
24,18,6,existence,75.33
149,137,12,existence,365.23
43,33,10,debt,159.62
18,16,2,debt,83.61
70,3,67,existence,111.9
132,81,51,existence,277.56
117,52,65,existence,277.02
92,6,86,debt,166.81
72,8,64,existence,160.41
156,52,104,existence,423.14
42,28,14,existence,102.49
54,17,37,existence,112.35
150,117,33,existence,444.93
27,21,6,debt,108.13
76,18,58,debt,123.94
134,56,78,payment,334.2
65,60,5,debt,212.9
4,2,2,payment,18.27
93,2,91,payment,220.86
138,24,114,debt,283.5
149,142,7,payment,496.17
35,19,16,debt,116.23
50,7,43,payment,121.36
60,29,31,payment,166.66
17,9,8,payment,35.92
157,108,49,debt,369.15
96,2,94,debt,220.01
69,63,6,payment,246.21
131,41,90,debt,254.52
144,91,53,debt,440.57
62,33,29,payment,161.92
108,27,81,debt,278.07
139,125,14,debt,479.82
74,9,65,payment,124.46
122,122,0,payment,396.53
143,120,23,debt,418.43
21,12,9,existence,54.65
106,44,62,existence,212.23
115,85,30,existence,290.46
51,8,43,debt,124.73
13,13,0,payment,58.7
4,4,0,payment,21.45
100,51,49,payment,229.75
52,35,17,existence,121.01
62,16,46,existence,154.2
102,50,52,existence,231.72
16,9,7,debt,44.69
125,77,48,existence,415.43
49,17,32,payment,116.77
150,99,51,debt,329.97
136,63,73,existence,267.78
57,38,19,existence,178.42
4,4,0,debt,37.68
142,90,52,payment,392.18
77,45,32,existence,215.71
133,122,11,existence,393.32
104,75,29,debt,277.99
76,53,23,existence,178.21
136,69,67,existence,361.2
78,71,7,payment,236.19
86,15,71,payment,150.84
74,27,47,payment,175.36
116,76,40,debt,306.47
153,81,72,debt,411.65
59,51,8,debt,204.13
103,90,13,debt,243.09
2,1,1,debt,17.18
18,8,10,payment,41.63
41,38,3,existence,126.46
47,21,26,debt,138
32,10,22,existence,56.31
24,4,20,debt,58.46
9,3,6,debt,48.05
57,25,32,existence,105.73
99,89,10,debt,254.27
147,129,18,debt,386.8
5,4,1,debt,27.4
59,52,7,existence,176.95
155,116,39,existence,283.55
157,143,14,debt,480.49
64,35,29,payment,215.02
28,10,18,payment,85.22
121,104,17,payment,421.26
59,43,16,payment,132.12
8,4,4,existence,17.87
106,79,27,payment,280.9
137,93,44,debt,386.65
145,37,108,debt,239.08
146,142,4,payment,345.08
15,8,7,debt,36.21
124,92,32,payment,332.4
153,1,152,payment,346.46
51,21,30,debt,135.98
123,1,122,payment,247.43
131,127,4,payment,380.64
134,6,128,existence,190.62
55,26,29,existence,131.51
114,39,75,existence,182.01
3,3,0,payment,23.17
5,5,0,debt,37.58
124,97,27,payment,378.19
37,18,19,existence,107.93
1,1,0,existence,2.39
140,98,42,debt,358.55
153,28,125,debt,227.61
61,20,41,payment,122.63
19,14,5,payment,59.2
136,32,104,payment,258.99
78,77,1,debt,276.74
84,74,10,payment,286.32
58,29,29,debt,189.66
42,4,38,debt,95.5
120,83,37,payment,311.36
55,49,6,existence,161.15
104,49,55,existence,314.78
6,4,2,existence,15.04
111,76,35,existence,257.85
121,56,65,debt,274.07
101,101,0,payment,402.01
22,1,21,debt,81.01
112,73,39,existence,272.98
1,1,0,payment,7.95
31,12,19,payment,106.81
46,21,25,debt,118.29
117,30,87,payment,302.34
5,1,4,existence,7.72
95,11,84,debt,245.56
118,32,86,existence,316.86
77,25,52,debt,195.72
75,15,60,existence,112.57
91,72,19,payment,240.72
110,12,98,payment,242.47
10,2,8,debt,29.84
92,33,59,existence,224.75
67,25,42,existence,176.48
93,15,78,debt,242.6
108,101,7,payment,340.95
52,3,49,existence,80.27
120,41,79,debt,304.95
105,15,90,payment,155.17
129,56,73,existence,340.28
108,50,58,existence,267.31
111,61,50,debt,339.63
25,13,12,payment,78.74
74,27,47,payment,196.45
149,78,71,existence,317.56
51,4,47,debt,144.91
106,22,84,debt,215.15
106,60,46,existence,295.73
59,50,9,payment,158.83
45,35,10,payment,116.99
43,37,6,payment,153.88
107,22,85,payment,243.24
51,21,30,payment,123.22
77,15,62,debt,120.29
127,42,85,debt,300.38
1,1,0,existence,3.19
59,47,12,existence,144.35
52,9,43,debt,160.44
12,9,3,payment,51.88
7,4,3,existence,19.98
77,27,50,payment,212.62
140,53,87,existence,348.01
97,85,12,payment,223.94
119,38,81,debt,259.71
70,46,24,existence,156.99
54,9,45,debt,136.1
1,1,0,payment,13.85
12,1,11,existence,17.69
24,19,5,debt,73.77
61,3,58,existence,94.54
153,30,123,debt,369.22
25,22,3,debt,69.98
70,25,45,debt,171.04
54,5,49,payment,98.74
67,19,48,debt,155.64
32,2,30,debt,53.9
100,17,83,existence,191.43
84,71,13,debt,323.08
41,26,15,existence,94.21
93,90,3,existence,267.86
136,49,87,payment,308.94
94,78,16,debt,262.62
156,146,10,existence,478.76
110,22,88,existence,167.55
76,58,18,payment,178.47
143,37,106,debt,318.02
50,22,28,debt,130.14
88,60,28,debt,247.77
37,13,24,existence,105.87
101,98,3,debt,357.07
50,6,44,existence,82.33
50,31,19,existence,100.11
83,18,65,existence,145.26
2,2,0,existence,4.14
44,18,26,debt,93.89
126,42,84,existence,354.83
142,133,9,existence,516.96
4,4,0,existence,11.91
77,40,37,existence,243.02
54,16,38,existence,81.12
125,100,25,debt,440.4
18,17,1,debt,59.71
96,59,37,debt,291.61
144,140,4,payment,446.22
137,13,124,existence,278.16
21,7,14,payment,57.74
88,73,15,payment,217.69
103,39,64,debt,263.87
1,1,0,existence,2.84
137,109,28,existence,400.12
135,134,1,existence,424.6
94,3,91,payment,191.31
128,50,78,debt,341.54
109,58,51,existence,267.77
123,79,44,existence,269.78
76,2,74,debt,198.76
151,122,29,debt,333.46
74,20,54,payment,170.58
69,44,25,payment,224.67
121,15,106,existence,285.65
20,7,13,debt,66.13
144,49,95,debt,255.36
63,19,44,debt,185.38
133,14,119,payment,182.57
33,31,2,debt,108.61
16,13,3,payment,57.36
60,21,39,existence,97.48
130,59,71,debt,244.23
19,16,3,existence,57
58,44,14,payment,159.07
107,43,64,existence,294.42
82,77,5,debt,228.67
72,29,43,debt,139.99
141,3,138,existence,190.1
73,69,4,payment,232.85
110,105,5,existence,354.38
73,48,25,debt,156.43
129,75,54,existence,268.34
93,17,76,debt,189.24
117,1,116,debt,277.53
147,108,39,payment,478.89
137,86,51,debt,374.98
152,110,42,debt,353.94
52,32,20,payment,158.72
59,41,18,payment,166.06
85,73,12,debt,212.93
53,31,22,existence,101.69
98,84,14,existence,223.99
1,1,0,existence,2.95
123,43,80,payment,256.11
44,21,23,payment,105.31
11,1,10,existence,23.7
19,3,16,existence,44.9
117,78,39,debt,339.54
140,96,44,debt,370.22
72,44,28,existence,144.13
53,39,14,payment,173.78
6,5,1,payment,28.42
139,38,101,payment,291.46
38,12,26,payment,114.18
90,73,17,payment,211.79
70,47,23,debt,177.26
104,62,42,existence,343.83
96,93,3,existence,243.71
56,24,32,debt,140.33
67,21,46,existence,187.8
128,66,62,debt,281.1
48,22,26,payment,145.16
44,29,15,debt,113.41
78,16,62,payment,197.4
134,101,33,debt,350.09
124,43,81,payment,336.62
133,83,50,payment,355.45
50,8,42,debt,91.07
51,6,45,debt,151.36
9,8,1,payment,35.21
76,58,18,payment,213.2
11,7,4,debt,45.9
8,8,0,debt,57.04
98,90,8,debt,346.94
114,43,71,debt,309.27
131,52,79,debt,393.73
44,21,23,existence,107.08
7,5,2,payment,33.47
31,24,7,debt,87.19
139,40,99,existence,288.61
15,14,1,payment,61.96
121,115,6,existence,257.7
23,19,4,payment,80.27
7,1,6,existence,12.9
26,18,8,debt,105.63
35,34,1,payment,121.48
77,8,69,existence,165
80,13,67,debt,173.07
34,14,20,existence,51.21
12,1,11,debt,42.27
11,2,9,payment,37.1
5,4,1,payment,22.69
61,29,32,payment,123.1
113,74,39,debt,271.59
17,12,5,payment,43.67
17,9,8,existence,37.73
60,45,15,debt,166.43
104,26,78,debt,226.59
46,25,21,debt,136.95
69,2,67,existence,99.66
36,32,4,existence,122.14
81,4,77,debt,185.52
82,1,81,existence,196.14
146,62,84,debt,359.65
57,37,20,debt,148.91
17,4,13,debt,59.69
111,13,98,existence,286.75
41,15,26,payment,101.63
26,10,16,debt,67.56
73,64,9,debt,213.65
11,4,7,debt,35.66
30,22,8,debt,105.77
13,13,0,existence,38.67
82,63,19,debt,193.06
47,25,22,payment,152.77
83,75,8,existence,285.77
77,8,69,debt,118.06
55,26,29,debt,104.69
100,66,34,existence,218.14
140,43,97,existence,199.46
156,2,154,payment,260.39
147,123,24,payment,445.82
99,36,63,debt,294.32
107,18,89,debt,307.55
3,3,0,existence,9.38
99,75,24,debt,217.77
39,2,37,debt,112.23
62,33,29,existence,201.11
63,39,24,existence,140.14
151,96,55,payment,476.57
10,9,1,payment,42.33
63,47,16,payment,173.04
131,22,109,payment,198.34
156,5,151,existence,387.38
15,6,9,payment,40.49
155,95,60,payment,310.01
87,62,25,existence,223.63
129,67,62,debt,397.94
135,96,39,debt,429.37
59,33,26,existence,119.43
57,43,14,existence,154.88
62,5,57,debt,113.41
22,19,3,existence,72.44
140,66,74,existence,422.98
70,67,3,payment,229.36
40,30,10,payment,130.46
155,22,133,payment,404.93
130,8,122,payment,255.55
50,16,34,existence,137.98
11,10,1,debt,57.91
42,21,21,debt,139.81
142,130,12,payment,477.95
60,44,16,existence,165.46
14,12,2,existence,43.5
149,116,33,existence,519.04
110,9,101,payment,204.1
125,97,28,debt,384.61
102,33,69,debt,170.83
20,18,2,payment,68.26
27,15,12,existence,75.11
14,3,11,payment,38.68
1,1,0,existence,3.09
157,86,71,payment,454.65
12,10,2,payment,47.13
30,23,7,debt,86.52
112,53,59,existence,241.33
112,37,75,existence,310.69
4,2,2,existence,7.15
150,89,61,debt,458.7
78,33,45,existence,151.87
5,4,1,payment,24.1
145,20,125,debt,314.22
50,41,9,existence,148.29
92,13,79,payment,142.93
145,32,113,existence,374.28
97,62,35,debt,170.34
74,4,70,debt,181.51
156,7,149,debt,214.31
14,14,0,existence,43.67
76,10,66,debt,220.81
125,120,5,debt,468.74
81,19,62,debt,162.41
54,26,28,payment,145.59
37,29,8,existence,78.71
141,2,139,payment,205.78
93,42,51,payment,246.91
19,2,17,existence,31.92
73,22,51,payment,137.84
106,92,14,debt,286.12
73,28,45,existence,197.03
143,133,10,existence,470.59
24,8,16,debt,62.23
30,27,3,debt,113.03
37,3,34,debt,84.03
133,15,118,debt,218.7
1,1,0,existence,3.7
30,19,11,existence,88.61
21,13,8,debt,62.54
66,27,39,existence,107.93
104,9,95,debt,188.24
79,46,33,payment,265.85
133,53,80,payment,342.13
112,94,18,debt,337.37
101,8,93,existence,241.28
64,18,46,payment,118.62
116,93,23,payment,291.37
152,41,111,existence,340.23
37,18,19,existence,86.54
157,86,71,debt,468.62
129,39,90,debt,246.17
107,47,60,existence,234.68
114,17,97,payment,205.83
45,45,0,existence,86.02
20,5,15,payment,50.82
41,21,20,payment,128.6
47,1,46,existence,73.8
149,36,113,payment,273.28
69,55,14,debt,161.27
63,21,42,existence,104.39
141,51,90,existence,240.46
44,34,10,debt,137.23
128,70,58,debt,413.21
35,7,28,payment,84.24
3,1,2,existence,6.45
24,3,21,debt,71.14
67,15,52,debt,157.12
117,107,10,payment,310.78
134,27,107,payment,288.47
69,26,43,payment,186.59
78,51,27,debt,184.67
49,45,4,debt,135.74
8,6,2,debt,49.57
22,9,13,payment,48.06
16,12,4,debt,68.25
155,45,110,existence,255.15
58,30,28,payment,139.16
75,66,9,payment,167.43
68,33,35,existence,214.41
36,21,15,existence,77.97
83,58,25,payment,222.82
120,116,4,debt,387.21
34,10,24,debt,80.82
23,23,0,existence,52.48
8,4,4,existence,19.71
67,32,35,existence,183.47
132,119,13,payment,379.89
78,2,76,payment,207.87
1,1,0,existence,2.32
57,30,27,existence,115.28
124,85,39,existence,379.64
124,54,70,debt,276.27
100,64,36,existence,268.93
72,18,54,payment,206.22
64,12,52,payment,166.89
84,34,50,debt,257.63
131,52,79,payment,369.43
145,29,116,debt,369.82
64,33,31,debt,185.78
42,18,24,payment,96.65
23,3,20,payment,41.06
3,3,0,debt,21.06
24,19,5,debt,77.26
100,92,8,debt,264.4
98,85,13,payment,234.94
94,2,92,debt,195.18
85,66,19,existence,218.03
97,56,41,existence,206.9
63,44,19,debt,198.11
114,74,40,debt,414.63
67,55,12,debt,236.56
127,112,15,debt,392.11
11,5,6,debt,37.32
78,55,23,existence,232.05
30,17,13,payment,81.26
59,6,53,payment,104.4
133,108,25,debt,379.28
39,7,32,debt,94.68
102,65,37,existence,272.29
118,61,57,existence,267.69
155,76,79,existence,390.56
20,4,16,existence,34.75
11,4,7,payment,38.91
114,106,8,existence,285.14
117,57,60,debt,366.39
44,6,38,debt,102.62
105,50,55,existence,246.12
127,90,37,payment,345.9
38,20,18,existence,113.13
33,21,12,existence,101.9
150,44,106,payment,239.88
55,52,3,existence,130.95
95,65,30,payment,270.17
23,18,5,payment,72.91
19,18,1,existence,49.63
10,6,4,existence,19.78
100,60,40,debt,293.22
11,7,4,debt,46.73
142,52,90,debt,388.37
122,121,1,existence,440.5
34,34,0,debt,122.3
112,13,99,existence,205.48
114,18,96,existence,158.02
79,38,41,debt,254.32
62,23,39,payment,166.62
12,1,11,payment,39.39
90,13,77,existence,180.74
140,21,119,payment,313.33
5,2,3,payment,17.86
82,59,23,payment,224.37
36,22,14,existence,109.22
61,9,52,payment,173.4
151,120,31,existence,340.11
27,12,15,existence,67.93
122,89,33,debt,321.22
36,28,8,payment,126.96
97,19,78,existence,185.32
100,89,11,payment,243.78
134,62,72,existence,302.95
41,3,38,debt,78.27
68,64,4,payment,157.27
18,18,0,debt,56.13
123,71,52,payment,350.09
107,42,65,existence,223.97
135,97,38,debt,284.87
2,2,0,existence,4.63
44,33,11,debt,148.62
28,14,14,debt,64.88
87,55,32,debt,264.58
111,109,2,debt,417.04
62,10,52,existence,114.79
126,90,36,existence,301.97
96,15,81,debt,259.24
14,2,12,existence,32.83
68,37,31,debt,181.3
146,77,69,debt,316.01
112,107,5,existence,306.45
76,60,16,payment,203.37
17,13,4,existence,58.27
94,54,40,debt,211.49
34,23,11,existence,84.95
95,3,92,debt,187.9
77,46,31,existence,224.39
107,35,72,existence,242.37
131,72,59,debt,343.18
20,14,6,payment,73.94
103,37,66,existence,230.85
137,123,14,debt,473.01
73,20,53,payment,187.82
33,20,13,debt,92.43
41,18,23,debt,138.45
40,7,33,debt,125.93
76,16,60,existence,182.83
10,1,9,existence,21.89
48,28,20,existence,99.58
69,41,28,payment,134.04
83,81,2,payment,233.68
9,7,2,existence,19.55
146,60,86,existence,274.39
121,36,85,existence,270.99
153,107,46,payment,399.63
92,41,51,existence,172.27
62,50,12,payment,138.68
34,19,15,payment,93.97
150,43,107,payment,346.38
126,111,15,payment,442.92
138,118,20,debt,335.19
52,38,14,existence,124.34
1,1,0,existence,3.12
9,7,2,payment,30.51
41,20,21,existence,122.88
98,83,15,debt,273.94
147,145,2,payment,300.03
152,14,138,payment,385.4
92,18,74,debt,190.72
71,11,60,debt,176.58
131,10,121,debt,307.61
105,51,54,payment,243.2
111,95,16,existence,378.38
20,8,12,debt,63.84
107,31,76,existence,166.38
132,21,111,debt,243.9
40,28,12,debt,97.03
113,3,110,debt,149.92
87,74,13,payment,219.01
13,4,9,payment,41.67
80,70,10,existence,201.87
4,1,3,existence,6.49
21,7,14,existence,38.48
31,30,1,debt,115.25
54,23,31,payment,108.92
36,19,17,debt,105.6
32,10,22,existence,59.25
47,20,27,debt,106.94
153,12,141,debt,348.14
76,3,73,payment,108.81
127,127,0,existence,469.25
150,119,31,existence,316.05
54,39,15,existence,138.85
78,5,73,payment,172.73
19,4,15,debt,50.22
114,66,48,debt,328.29
50,29,21,existence,110.99
115,53,62,existence,218.02
20,5,15,debt,52.42
153,126,27,payment,361.45
149,18,131,existence,270.38
107,74,33,payment,335.82
80,58,22,payment,167.53
74,61,13,debt,272.44
31,22,9,existence,79.3
65,65,0,payment,254.36
113,62,51,existence,304.02
66,17,49,payment,184.98
131,84,47,payment,351.03
40,32,8,payment,117.52
37,2,35,payment,78.52
92,76,16,payment,273.35
9,8,1,debt,42.67
40,36,4,debt,122.9
54,10,44,debt,137.46
1,1,0,payment,21.19
47,25,22,debt,136.79
82,68,14,debt,305.22
70,2,68,existence,161.11
93,29,64,existence,228.32
121,20,101,existence,290.78
82,57,25,payment,179.37
32,31,1,debt,102.33
101,28,73,debt,232.99
88,47,41,existence,144.71
120,65,55,debt,337.37
102,43,59,existence,192.03
19,14,5,payment,64.39
16,13,3,debt,53.48
104,56,48,payment,230.99
16,1,15,debt,60.29
57,12,45,existence,147.78
151,22,129,debt,298.91
37,6,31,payment,60.38
7,6,1,debt,38.63
42,10,32,payment,72.12
146,73,73,payment,288.68
102,75,27,existence,315.07
115,76,39,payment,305.7
151,56,95,payment,323.88
80,23,57,payment,211.67
9,8,1,payment,38.21
2,2,0,payment,21.37
98,79,19,existence,261.68
93,74,19,debt,275.06
124,51,73,debt,232.29
105,77,28,payment,336.55
106,94,12,debt,245.55
58,30,28,payment,174.87
13,11,2,payment,45.12
12,12,0,payment,55.8
30,25,5,existence,71.39
6,6,0,existence,22.37
125,14,111,existence,238.68
147,116,31,existence,362.73
23,16,7,debt,65.02
43,25,18,payment,134.24
33,13,20,existence,49.88
2,1,1,debt,23.43
137,101,36,debt,432.75
17,4,13,payment,62.89
51,15,36,existence,142.55
10,7,3,existence,33.33
10,6,4,payment,29.82
103,14,89,debt,263.52
51,20,31,existence,91.13
49,7,42,existence,119.07
107,65,42,payment,345.09
24,7,17,existence,57.74
78,16,62,debt,218.78
118,46,72,payment,289.32
38,20,18,payment,135.99
47,27,20,existence,135.97
44,21,23,debt,109.86
9,4,5,payment,27.01
105,69,36,existence,236.86
44,3,41,existence,64.23
69,18,51,debt,174.82
121,83,38,existence,337.88
150,87,63,existence,326.27
79,23,56,existence,204.47
128,128,0,payment,445.38
9,1,8,existence,13.16
107,105,2,existence,288.99
2,1,1,payment,19.33
26,25,1,existence,57.63
153,61,92,debt,336.46
136,46,90,debt,233.3
65,14,51,payment,125.86
18,4,14,existence,26.64
109,54,55,debt,335.26
65,52,13,payment,215.77
30,6,24,debt,77.39
114,106,8,payment,322.73
99,91,8,debt,346.96
146,113,33,existence,313.67
7,4,3,existence,13.86
93,67,26,payment,316.72
14,12,2,debt,54.12
123,79,44,debt,352.41
42,29,13,payment,152.8
88,20,68,payment,167.04
140,45,95,payment,229.02
117,16,101,existence,187.3
77,16,61,payment,179.6
146,8,138,payment,330.64
22,3,19,debt,63.95
128,35,93,existence,270.28
123,22,101,debt,186.14
94,76,18,existence,253.12
127,59,68,payment,234.91
117,32,85,payment,199.73
48,9,39,debt,122.98
156,72,84,debt,274.04
5,3,2,existence,9.48
82,10,72,existence,170.11
67,67,0,debt,185.49
119,22,97,existence,223.39
122,108,14,debt,381.29
151,134,17,debt,430.02
152,20,132,debt,221.5
120,89,31,payment,315.62
76,59,17,existence,245.61
113,20,93,debt,205.82
61,6,55,debt,152.51
100,63,37,payment,239.82
149,43,106,payment,358.15
14,4,10,debt,41.54
45,43,2,existence,149.52
145,20,125,debt,372.49
152,24,128,debt,412.5
142,109,33,existence,380.3
108,20,88,debt,190.01
87,65,22,payment,254.57
71,52,19,debt,172.74
148,54,94,existence,358.87
19,15,4,payment,80.29
140,43,97,debt,374.92
141,83,58,payment,325.31
123,30,93,payment,272.87
154,109,45,existence,495.73
35,30,5,debt,137.2
10,6,4,debt,44.39
136,64,72,debt,270.83
28,3,25,debt,55.46
72,2,70,payment,144.35
32,1,31,existence,64.08
39,24,15,existence,111.29
55,19,36,payment,134.47
106,90,16,debt,366.34
109,83,26,debt,313.95
18,14,4,payment,66.3
30,5,25,debt,69.02
52,24,28,existence,115.43
95,37,58,payment,238.12
7,3,4,payment,26.81
64,44,20,debt,176.82
131,16,115,payment,328.55
71,71,0,existence,192.94
147,122,25,debt,466.07
68,56,12,payment,155.84
114,9,105,payment,296.53
96,18,78,existence,207.22
12,5,7,debt,43.28
23,4,19,payment,73.81
148,2,146,payment,368.57
91,29,62,existence,150.3
38,17,21,payment,95
155,76,79,payment,489.77
131,48,83,debt,279.55
149,4,145,existence,200.96
56,8,48,existence,87.61
65,2,63,payment,122.29
44,33,11,existence,125.54
125,99,26,existence,392.07
154,53,101,existence,242.53
39,30,9,payment,129.53
72,38,34,existence,142.16
93,43,50,payment,182.68
76,43,33,existence,222.64
86,38,48,existence,162.91
124,1,123,existence,154.09
92,45,47,existence,251.6
117,24,93,existence,223.2
4,3,1,existence,8.57
42,6,36,debt,130.25
141,98,43,existence,331.65
50,5,45,debt,123.42
36,10,26,payment,88.52
31,8,23,existence,54.15
147,131,16,existence,438.43
155,19,136,existence,320.45
121,53,68,existence,304.79
22,20,2,existence,59.26
85,26,59,payment,252.63
76,30,46,payment,173.13
142,40,102,payment,417.15
5,4,1,existence,13.27
130,25,105,existence,254.6
91,68,23,payment,252.92
38,6,32,payment,103.35
75,23,52,existence,139.48
43,8,35,debt,87.5
81,54,27,existence,159.33
17,3,14,existence,33.1
109,80,29,existence,337.57
89,21,68,existence,207.41
37,33,4,payment,108.8
103,56,47,debt,248.14
122,74,48,debt,367.84
77,21,56,existence,141.39
78,73,5,debt,266.71
155,23,132,existence,204.97
155,10,145,existence,237.23
2,1,1,payment,21.29
81,73,8,debt,307.09
3,1,2,existence,5.34
77,11,66,payment,189.83
31,21,10,debt,95.22
123,9,114,existence,203.28
60,48,12,payment,173.66
53,39,14,debt,136.93
32,26,6,payment,117.86
111,53,58,debt,223.02
140,47,93,payment,336.73
80,33,47,existence,144.95
42,33,9,existence,101.14
77,11,66,debt,195.46
103,34,69,payment,286.63
3,1,2,debt,32.46
101,19,82,debt,266.95
55,35,20,existence,120.26
28,26,2,existence,95.37
21,16,5,existence,40.67
57,54,3,existence,182.11
96,36,60,debt,224.58
134,127,7,payment,329.34
3,2,1,payment,17.63
50,49,1,existence,183.18
125,69,56,existence,298.17
22,5,17,debt,66.83
9,3,6,payment,37.62
54,35,19,payment,163.46
109,95,14,payment,382.54
108,23,85,debt,227.39
23,15,8,debt,94.03
126,106,20,debt,402.89
45,7,38,payment,73.98
133,128,5,payment,338.43
111,51,60,debt,338.5
117,9,108,existence,181.46
38,34,4,debt,110.56
29,10,19,payment,86.01
76,22,54,existence,121.94
84,40,44,payment,219.82
42,1,41,existence,83.72
122,121,1,debt,328.48
26,23,3,debt,96.47
69,68,1,existence,211.02
72,50,22,debt,195.15
152,145,7,debt,593.74
18,4,14,existence,31.32
12,9,3,existence,28.85
114,72,42,debt,330.6
77,5,72,payment,146.51
82,14,68,payment,215.84
129,28,101,payment,335.46
101,3,98,existence,222.81
129,109,20,payment,341.62
109,17,92,debt,200.45
24,8,16,payment,52.52
127,84,43,payment,398.41
48,40,8,existence,135.88
146,65,81,debt,372.89
112,36,76,payment,186.65
95,2,93,debt,136.13
14,9,5,existence,38.92
132,94,38,payment,450.85
144,28,116,existence,239.42
132,51,81,payment,277.74
67,10,57,debt,125.78
19,10,9,payment,55.36
27,22,5,debt,91.7
122,107,15,existence,369.75
81,72,9,payment,312.98
68,11,57,payment,141.14
81,57,24,debt,242.4
111,65,46,existence,262.88
5,3,2,payment,22.12
157,26,131,payment,323.74
41,37,4,payment,131.85
135,6,129,debt,209.03
36,30,6,debt,125.77
141,52,89,debt,304.3
14,2,12,existence,23.96
112,93,19,existence,279.6
3,3,0,existence,8.82
61,47,14,existence,166.24
120,71,49,payment,299.67
24,7,17,payment,70.09
119,24,95,existence,212.84
90,90,0,payment,265.13
10,3,7,payment,25.41
125,23,102,debt,301.33
154,146,8,existence,426.8
71,8,63,existence,91.43
9,6,3,payment,43.48
51,17,34,debt,128.16
78,7,71,payment,160.71
44,5,39,existence,55.77
2,1,1,payment,20.79
153,86,67,existence,435.38
75,11,64,existence,161.15
8,8,0,existence,26.5
91,27,64,payment,183.9
66,11,55,debt,110.35
132,77,55,debt,362.45
147,136,11,debt,452.68
43,26,17,debt,133.52
100,100,0,debt,260
144,12,132,payment,367.72
63,43,20,debt,169.96
80,52,28,debt,153.38
42,10,32,existence,104.72
78,58,20,debt,186.34
44,42,2,existence,130.65
30,21,9,debt,99.43
96,42,54,payment,215.69
152,11,141,existence,202.38
109,48,61,debt,292.21
49,23,26,existence,90.28
38,31,7,payment,95.74
71,28,43,existence,172.5
154,91,63,debt,369.64
148,87,61,payment,385.73
107,9,98,existence,214.45
96,32,64,existence,149.39
14,5,9,debt,66.23
91,34,57,payment,243.2
74,1,73,payment,160.71
123,9,114,payment,185.43
54,47,7,debt,174.31
80,34,46,debt,156.25
93,91,2,existence,235.73
156,79,77,debt,478.18
22,19,3,existence,58.5
66,37,29,debt,213.93
86,26,60,existence,197.15
62,34,28,existence,171.17
125,109,16,existence,304.42
66,38,28,debt,220.79
21,4,17,existence,51.9
98,19,79,existence,215.43
21,14,7,existence,42.97
41,20,21,existence,116.11
94,52,42,payment,282.44
81,66,15,existence,235.01
19,11,8,payment,65.28
77,57,20,existence,197.1
90,59,31,existence,219.05
14,13,1,debt,58.67
32,7,25,payment,99.29
36,27,9,existence,87.68
77,42,35,existence,165.37
130,87,43,existence,309.41
131,51,80,payment,257.55
135,91,44,existence,358.24
138,53,85,existence,365.41
60,6,54,debt,149.59
73,31,42,existence,115.49
79,69,10,debt,236.85
43,22,21,payment,109.99
52,52,0,debt,176.56
95,57,38,payment,278.26
105,94,11,debt,378.12
120,106,14,existence,299.95
140,74,66,debt,316.6
22,2,20,debt,64.34
22,22,0,debt,98.8
149,11,138,payment,279.82
118,61,57,payment,328.56
37,19,18,payment,122.59
47,40,7,existence,151.79
47,21,26,payment,113.58
19,15,4,existence,59.01
107,107,0,existence,316.18
90,82,8,debt,245.19
82,56,26,debt,239.29
111,65,46,debt,264.14
5,3,2,payment,28.15
21,15,6,existence,62.35
19,4,15,debt,79.43
99,73,26,existence,192.31
124,59,65,debt,264.31
67,21,46,debt,143.29
145,83,62,existence,293.32
49,7,42,debt,102.75
39,29,10,payment,129.95
25,13,12,debt,92.28
81,45,36,payment,247.43
31,12,19,existence,83.01
53,41,12,payment,132.75
16,8,8,debt,52.1
73,54,19,debt,205.56
147,81,66,payment,270.28
141,35,106,existence,296.58
48,43,5,existence,119.4
48,43,5,debt,159.64
72,70,2,payment,239.56
12,3,9,payment,35.59
89,30,59,payment,219.46
147,13,134,debt,275.69
47,43,4,payment,151.07
36,23,13,existence,98.72
12,9,3,debt,39.62
135,132,3,existence,462.95
9,6,3,payment,35.43
48,35,13,existence,119.96
105,76,29,debt,348.21
118,90,28,existence,258.17
88,30,58,payment,197.68
119,61,58,payment,266.35
60,10,50,debt,118.82
51,28,23,debt,112.5
71,66,5,existence,247.89
75,44,31,payment,233.41
135,10,125,existence,301.12
132,19,113,existence,279.03
73,25,48,existence,146.41
13,9,4,debt,52.22
92,69,23,payment,287.05
4,4,0,debt,30.25
129,111,18,existence,319.69
99,43,56,debt,212.84
66,26,40,existence,178.88
119,76,43,payment,393.3
123,67,56,debt,305.68
115,34,81,payment,260
139,86,53,existence,366.94
85,33,52,debt,239.4
112,96,16,existence,341.27
109,31,78,existence,173.01
72,22,50,debt,216.49
118,26,92,payment,315.76
32,13,19,payment,69.55
86,30,56,existence,214.81
154,139,15,payment,393.27
139,131,8,existence,386.75
19,7,12,debt,76.78
10,2,8,existence,21.7
103,88,15,payment,344.22
139,47,92,existence,262.13
54,43,11,payment,131.28
99,76,23,payment,337.32
93,88,5,payment,252.84
15,12,3,existence,38.98
147,122,25,debt,521.22
37,18,19,payment,88.78
104,49,55,existence,321.21
129,64,65,debt,426.68
84,81,3,payment,225.29
19,8,11,payment,64.91
136,26,110,existence,201.45
40,30,10,payment,109.53
115,19,96,existence,190.68
120,25,95,existence,205.05
17,11,6,existence,31.37
79,74,5,payment,273.2
11,10,1,existence,34.26
116,72,44,existence,205.56
130,103,27,debt,379.24
16,13,3,payment,47.79
126,89,37,existence,253.13
46,17,29,existence,125.61
80,20,60,payment,177.91
143,136,7,debt,486.8
86,67,19,payment,285.22
130,122,8,debt,369.8
50,46,4,existence,156.24
151,72,79,debt,399.37
137,27,110,debt,303.18
68,15,53,debt,174.71
117,21,96,payment,271.27
150,135,15,existence,412.47
104,94,10,debt,336.33
60,59,1,payment,223.07
59,49,10,existence,151.44
147,42,105,payment,329.57
25,10,15,existence,57.88
152,129,23,debt,413.15
116,6,110,existence,197.99
32,11,21,payment,87.76
3,1,2,payment,19.17
22,5,17,debt,63.55
82,66,16,payment,277.42
139,87,52,debt,345.56
26,24,2,existence,80.55
12,4,8,debt,50.02
23,7,16,existence,44.87
87,19,68,existence,142.34
2,1,1,payment,21.13
3,1,2,debt,24.66
1,1,0,payment,8.88
71,71,0,existence,203.75
45,32,13,existence,82.87
43,1,42,debt,114.63
66,53,13,payment,228.38
49,48,1,existence,167.18
86,63,23,debt,291.04
103,89,14,payment,281.18
13,10,3,payment,52.07
120,22,98,debt,322.24
19,2,17,payment,47.32
136,109,27,existence,274.65
26,26,0,payment,99.63
57,51,6,payment,174.97
96,38,58,existence,180.4
93,58,35,existence,203.99
140,77,63,existence,266.83
9,8,1,payment,36.1
50,43,7,payment,163.38
114,3,111,existence,163.63
134,3,131,payment,182.17
21,2,19,existence,41.65
122,60,62,payment,377.93
32,17,15,existence,93.96
76,61,15,existence,162.07
43,18,25,existence,87.17
150,65,85,payment,337.86
20,8,12,existence,54.57
15,14,1,debt,65.07
74,15,59,payment,177.93
141,112,29,debt,326.18
147,79,68,payment,388.51
94,7,87,payment,210.26
84,39,45,existence,151.24
87,31,56,payment,243.74
22,7,15,payment,66.09
110,99,11,existence,351.87
59,45,14,debt,139.07
15,9,6,payment,48.44
56,12,44,payment,152.57
32,28,4,payment,93.99
28,28,0,debt,100.82
117,106,11,payment,393.46
57,41,16,existence,148.7
17,13,4,payment,61.82
48,43,5,payment,155.26
65,23,42,debt,136.91
33,24,9,debt,127.48
64,20,44,existence,150.1
60,15,45,debt,137.28
86,13,73,payment,213.94
150,111,39,payment,389.53
26,3,23,existence,38.13
60,34,26,existence,178.5
19,9,10,debt,82.01
45,20,25,debt,143.54
34,32,2,debt,133.99
151,117,34,existence,328.06
153,126,27,debt,393.04
23,23,0,payment,63.93
51,24,27,existence,113.65
27,25,2,existence,95.57
60,19,41,debt,132.63
41,19,22,debt,134.66
34,19,15,payment,88.81
98,96,2,debt,245.81
133,77,56,payment,417.7
71,23,48,payment,185.9
95,37,58,payment,163.23
131,126,5,debt,491.48
83,32,51,payment,193.76
127,122,5,payment,391.94
45,20,25,debt,127.85
102,98,4,existence,230.68
154,50,104,debt,384.31
69,51,18,existence,219.96
28,12,16,debt,63.16
144,3,141,payment,211.3
138,95,43,payment,378.72
71,33,38,payment,163.69
40,10,30,debt,103.64
30,9,21,debt,84.22
30,12,18,payment,88.61
136,126,10,existence,376.03
53,46,7,existence,146.56
65,59,6,existence,146.44
113,83,30,payment,379.66
152,86,66,existence,330.65
47,3,44,payment,135.23
103,50,53,debt,231.79
5,3,2,debt,27.93
137,90,47,payment,376.12
114,11,103,payment,252.11
49,35,14,payment,138.29
4,1,3,payment,13.47
85,44,41,existence,166.92
25,17,8,debt,71.48
93,10,83,debt,252.45
77,69,8,existence,207.14
104,90,14,existence,261.58
98,72,26,existence,252.03
71,63,8,debt,170.04
40,39,1,payment,139.44
128,93,35,payment,412.77
122,115,7,debt,317.96
103,73,30,existence,353.53
17,3,14,existence,44.04
4,3,1,existence,9.68
72,1,71,debt,128.26
108,75,33,debt,263.15
90,88,2,existence,328.12
12,3,9,debt,45.3
44,26,18,existence,140.5
131,69,62,debt,334.81
17,2,15,payment,44.19
98,36,62,payment,177.43
153,138,15,payment,517.31
121,113,8,payment,290.85
71,19,52,payment,123.51
156,53,103,debt,289.16
86,79,7,debt,307.79
18,16,2,debt,62.42
102,3,99,payment,151.35
114,80,34,debt,285.75
98,26,72,debt,222.15
105,79,26,existence,293.89
133,71,62,payment,430.35
64,63,1,existence,242.63
44,21,23,existence,85.61
89,75,14,payment,163.28
36,28,8,debt,142.59
10,1,9,debt,34.6
104,2,102,debt,271.99
92,24,68,payment,166.44
129,36,93,existence,231.98
112,17,95,debt,210.96
48,27,21,debt,164.8
7,6,1,existence,15.55
132,94,38,payment,395.59
112,50,62,debt,342.42
119,89,30,existence,385.97
4,4,0,debt,25.37
52,40,12,debt,156.19
91,18,73,existence,236.24
62,47,15,existence,150.99
95,20,75,debt,187.86
122,5,117,debt,246.59
19,3,16,payment,37.3
117,8,109,payment,168.17
149,72,77,payment,440.37
77,14,63,payment,199.17
155,88,67,payment,422.12
87,17,70,payment,237.68
70,45,25,debt,219.58
93,70,23,debt,290.28
95,9,86,existence,132.29
3,1,2,existence,6.46
79,50,29,payment,197.32
31,13,18,existence,64.35
60,54,6,existence,136
4,3,1,payment,24.87
7,1,6,debt,33.49
122,67,55,payment,229.54
16,15,1,debt,67.7
143,103,40,existence,450.73
62,22,40,payment,121.79
142,91,51,existence,414.09
106,42,64,debt,243.97
52,43,9,payment,169.8
69,65,4,existence,219.6
72,7,65,payment,165.44
97,84,13,debt,350.26
29,19,10,payment,82.95
16,2,14,existence,39.25
136,71,65,debt,312.14
150,140,10,debt,534.11
36,15,21,debt,108.17
24,11,13,debt,68.33
64,33,31,debt,143.09
17,15,2,existence,47.38
53,11,42,debt,86.76
105,14,91,payment,276.32
6,5,1,payment,36.83
12,12,0,debt,62.86
141,27,114,debt,234.98
84,78,6,debt,324.29
148,41,107,existence,406.02
118,52,66,existence,292.01
55,4,51,payment,96.26
133,103,30,existence,390.31
150,92,58,debt,491.27
1,1,0,debt,19.86
35,16,19,debt,112.79
71,18,53,existence,109.1
3,3,0,payment,21.02
75,1,74,payment,100.69
113,34,79,debt,306.47
10,4,6,payment,39.88
138,99,39,payment,323.35
106,58,48,debt,333.6
120,97,23,debt,451.01
129,86,43,debt,317.15
135,131,4,existence,360.25
49,13,36,existence,90.63
23,15,8,debt,48.91
91,21,70,payment,251.49
22,3,19,debt,80.79
127,9,118,existence,229.39
92,58,34,debt,261.5
48,45,3,existence,141.44
50,49,1,payment,149.47
66,32,34,debt,159.65
90,68,22,debt,265.52
46,32,14,debt,174.65
69,12,57,payment,171.02
32,19,13,existence,69.81
34,34,0,payment,108.43
129,60,69,payment,322.51
65,43,22,payment,192.29
63,23,40,debt,171.52
60,44,16,debt,205.06
131,88,43,debt,448.28
138,91,47,existence,236.91
9,8,1,existence,25.22
23,20,3,debt,88.71
135,131,4,debt,524.63
67,59,8,payment,202.72
23,17,6,debt,72.92
136,124,12,existence,367.06
54,35,19,existence,134.34
133,38,95,payment,350.47
60,36,24,payment,180.24
42,19,23,existence,79.54
107,50,57,debt,288.43
112,6,106,existence,149.52
125,82,43,debt,318.5
101,83,18,existence,332.08
154,134,20,debt,461.22
31,6,25,debt,100.54
50,25,25,existence,128.82
56,12,44,payment,122.99
121,19,102,debt,296.96
157,2,155,debt,296.37
18,10,8,debt,58.17
140,83,57,payment,393.06
145,124,21,debt,497.63
130,89,41,existence,375.1
45,4,41,payment,78.09
66,12,54,debt,163.18
12,8,4,payment,54.25
87,4,83,payment,225.93
138,91,47,existence,288.98
107,28,79,existence,178.38
98,2,96,debt,243
18,12,6,payment,56.38
47,18,29,payment,137.2
82,53,29,existence,187.18
9,9,0,payment,36.48
130,46,84,payment,305.89
4,3,1,payment,22.42
130,100,30,debt,265.49
7,3,4,debt,24.83
64,51,13,debt,201.3
85,67,18,debt,193.77
112,93,19,debt,258.36
10,6,4,payment,27.83
144,24,120,debt,388.88
52,19,33,existence,88.46
69,35,34,existence,174.88
85,54,31,payment,204.76
53,37,16,debt,147.63
138,7,131,debt,232.6
64,37,27,debt,223.47
29,26,3,debt,89.28
14,13,1,debt,70.83
49,46,3,existence,143.71
129,97,32,payment,258.21
38,23,15,payment,125.22
48,16,32,payment,144.43
34,25,9,existence,102.44
1,1,0,payment,9.69
150,12,138,existence,243.68
34,23,11,payment,107.44
68,3,65,existence,169.21
131,65,66,existence,301.69
54,34,20,existence,147.06
140,78,62,payment,372.38
145,78,67,debt,303.41
154,147,7,debt,528.67
71,67,4,debt,207.83
99,88,11,payment,309.77
35,21,14,payment,77.24
23,17,6,existence,58.4
48,31,17,payment,132.74
51,26,25,existence,89.8
74,1,73,debt,183.93
32,29,3,debt,109.97
115,72,43,existence,320.48
20,3,17,existence,27.5
45,37,8,existence,149.82
83,62,21,debt,291.78
11,6,5,payment,33.18
43,41,2,existence,103.69
111,41,70,debt,341.83
36,14,22,existence,83.19
74,66,8,payment,157.98
60,20,40,existence,148.3
79,14,65,debt,145.62
95,39,56,payment,294.82
72,22,50,existence,121.38
139,82,57,debt,357.64
63,54,9,payment,149.26
112,72,40,payment,367.48
42,35,7,debt,158.63
73,53,20,payment,169.29
116,102,14,existence,334.63
156,69,87,debt,394.3
93,4,89,debt,146.3
118,32,86,existence,175.14
108,36,72,existence,220.86
14,3,11,existence,30.65
109,17,92,existence,173.27
5,1,4,existence,13.92
68,45,23,payment,152.91
9,5,4,payment,31.13
24,1,23,existence,28.8
136,46,90,payment,244.21
110,78,32,existence,301.51
122,55,67,existence,344.99
109,42,67,payment,215.13
119,10,109,debt,310.11
130,128,2,payment,454.29
6,3,3,debt,32.69
125,24,101,payment,332.26
119,87,32,payment,261.7
13,11,2,debt,53.46
66,19,47,payment,149.51
16,16,0,payment,60.35
93,85,8,debt,310.99
122,1,121,payment,227.41
101,72,29,existence,270.95
31,18,13,existence,77.72
27,4,23,payment,67.24
96,36,60,debt,232.62
25,20,5,payment,74.67
41,1,40,debt,72.31
73,64,9,debt,234.22
77,30,47,debt,229.47
29,15,14,payment,75.41
49,15,34,existence,79.43
101,97,4,payment,269.29
7,3,4,payment,33.41
65,34,31,payment,171.95
107,56,51,debt,271.05
62,35,27,debt,146.18
128,66,62,existence,306
134,64,70,existence,272.03
2,2,0,payment,23.2
122,46,76,existence,268.18
110,36,74,debt,218.56
79,42,37,existence,138.87
131,1,130,existence,275.97
71,38,33,existence,163.97
77,32,45,payment,200.5
118,36,82,debt,341.92
48,28,20,existence,82.14
40,26,14,existence,93.17
64,61,3,existence,208.65
153,78,75,existence,385.94
1,1,0,existence,2.24
79,67,12,debt,303.14
135,41,94,existence,273.93
79,27,52,debt,179.39
6,3,3,existence,11.77
52,45,7,payment,176.82
92,72,20,existence,254.9
109,21,88,existence,159.85
96,82,14,debt,257.84
79,7,72,payment,125.88
135,31,104,payment,351.48
146,80,66,existence,257.06
40,6,34,debt,112.41
49,8,41,payment,127.34
108,96,12,payment,343.68
59,12,47,payment,124.46
42,11,31,debt,122.23
131,28,103,payment,222.08
62,45,17,existence,195.35
42,16,26,payment,86.71
6,5,1,payment,28.34
60,58,2,existence,175.89
134,64,70,payment,357.14
134,116,18,existence,474.64
154,73,81,debt,276.25
98,65,33,existence,289.94
98,92,6,debt,340.62
142,81,61,debt,331.9
92,82,10,payment,213.51
75,71,4,existence,224.63
96,94,2,payment,261.32
27,24,3,payment,75.02
147,76,71,existence,279.46
104,26,78,debt,192.33
72,1,71,payment,109.6
93,89,4,existence,310.09
49,2,47,debt,120.2
2,2,0,debt,32.99
85,14,71,debt,188.72
116,49,67,payment,337.57
25,1,24,debt,50.36
138,96,42,debt,468.37
111,28,83,debt,328.91
19,9,10,payment,44.26
58,56,2,payment,174.9
53,4,49,payment,137.57
63,59,4,existence,187.14
104,5,99,debt,264.13
76,70,6,debt,198.1
129,44,85,debt,267.29
150,91,59,debt,364.2
152,87,65,payment,303.06
143,124,19,debt,368.81
108,21,87,existence,156.01
118,16,102,existence,226.25
131,127,4,payment,419.87
102,78,24,payment,361.71
9,9,0,existence,23.02
35,33,2,existence,99.65
90,2,88,debt,238.89
155,69,86,payment,303.06
73,9,64,debt,125.69
60,56,4,existence,193.28
157,46,111,debt,416.9
137,99,38,debt,381.31
135,26,109,debt,313.46
61,17,44,existence,139.16
73,11,62,debt,173.04
59,44,15,debt,186.75
155,102,53,payment,331.22
15,13,2,payment,65.14
54,13,41,payment,145.04
109,15,94,payment,204.62
25,2,23,debt,67.05
97,25,72,payment,145.68
130,7,123,payment,246.08
136,66,70,existence,295.63
27,5,22,payment,55.35
80,80,0,debt,262.64
156,155,1,debt,476.23
147,31,116,existence,361.44
59,27,32,debt,119.79
110,84,26,debt,297.26
153,79,74,payment,375.09
96,84,12,debt,260.02
46,10,36,debt,104.34
5,1,4,existence,11.4
154,125,29,debt,470.73
96,52,44,existence,182.01
53,28,25,existence,128.79
67,56,11,existence,222.1
45,21,24,debt,141.92
7,1,6,existence,17.06
40,6,34,debt,113.79
151,43,108,existence,264.15
97,91,6,payment,365.47
13,9,4,payment,40.62
78,46,32,existence,168.25
62,25,37,debt,146.72
105,51,54,debt,252.3
57,35,22,debt,133.38
81,34,47,debt,218.42
87,13,74,payment,250.08
88,48,40,existence,150.16
122,88,34,debt,356.39
21,13,8,payment,72.41
154,85,69,debt,453.31
137,91,46,existence,400.75
85,32,53,debt,180.74
69,67,2,debt,225.95
9,2,7,debt,47.22
36,18,18,debt,95.65
58,10,48,debt,142.88
139,77,62,debt,301.3
119,94,25,payment,316.1
57,17,40,payment,103.54
26,9,17,debt,95.9
85,72,13,debt,280.65
15,12,3,existence,32.71
53,7,46,debt,88.38
123,85,38,payment,239.51
74,8,66,payment,195.11
128,69,59,debt,313.12
30,20,10,existence,102.55
85,10,75,existence,174.56
132,56,76,debt,371.58
120,115,5,existence,433.75
147,68,79,debt,363.08
142,136,6,payment,330.62
120,106,14,payment,248.74
25,17,8,existence,76.22
91,12,79,debt,201.34
111,99,12,debt,285.05
29,21,8,payment,88.73
65,44,21,debt,170.64
37,3,34,debt,84.28
24,6,18,existence,60.81
50,33,17,existence,120.46
105,23,82,payment,210.57
152,146,6,existence,431.75
16,6,10,existence,39.48
113,95,18,payment,387.97
50,28,22,debt,146.67
115,11,104,existence,270.2
4,4,0,payment,22.68
27,15,12,payment,73.66
100,88,12,debt,212.82
51,11,40,existence,123.15
129,91,38,payment,330.47
93,42,51,payment,262.88
15,13,2,debt,55.2
96,68,28,payment,266.27
119,37,82,debt,318.31
69,23,46,debt,153.14
44,29,15,debt,113.05
7,5,2,payment,29.41
79,55,24,existence,228.35
95,13,82,payment,250.57
153,87,66,debt,357.97
141,102,39,existence,347.41
114,105,9,debt,259.73
93,39,54,payment,222.23
11,5,6,existence,28.98
154,144,10,existence,559.55
132,100,32,payment,361.84
26,19,7,debt,85.73
150,76,74,debt,307.91
10,2,8,payment,37.88
116,93,23,existence,321.88
157,55,102,debt,440.47
13,7,6,debt,39.27
47,47,0,debt,146.22
69,23,46,debt,142.44
44,9,35,existence,104.43
87,29,58,existence,241.94
131,33,98,debt,248.01
18,9,9,debt,65.41
31,24,7,debt,114.89
127,55,72,payment,253.82
53,30,23,payment,130.16
42,33,9,debt,153.93
88,13,75,debt,173.81
122,69,53,payment,307.74
14,6,8,debt,40.93
32,28,4,debt,109.42
59,33,26,existence,156.11
98,92,6,payment,337.86
33,26,7,payment,112.67
56,12,44,existence,130.3
109,45,64,payment,178.98
98,55,43,payment,310.93
42,4,38,payment,88.45
70,9,61,payment,175.07
128,76,52,debt,394.43
48,15,33,payment,104.45
130,6,124,existence,276.95
114,59,55,debt,235.36
86,82,4,payment,306.04
99,38,61,debt,275.5
95,47,48,payment,231.41
118,53,65,debt,321.6
157,34,123,existence,231.92
96,24,72,debt,200.28
114,50,64,existence,283.08
103,31,72,debt,286.72
85,8,77,payment,205.79
118,52,66,payment,353.91
61,8,53,existence,88.5
126,86,40,debt,425.57
127,80,47,existence,315.52
39,30,9,debt,160.51
105,13,92,existence,265.27
73,39,34,existence,140.67
118,41,77,debt,222.24
65,34,31,payment,197.24
72,71,1,debt,244.98
106,83,23,debt,256.68
71,17,54,payment,206.56
75,38,37,payment,165.95
89,26,63,payment,194.46
106,97,9,payment,358.01
27,17,10,debt,94.42
156,13,143,debt,330.86
53,31,22,debt,118.68
146,10,136,debt,260.17
154,114,40,existence,461.92
47,29,18,payment,140.24
18,12,6,existence,59.11
111,91,20,debt,354.58
104,39,65,debt,274.5
68,7,61,existence,173.69
136,31,105,debt,309.39
61,10,51,debt,128.17
71,27,44,payment,208.15
142,25,117,existence,315.14
152,109,43,existence,333.09
73,31,42,payment,151.98
64,31,33,payment,154.29
144,136,8,existence,283.96
86,50,36,debt,193.16
34,17,17,existence,74.76
130,83,47,existence,268.6
114,10,104,debt,296.85
92,45,47,existence,256.47
47,31,16,existence,90.85
3,3,0,debt,22.6
136,7,129,debt,307.71
92,82,10,existence,301.89
43,35,8,payment,128.3
31,30,1,payment,98.02
7,1,6,existence,16.68
107,70,37,existence,280.63
39,23,16,debt,108.27
57,20,37,payment,157.57
104,46,58,existence,254.39
154,44,110,debt,355.9
100,87,13,debt,341.95
147,2,145,payment,237.77
155,147,8,existence,351.6
103,53,50,payment,297.8
21,3,18,payment,61.62
74,11,63,debt,161.84
25,16,9,debt,56.22
23,7,16,debt,73.63
61,60,1,payment,171.49
18,12,6,debt,54.26
25,22,3,debt,115.53
14,6,8,debt,41.84
67,57,10,existence,149.1
107,73,34,debt,293.73
120,51,69,payment,232.42
71,26,45,existence,157.36
56,28,28,debt,176.24
40,7,33,payment,80.6
11,9,2,existence,28.11
125,75,50,debt,263.22
32,14,18,existence,85.68
29,25,4,payment,97.72
3,1,2,debt,27.7
120,112,8,payment,300.32
136,129,7,payment,363.56
51,19,32,existence,97.13
141,10,131,debt,234.72
97,75,22,debt,226.64
31,20,11,payment,80.25
56,45,11,existence,182.49
68,36,32,payment,210.33
42,15,27,payment,127.77
101,61,40,existence,299.35
96,43,53,debt,215.45
87,61,26,debt,304.9
14,5,9,existence,34.69
91,34,57,payment,204.56
1,1,0,debt,28.63
67,42,25,debt,184.21
62,31,31,debt,163.34
8,2,6,debt,33.14
51,1,50,debt,123.27
109,14,95,existence,277.15
41,24,17,payment,90.98
123,14,109,debt,224.86
48,25,23,payment,132.68
101,62,39,existence,224.4
151,82,69,payment,421.69
55,25,30,existence,93.84
74,68,6,debt,228.86
118,11,107,existence,214.76
130,3,127,existence,258.4
67,48,19,payment,196.44
100,96,4,debt,257.36
12,3,9,existence,32.7
31,16,15,debt,117.07
89,43,46,payment,208.12
53,13,40,existence,134.4
148,94,54,debt,369.32
10,1,9,payment,21.78
92,22,70,debt,157.97
1,1,0,debt,28.53
94,79,15,existence,217.98
64,42,22,existence,134.08
44,17,27,existence,94.56
72,65,7,payment,242.34
46,7,39,payment,117.83
41,14,27,existence,64.98
62,5,57,existence,81.94
77,46,31,debt,206.78
39,7,32,debt,109.24
35,25,10,existence,92.69
47,37,10,debt,130.72
107,6,101,debt,201.14
135,21,114,payment,338.83
8,4,4,payment,28.02
52,8,44,payment,130.52
26,21,5,debt,70.13
152,93,59,debt,413.68
48,7,41,debt,90.81
115,16,99,existence,209.85
80,9,71,payment,208.3
92,71,21,payment,348.51
138,68,70,debt,335.1
16,4,12,debt,50.82
80,5,75,existence,141.02
75,66,9,payment,166.48
79,12,67,debt,148.05
53,29,24,payment,140.6
88,70,18,debt,301.76
113,68,45,debt,351.05
74,16,58,payment,117.66
142,119,23,payment,391.02
34,30,4,payment,117.04
91,63,28,debt,193.38
55,6,49,payment,100.67
105,27,78,debt,239.22
106,7,99,existence,203.09
85,72,13,payment,259.66
113,32,81,debt,190.66
82,69,13,debt,264.11
90,69,21,debt,298.12
110,22,88,existence,230.39
38,22,16,existence,92.38
80,34,46,existence,177.44
84,42,42,existence,159.01
45,33,12,payment,157.33
141,131,10,existence,477.06
145,90,55,debt,465.69
49,33,16,debt,119.77
136,116,20,debt,283.35
74,39,35,existence,196.04
21,12,9,debt,89.77
115,75,40,payment,332.54
2,1,1,payment,22.4
132,94,38,debt,284.27
140,75,65,payment,378.21
68,59,9,existence,198.32
38,11,27,existence,62.55
126,108,18,debt,349.86
155,108,47,payment,457.85
72,36,36,payment,222.28
90,72,18,existence,209.66
86,16,70,debt,144.93
91,82,9,existence,233.32
22,13,9,existence,45.22
44,16,28,existence,114.47
18,4,14,payment,59.62
18,17,1,payment,59.79
97,44,53,payment,265.65
143,3,140,existence,299.74
45,39,6,existence,119.22
96,3,93,payment,140.06
7,1,6,existence,9.8
4,3,1,payment,17.74
137,68,69,existence,298.68
49,39,10,existence,156.19
90,10,80,debt,181.39
32,12,20,debt,94.47
125,80,45,existence,326.34
63,58,5,payment,204.77
74,40,34,payment,188.51
46,22,24,payment,143.33
6,1,5,existence,14.62
16,7,9,existence,36.56
112,29,83,payment,270.37
80,13,67,existence,110.84
2,2,0,existence,6.98
69,57,12,debt,197.96
66,53,13,debt,202.81
139,59,80,debt,374.23
71,61,10,existence,178.95
145,94,51,debt,333.04
140,78,62,payment,319.17
150,71,79,existence,462.27
147,117,30,existence,466.99
99,61,38,debt,288.89
26,23,3,existence,75.34
123,120,3,existence,412.63
88,66,22,existence,165.5
70,67,3,payment,192.26
105,73,32,debt,273.78
23,4,19,existence,43.23
100,5,95,debt,239.26
76,50,26,payment,239.19
90,47,43,debt,185.32
44,30,14,payment,113.94
21,5,16,payment,53.3
115,47,68,debt,322.33
62,43,19,debt,133.58
47,42,5,existence,110.82
92,37,55,debt,284.09
89,54,35,payment,250.41
52,23,29,debt,130.33
54,45,9,existence,120.03
87,30,57,payment,225.85
104,97,7,existence,264.78
114,41,73,payment,184.83
109,75,34,debt,384.13
123,78,45,payment,324.51
117,37,80,debt,242.23
136,46,90,existence,280.2
11,2,9,payment,30.77
112,112,0,payment,392.94
145,85,60,payment,284.81
119,30,89,debt,195.81
7,3,4,debt,33.19
37,35,2,existence,98.78
14,8,6,payment,51.67
110,19,91,payment,182.55
56,11,45,payment,126.23
21,17,4,existence,68.74
65,58,7,payment,193.18
81,43,38,debt,235.95
123,30,93,payment,258.52
106,84,22,debt,309.68
149,71,78,debt,309.33
131,87,44,payment,282.63
24,8,16,existence,69.47
157,60,97,payment,329.55
114,37,77,debt,187.82
55,7,48,existence,136.44
69,36,33,debt,144.42
151,85,66,payment,377.6
82,43,39,debt,199.52
88,54,34,debt,168.2
156,104,52,existence,495.36
3,3,0,existence,10.15
17,10,7,payment,57.69
116,77,39,existence,208.06
58,54,4,debt,128.6
28,5,23,debt,84.36
92,42,50,debt,167.75
95,10,85,payment,157.54
46,18,28,debt,85.12
22,20,2,debt,95.11
40,11,29,debt,120.74
35,5,30,debt,72.83
76,70,6,debt,255.59
140,35,105,debt,287.65
70,25,45,existence,109.09
38,24,14,debt,130.33
13,5,8,payment,52.12
86,9,77,payment,168.12
149,112,37,existence,415.38
120,26,94,existence,224.7
62,50,12,payment,160.63
9,8,1,existence,19.35
114,48,66,debt,292.75
8,8,0,existence,21.15
76,72,4,payment,184.66
133,38,95,debt,272.06
125,31,94,existence,300.06
60,38,22,payment,182.66
121,56,65,existence,351.57
145,135,10,debt,383.23
155,149,6,existence,508.06
124,23,101,debt,314.84
128,121,7,payment,287.89
124,27,97,debt,362.17
25,22,3,existence,79.07
145,142,3,existence,335.12
17,16,1,debt,72.22
37,19,18,debt,123.44
127,126,1,debt,410.22
83,62,21,existence,182.75
111,19,92,debt,264.27
142,117,25,payment,372.88
41,33,8,existence,122.56
52,10,42,debt,136.6
29,3,26,debt,89.52
12,12,0,payment,34.85
20,20,0,existence,48.87
145,114,31,payment,436.22
89,62,27,debt,246
90,11,79,debt,228.18
119,87,32,debt,351.82
75,73,2,debt,215.81
34,2,32,existence,69.5
138,56,82,debt,218.38
149,93,56,payment,425.02
48,15,33,debt,83.81
82,41,41,existence,252.3
5,2,3,payment,29.59
1,1,0,existence,2.64
51,32,19,existence,164.58
132,103,29,existence,369.17
70,64,6,existence,193.06
52,1,51,existence,91.08
14,8,6,payment,44.99
43,41,2,payment,140.52
6,2,4,payment,21.17
143,42,101,payment,319.86
153,14,139,existence,241.35
45,26,19,payment,158.01
54,20,34,existence,126.31
26,1,25,existence,51.5
73,17,56,debt,165.77
3,1,2,existence,6.38
40,40,0,debt,142.3
26,26,0,payment,75.31
70,32,38,debt,157.46
86,34,52,debt,267.54
6,6,0,payment,29.64
157,75,82,existence,328.95
55,41,14,debt,124.81
51,46,5,payment,196.94
26,7,19,debt,52.83
134,79,55,payment,388.07
138,44,94,existence,312.4
68,24,44,debt,136.34
134,107,27,debt,322.52
138,112,26,debt,343.74
36,15,21,existence,99.75
20,1,19,payment,61.63
154,132,22,payment,433.78
114,37,77,existence,180.45
85,33,52,payment,208.72
25,10,15,payment,62.69
9,2,7,debt,40.71
11,11,0,debt,55.83
138,51,87,debt,379.39
51,20,31,existence,134.26
24,16,8,debt,75.04
6,1,5,debt,33.23
68,45,23,payment,171.05
93,72,21,existence,274.09
54,47,7,debt,188.44
72,15,57,payment,133.02
135,14,121,debt,288.47
86,74,12,debt,286.07
27,18,9,debt,88.57
155,61,94,existence,445.99
68,4,64,debt,120.3
105,42,63,debt,300.8
12,11,1,debt,55.74
78,20,58,payment,179.53
56,27,29,existence,151.57
20,1,19,payment,44.14
126,105,21,payment,364.91
3,3,0,payment,23.74
62,31,31,existence,124.74
56,49,7,existence,177.62
24,15,9,debt,68.6
5,5,0,existence,15.35
20,9,11,payment,47.4
118,47,71,payment,238.38
126,82,44,existence,231.72
43,7,36,debt,92.31
79,1,78,payment,205.57
122,119,3,debt,358.98
62,49,13,existence,170.46
150,97,53,debt,336.23
44,18,26,existence,99
30,8,22,debt,103.83
72,15,57,existence,133.77
81,64,17,debt,243.16
120,26,94,debt,339.69
110,80,30,payment,323.53
130,63,67,debt,374.89
101,23,78,debt,160.65
121,1,120,payment,296.66
32,12,20,existence,92.13
54,35,19,debt,156.38
141,97,44,existence,340.53
117,108,9,existence,373.56
121,118,3,existence,272
71,21,50,debt,218.09
13,6,7,debt,48.33
133,30,103,existence,295.36
124,19,105,debt,210.17
124,17,107,payment,240.04
77,1,76,debt,170.67
44,38,6,existence,132.24
114,3,111,debt,168.04
15,5,10,existence,30.31
30,16,14,existence,72.39
39,10,29,existence,74.27
103,48,55,existence,274.65
127,114,13,payment,251.01
79,5,74,payment,111.6
108,56,52,payment,310.2
144,122,22,debt,496.11
137,102,35,existence,282.38
128,118,10,payment,312.77
118,64,54,existence,244.34
106,63,43,existence,177.39
116,73,43,payment,250.33
97,48,49,existence,249.87
91,10,81,existence,154.75
73,16,57,payment,169.71
133,68,65,payment,347.47
41,35,6,debt,143.27
79,69,10,existence,258.18
33,21,12,debt,93.81
145,142,3,debt,390.96
87,58,29,payment,259.24
38,17,21,existence,88.07
147,121,26,debt,333.34
63,23,40,existence,123.08
138,7,131,payment,281.51
131,124,7,debt,352.03
140,30,110,payment,276.81
73,23,50,payment,217.97
69,30,39,existence,195.37
154,114,40,existence,460.65
47,21,26,debt,95.67
4,3,1,existence,8.3
121,111,10,existence,362.67
155,38,117,existence,359.51
122,14,108,debt,211.32
157,146,11,existence,455.04
32,2,30,existence,48.95
41,39,2,payment,133.53
34,1,33,debt,90.57
153,151,2,payment,406.94
131,29,102,debt,218.62
11,9,2,payment,39.64
148,87,61,existence,348.95
148,106,42,debt,413.05
95,89,6,debt,268.72
150,109,41,payment,280.15
137,46,91,existence,276.38
139,56,83,debt,226.17
69,40,29,debt,186.63
100,66,34,existence,183.39
84,57,27,debt,254.85
63,40,23,payment,136.02
53,40,13,payment,123.16
127,122,5,payment,371.4
69,28,41,debt,184.57
66,41,25,payment,221.05
43,28,15,existence,120.69
75,15,60,payment,203.51
118,33,85,debt,231.5
44,14,30,existence,95.48
102,23,79,existence,152.41
11,8,3,debt,53.12
33,29,4,existence,98.77
102,65,37,existence,231.3
110,38,72,payment,315.86
143,8,135,payment,215.38
128,127,1,payment,291.35
81,57,24,existence,173.6
124,11,113,debt,312.66
109,11,98,payment,220.92
92,84,8,payment,291.6
61,15,46,existence,158.62
103,44,59,existence,154.91
135,83,52,existence,266.76
143,123,20,payment,504.38
156,81,75,payment,374.43
105,13,92,payment,195.94
5,2,3,existence,13.14
111,106,5,debt,286.58
95,52,43,debt,292.07
11,1,10,payment,29.57
137,98,39,payment,322.4
7,5,2,debt,40.92
2,1,1,debt,34.12
66,6,60,debt,116.02
68,59,9,existence,204.45
42,15,27,existence,71.69
74,36,38,payment,177.31
138,25,113,payment,343.34
12,9,3,debt,46.94
46,6,40,existence,95.91
87,48,39,existence,235.98
84,35,49,payment,208.11
4,1,3,debt,15.1
140,140,0,debt,438.35
133,41,92,existence,318.94
69,19,50,payment,141.88
79,59,20,debt,201.3
13,13,0,payment,58.03
121,109,12,payment,376.56
41,20,21,debt,109.64
40,28,12,payment,135.69
71,9,62,debt,111.19
27,12,15,payment,70.47
116,65,51,payment,341.03
141,42,99,payment,223.07
53,31,22,debt,165.39
139,3,136,debt,252.1
122,121,1,existence,231.01
91,68,23,existence,230.63
137,29,108,debt,235.42
4,3,1,debt,32.83
95,81,14,payment,343.16
124,111,13,payment,329.6
44,4,40,debt,118.39
38,20,18,debt,124.77
42,12,30,existence,104.03
8,5,3,existence,19.2
58,36,22,existence,118.75
91,50,41,debt,210.74
6,2,4,existence,11.92
99,22,77,existence,217.73
14,5,9,payment,34.14
53,12,41,existence,90.1
1,1,0,debt,24.6
105,74,31,payment,333.32
113,100,13,existence,269.36
68,1,67,debt,124.81
41,7,34,existence,98.82
33,11,22,payment,84.26
137,110,27,existence,328.43
35,31,4,debt,102.18
21,19,2,existence,67.58
146,74,72,existence,323.63
126,57,69,payment,229.53
25,13,12,debt,68.45
32,8,24,debt,109.12
21,14,7,existence,64.25
31,22,9,existence,76.68
153,145,8,existence,318.15
36,14,22,debt,83.2
15,5,10,existence,41.14
67,52,15,existence,147.69
91,37,54,existence,221.65
10,6,4,payment,45.49
100,5,95,existence,191.4
56,7,49,debt,164.67
51,14,37,existence,141.79
102,46,56,existence,250.33
25,16,9,payment,63.14
56,39,17,debt,198.06
82,57,25,debt,259.54
97,33,64,existence,198.64
16,11,5,existence,44.06
71,26,45,existence,139.2
7,2,5,debt,38.32
29,20,9,existence,89.22
46,29,17,debt,161.27
130,16,114,debt,315.97
19,19,0,debt,75.03
15,1,14,payment,27.99
69,23,46,payment,188.08
142,121,21,payment,427.04
61,45,16,debt,157.09
113,91,22,payment,350.4
68,45,23,debt,215.96
135,48,87,debt,392.63
63,19,44,debt,166.26
80,64,16,existence,171.7
129,68,61,existence,326.29
124,88,36,debt,315.23
33,26,7,debt,104.61
127,22,105,debt,222.21
67,27,40,payment,144.47
156,63,93,existence,234.43
41,25,16,existence,131.23
116,85,31,debt,273.48
151,80,71,payment,261.36
81,36,45,existence,131.29
41,36,5,debt,133.53
68,60,8,existence,220.73
7,6,1,payment,25.54
120,19,101,existence,228.45
67,59,8,existence,171.77
120,89,31,payment,295.65
131,105,26,existence,311.87
141,8,133,existence,305.81
141,90,51,payment,251.37
21,8,13,payment,48.35
62,23,39,existence,104.78
11,9,2,existence,28.3
101,23,78,payment,180.3
26,5,21,existence,54.67
58,8,50,existence,80.33
5,4,1,payment,24.7
36,19,17,debt,77.03
22,5,17,payment,49.43
11,5,6,debt,38.25
95,34,61,payment,254.05
103,46,57,payment,248.89
52,38,14,payment,164.57
133,18,115,debt,255.63
5,5,0,debt,40.21
126,125,1,payment,372.13
130,33,97,existence,287.69
61,25,36,debt,127.68
93,50,43,payment,303.87
70,69,1,debt,280.34
140,18,122,debt,277.35
149,122,27,payment,335.03
58,40,18,debt,136.99
19,3,16,debt,62.29
17,17,0,existence,54.68
51,17,34,payment,145.38
25,18,7,debt,75.5
128,57,71,existence,249.38
92,89,3,debt,334.02
73,7,66,debt,98.76
131,40,91,existence,382.23
119,63,56,existence,368.62
139,44,95,debt,342.38
126,74,52,payment,251.17
73,28,45,payment,164.63
95,19,76,existence,234.73
8,4,4,existence,22.62
125,109,16,debt,316.53
72,36,36,existence,144.39
141,44,97,payment,362.48
34,32,2,debt,127.24
23,13,10,payment,51.38
69,55,14,payment,229.04
47,14,33,existence,119.88
129,72,57,existence,304.5
63,17,46,existence,141.38
94,37,57,payment,221.93
8,7,1,payment,23.17
71,36,35,existence,141.17
97,69,28,payment,274.71
100,66,34,payment,301.73
135,86,49,payment,270.14
40,18,22,debt,133.38
94,35,59,existence,268.48
142,64,78,existence,217.36
50,17,33,debt,141.17
48,44,4,existence,177.11
122,103,19,existence,336.36
112,47,65,debt,185.79
95,78,17,debt,307.88
137,130,7,debt,393.34
36,22,14,payment,105.51
117,105,12,debt,366.17
111,72,39,payment,213.97
77,1,76,debt,117.1
14,2,12,payment,32.12
77,60,17,payment,237.53
27,20,7,debt,111.11
137,75,62,existence,292.8
34,19,15,debt,123.05
30,4,26,existence,41.81
37,1,36,payment,98.99
24,1,23,debt,71.37
14,4,10,debt,49.56
77,54,23,existence,188.89
59,10,49,debt,114.99
27,26,1,existence,102.84
101,22,79,debt,256.4
85,8,77,debt,186.27
19,9,10,existence,49.54
90,71,19,existence,257.21
44,9,35,payment,92.82
133,130,3,existence,405.99
10,2,8,payment,32.18
58,15,43,payment,104.74
148,141,7,debt,314.77
25,3,22,debt,54.5
105,91,14,existence,290.78
99,20,79,payment,183.35
140,8,132,existence,205.73
38,13,25,debt,88.14
145,34,111,payment,420.83
87,74,13,payment,305.87
2,1,1,existence,4.12
156,30,126,existence,331.78
129,71,58,payment,323.21
132,131,1,payment,463.19
37,36,1,existence,78.16
134,42,92,existence,329.28
142,41,101,debt,405.88
67,39,28,debt,158.01
103,102,1,payment,268.22
51,2,49,existence,114.69
73,54,19,payment,207.97
67,67,0,debt,269.64
115,83,32,existence,300.3
68,45,23,existence,147.94
108,83,25,payment,235.17
151,18,133,debt,398.21
112,104,8,payment,288.55
81,63,18,existence,250.51
128,62,66,debt,383
101,48,53,payment,226.32
20,7,13,existence,41.42
119,27,92,debt,226.96
153,132,21,payment,559.44
102,56,46,payment,338.84
24,13,11,existence,63.7
94,67,27,existence,175.64
117,7,110,debt,176.34
132,106,26,debt,274.64
102,11,91,existence,175.44
110,29,81,existence,222.62
5,4,1,payment,20.87
9,1,8,payment,25.75
130,91,39,payment,282.23
144,124,20,existence,509.94
17,16,1,debt,59.2
131,41,90,existence,228.29
1,1,0,existence,2.59
70,54,16,existence,193.71
83,12,71,payment,153.4
137,5,132,payment,334.66
52,40,12,existence,136.13
6,6,0,payment,27.1
62,62,0,existence,142.32
79,56,23,debt,219.38
41,16,25,payment,118.91
48,3,45,debt,127.6
89,47,42,payment,258.73
103,43,60,existence,186.11
42,19,23,payment,121.62
18,4,14,payment,54.43
8,8,0,debt,40.65
103,48,55,existence,266.82
120,102,18,payment,379.54
40,31,9,debt,101.5
17,3,14,payment,43.37
46,13,33,debt,103.56
86,68,18,debt,269.13
54,17,37,payment,141.44
123,8,115,existence,185.41
103,38,65,existence,251.27
41,28,13,debt,104.31
76,76,0,payment,205.99
70,70,0,payment,200.65
118,39,79,existence,230.41
40,16,24,payment,110.58
63,45,18,debt,123.97
137,7,130,existence,331.27
3,2,1,existence,8.82
13,13,0,payment,46.47
156,28,128,debt,420.93
71,64,7,payment,225.27
43,4,39,existence,62.29
5,5,0,debt,25.67
131,47,84,debt,373.07
108,97,11,payment,402
23,17,6,payment,58.81
26,18,8,debt,80.22
49,1,48,debt,77.75
22,2,20,existence,33.95
154,3,151,existence,255.32
120,49,71,payment,365.12
89,33,56,debt,254.95
76,56,20,debt,252.15
49,19,30,payment,97.46
55,51,4,existence,176.6
134,124,10,payment,336.82
15,13,2,payment,54.41
100,19,81,debt,277.64
143,122,21,payment,471.5
13,13,0,existence,45.69
130,112,18,existence,369.39
139,83,56,existence,288
148,47,101,debt,349.24
156,146,10,existence,345.78
67,55,12,debt,197.94
58,44,14,payment,188.83
12,11,1,debt,45.56
16,6,10,payment,64.11
39,19,20,debt,121.91
45,6,39,debt,85.01
39,25,14,payment,93.71
39,3,36,debt,81.86
72,71,1,existence,163.85
156,139,17,existence,542.88
114,15,99,existence,199.63
105,10,95,payment,191.9
89,60,29,payment,300.27
124,85,39,existence,328.81
145,19,126,debt,369.39
128,16,112,payment,198.33
83,47,36,payment,185.29
30,8,22,payment,76.71
11,7,4,existence,25.3
31,21,10,existence,86.12
13,11,2,existence,24.99
31,28,3,existence,75.71
52,32,20,existence,152.81
81,38,43,debt,240.96
107,57,50,existence,269.28
13,7,6,existence,28.78
15,12,3,debt,62.06
154,108,46,existence,476.65
128,76,52,debt,307.74
107,58,49,existence,308.18
78,70,8,payment,176.98
38,28,10,payment,85.24
29,4,25,existence,57.73
87,63,24,existence,200.81
99,31,68,existence,186.23
69,24,45,payment,201.02
70,37,33,payment,156.58
70,3,67,existence,140.56
59,3,56,payment,112.42
139,137,2,existence,531.35
136,127,9,debt,360.83
103,84,19,debt,285.56
115,36,79,existence,245.74
100,97,3,debt,333.67
136,49,87,existence,284.32
113,55,58,existence,319.54
31,2,29,existence,76.31
74,45,29,payment,160.34
115,6,109,existence,190.33
41,25,16,existence,79.2
101,50,51,existence,207.85
24,10,14,debt,81.26
136,70,66,existence,311.08
95,5,90,debt,218.91
95,41,54,existence,146.29
20,1,19,payment,41.3
35,25,10,payment,111.83
94,48,46,existence,202.53
93,77,16,payment,287.43
120,100,20,payment,360.57
18,9,9,payment,54.84
109,17,92,payment,240.88
12,5,7,payment,42.07
44,14,30,debt,81.36
72,65,7,debt,200.26
35,10,25,existence,92.88
86,46,40,existence,191.71
139,51,88,payment,285.88
78,17,61,payment,147.49
32,29,3,existence,92.21
31,30,1,debt,129.44
34,25,9,payment,88.85
154,77,77,payment,323.42
107,90,17,existence,247.39
86,3,83,payment,203.25
126,23,103,payment,195.86
43,1,42,payment,105.84
27,15,12,existence,79.05
66,8,58,debt,131.49
123,24,99,payment,184.85
36,7,29,debt,82.37
29,10,19,existence,78.67
4,4,0,existence,14.37
102,67,35,debt,193.6
34,27,7,payment,94.71
7,5,2,existence,12.95
146,5,141,payment,341.33
64,47,17,debt,213.55
35,4,31,debt,83.23
68,57,11,existence,236.67
82,46,36,payment,221.62
49,24,25,payment,103.33
76,14,62,existence,184.99
154,142,12,debt,327.58
54,36,18,payment,153.51
12,10,2,payment,52.76
141,50,91,debt,275.98
150,52,98,payment,442.92
59,18,41,payment,114.04
132,25,107,existence,253.71
48,23,25,existence,93.48
148,116,32,existence,450.04
39,29,10,debt,84.62
93,24,69,existence,240.16
114,37,77,existence,294.75
59,51,8,existence,175.56
56,7,49,existence,142.02
3,3,0,payment,23.9
68,42,26,payment,210.72
111,78,33,debt,294.22
152,140,12,existence,380.97
34,11,23,debt,66.04
36,21,15,payment,123.65
51,45,6,existence,129.53
124,80,44,debt,341.54
126,15,111,payment,328.14
72,3,69,payment,131.06
13,2,11,existence,25.5
71,43,28,debt,175.35
137,20,117,existence,267.58
54,39,15,debt,146
20,20,0,existence,56.21
107,84,23,existence,236.49
88,88,0,debt,247.2
115,27,88,payment,224.84
25,25,0,existence,75.21
5,5,0,existence,15.06
72,18,54,payment,128.23
114,19,95,debt,187.19
17,13,4,debt,53.7
15,5,10,existence,42.51
113,80,33,existence,264
47,9,38,payment,115.83
13,1,12,debt,48.75
146,17,129,debt,371.99
17,1,16,existence,20.97
46,11,35,debt,106.67
121,59,62,payment,270.85
104,19,85,existence,146.62
110,53,57,existence,253.12
58,12,46,debt,100.43
20,2,18,payment,51.94
143,76,67,debt,406.83
95,71,24,existence,268.67
134,52,82,payment,314.34
76,49,27,debt,172.68
129,90,39,existence,308.93
60,34,26,existence,134.03
155,74,81,payment,385.14
142,106,36,payment,383.64
113,34,79,existence,274.69
74,19,55,debt,144.31
99,87,12,debt,281.77
76,76,0,payment,212.99
10,4,6,debt,31.81
63,25,38,debt,174.12
113,28,85,payment,217.67
62,29,33,payment,117.8
104,67,37,existence,251.55
24,14,10,debt,76.61
76,24,52,payment,141.58
125,60,65,existence,269.47
153,75,78,payment,322.7
52,47,5,debt,165.53
75,18,57,existence,187.02
113,78,35,existence,321.32
80,31,49,debt,173.65
91,54,37,debt,224.69
122,107,15,existence,372.91
88,57,31,existence,197.83
20,13,7,payment,82.89
121,81,40,payment,285.62
149,71,78,debt,420.02
141,83,58,debt,408.56
137,59,78,payment,297.99
88,37,51,debt,218.97
93,85,8,payment,280.97
7,1,6,existence,12.85
63,4,59,payment,117.44
131,33,98,debt,381.52
134,49,85,debt,314.06
140,112,28,debt,291.05
139,118,21,debt,386.18
135,61,74,debt,377.25
107,56,51,debt,306.62
56,55,1,debt,150.52
10,6,4,payment,36.67
4,3,1,debt,27.66
80,43,37,debt,232.45
153,33,120,debt,414.96
129,28,101,payment,245.26
24,1,23,payment,51.17
113,50,63,existence,291.59
60,49,11,debt,160.9
85,11,74,debt,224.41
83,42,41,debt,257.52
1,1,0,debt,23.28
42,10,32,payment,106.53
138,23,115,existence,254.78
135,38,97,payment,248.25
67,46,21,payment,186.68
76,10,66,debt,157.73
10,1,9,existence,13.67
85,71,14,existence,193.66
90,5,85,existence,115.46
145,6,139,existence,171.22
124,40,84,existence,322.38
61,34,27,existence,179.77
85,76,9,existence,283.37
67,29,38,debt,165.77
22,5,17,payment,66.28
91,2,89,debt,125.23
112,25,87,debt,320.66
59,40,19,payment,191.13
45,45,0,payment,152.76
4,4,0,payment,29.8
47,28,19,payment,151.82
123,111,12,debt,375.09
9,4,5,payment,40.4
10,9,1,debt,47
52,14,38,debt,134.79
71,68,3,payment,269.16
71,35,36,debt,223.25
110,103,7,existence,290.03
25,19,6,debt,85.62
107,104,3,existence,238.92
113,102,11,existence,277.42
87,5,82,debt,195.63
76,44,32,existence,191.54
58,14,44,payment,107.49
74,42,32,debt,194.27
152,124,28,debt,429.02
106,35,71,existence,238.7
39,30,9,debt,90.83
57,54,3,existence,156.83
19,1,18,payment,57.7
156,30,126,payment,421.81
14,9,5,debt,49.26
90,75,15,existence,222.85
81,49,32,existence,253.52
88,11,77,debt,193.66
128,59,69,debt,347.1
128,24,104,debt,259.15
38,9,29,debt,69.92
21,21,0,existence,55.39
30,12,18,debt,65.21
42,7,35,payment,74.42
128,95,33,debt,378.51
132,83,49,payment,350.49
87,46,41,payment,253.51
137,41,96,debt,401.55
97,45,52,existence,247
93,84,9,debt,247.23
3,3,0,existence,8.72
133,25,108,payment,259.2
45,25,20,payment,141.67
85,62,23,existence,229.23
45,27,18,payment,133.16
71,41,30,debt,231.67
16,14,2,existence,50.9
30,24,6,existence,69.76
44,14,30,debt,115.72
124,69,55,debt,288.01
1,1,0,existence,2.54
122,103,19,existence,267.32
40,32,8,existence,137.36
49,32,17,payment,97.57
49,7,42,payment,109.27
64,53,11,existence,135.96
17,1,16,existence,42.52
15,11,4,existence,29.5
148,96,52,existence,333.63
93,17,76,debt,160.15
147,124,23,payment,513.7
58,4,54,existence,122.78
130,76,54,existence,302.26
72,2,70,debt,159.42
134,132,2,debt,382.8
123,83,40,payment,288.26
57,36,21,existence,120.63
67,39,28,existence,159.49
32,13,19,debt,99.69
76,40,36,payment,170.47
81,20,61,existence,120.17
54,11,43,existence,144.11
11,1,10,payment,26.18
154,90,64,debt,336.54
44,4,40,payment,99.88
129,38,91,existence,231.68
119,65,54,debt,254.99
71,68,3,payment,161.29
126,42,84,payment,266.8
146,4,142,debt,265.58
77,34,43,existence,139.94
26,4,22,existence,37.17
18,6,12,existence,35.76
108,21,87,payment,163.89
139,84,55,existence,408.53
27,7,20,payment,48.36
37,15,22,payment,95.76
11,5,6,debt,39.53
1,1,0,payment,15.73
53,25,28,debt,174.62
10,4,6,debt,32.38
68,54,14,existence,153.16
13,9,4,existence,38.69
22,17,5,payment,83.25
113,93,20,debt,340.29
101,2,99,payment,162.52
113,18,95,existence,252.53
128,87,41,existence,337.05
103,7,96,debt,256.99
97,94,3,debt,326.73
30,23,7,payment,84.7
120,4,116,payment,243.76
126,117,9,existence,352.36
142,63,79,debt,400.16
123,93,30,payment,311.22
36,33,3,debt,104.22
154,85,69,payment,331.39
44,39,5,payment,156.65
155,133,22,debt,463.19
68,14,54,payment,188.53
109,30,79,debt,305.29
13,5,8,debt,49.75
114,61,53,payment,218.47
57,5,52,existence,86.94
48,5,43,debt,131.22
145,126,19,debt,352.06
46,34,12,existence,158.86
61,54,7,payment,198.19
123,19,104,debt,223.08
121,52,69,payment,349.24
7,7,0,existence,17.08
18,12,6,debt,70
149,95,54,debt,430.06
63,46,17,payment,178.35
123,96,27,payment,328.17
131,75,56,existence,398.21
16,16,0,existence,52.01
117,47,70,debt,319.34
5,5,0,existence,14.36
74,74,0,debt,253.45
79,33,46,debt,245.14
118,91,27,payment,337.62
64,57,7,payment,193.42
20,19,1,debt,83.57
118,94,24,existence,348.91
60,23,37,payment,180.87
45,10,35,payment,127.22
118,52,66,payment,296.37
113,102,11,payment,279.29
117,35,82,payment,211.65
46,7,39,existence,71.69
78,60,18,debt,215.28
125,36,89,debt,307.82
14,5,9,existence,23.28
146,60,86,existence,416.83
143,125,18,payment,467.27
148,78,70,debt,411.18
63,43,20,payment,208.77
81,24,57,existence,231.79
51,51,0,debt,205.78
127,16,111,existence,261.43
61,33,28,debt,146.89
74,50,24,debt,250.11
122,112,10,payment,319.14
154,107,47,debt,396.1
128,7,121,payment,274.45
32,9,23,payment,75.21
116,17,99,debt,321.36
29,8,21,debt,103.13
4,1,3,payment,19.23
45,25,20,existence,135.39
136,82,54,payment,294.6
89,75,14,debt,231.9
154,7,147,payment,316.44
34,2,32,debt,75.42
96,35,61,existence,215.89
129,50,79,existence,267.81
94,63,31,payment,194.33
2,2,0,debt,15.58
118,16,102,existence,292.09
146,85,61,payment,281.92
137,110,27,payment,483.42
138,90,48,existence,378.31
87,7,80,existence,162.27
105,26,79,debt,278.88
89,18,71,debt,235.48
23,12,11,debt,65.5
16,2,14,existence,38.05
116,5,111,debt,195.41
61,28,33,payment,124.02
76,68,8,debt,307.64
99,91,8,debt,256.51
115,103,12,debt,296.88
62,7,55,debt,112.36
34,5,29,debt,99.06
99,14,85,payment,202.51
50,49,1,payment,128.78
131,60,71,existence,223.11
92,5,87,debt,192.61
89,9,80,debt,225.23
80,19,61,existence,212.35
144,108,36,debt,414.96
98,49,49,debt,244.52
100,44,56,payment,193.56
52,30,22,debt,153.47
92,87,5,debt,336.38
33,11,22,debt,78.84
57,15,42,existence,86.67
123,89,34,existence,409.09
15,2,13,existence,35.48
22,5,17,payment,63.69
45,30,15,payment,135.46
107,55,52,debt,255.62
46,3,43,payment,132.75
107,84,23,existence,291.9
143,141,2,payment,505.66
83,81,2,debt,331.46
137,121,16,existence,328.08
147,59,88,debt,340.88
121,9,112,debt,227.94
90,79,11,existence,307.09
75,18,57,payment,183.94
62,62,0,payment,197.58
146,114,32,existence,318.21
157,148,9,payment,512.58
95,78,17,debt,329.35
97,29,68,payment,183.06
67,44,23,debt,169.09
118,107,11,debt,376.76
38,15,23,existence,85.17
32,28,4,debt,128.89
53,41,12,debt,147.76
2,1,1,existence,5.93
70,23,47,payment,154.7
41,13,28,payment,93.09
121,16,105,payment,222.59
55,41,14,payment,142.45
154,57,97,debt,328.11
20,15,5,payment,67.29
91,3,88,debt,217.34
81,27,54,payment,210.36
104,61,43,existence,308.45
10,2,8,debt,38.51
75,62,13,existence,216.28
8,8,0,existence,26.05
157,39,118,debt,265.85
101,23,78,debt,179.89
138,1,137,payment,352.29
127,75,52,existence,320.04
33,31,2,existence,72.25
131,106,25,debt,333.65
63,7,56,existence,147.58
24,17,7,payment,61.94
65,18,47,debt,189.72
85,11,74,payment,169.54
107,42,65,existence,288.94
117,7,110,payment,257.37
67,48,19,payment,139.77
116,51,65,debt,323.38
95,55,40,payment,288.54
87,16,71,debt,167.1
139,95,44,debt,299.3
20,2,18,payment,45.3
138,60,78,debt,372.36
104,5,99,debt,184.33
48,20,28,payment,88.35
153,67,86,payment,467.92
119,2,117,payment,173
110,96,14,existence,263
75,30,45,debt,139.93
69,66,3,existence,165.11
145,114,31,payment,361.26
136,101,35,debt,428.63
5,5,0,existence,13.87
126,27,99,payment,291.32
117,82,35,existence,289.39
55,23,32,payment,105.77
143,84,59,existence,292.61
121,82,39,payment,355.37
55,53,2,debt,178.93
19,16,3,debt,80.53
78,19,59,existence,131.16
154,50,104,debt,264.32
128,9,119,debt,247.39
125,125,0,existence,284.36
57,48,9,debt,172.58
133,69,64,existence,322.05
100,2,98,debt,163.85
32,17,15,existence,84.52
65,34,31,existence,179.43
20,17,3,existence,50.15
119,2,117,debt,294.42
33,1,32,debt,96.9
40,12,28,payment,86.87
37,4,33,debt,92.54
144,128,16,existence,375.65
132,78,54,payment,404.25
11,8,3,debt,67.48
50,18,32,payment,144.81
83,30,53,existence,181.24
70,52,18,existence,132.31
8,5,3,existence,25.17
22,20,2,debt,78.57
76,65,11,debt,171.16
84,46,38,debt,225.94
20,12,8,payment,51.08
64,32,32,payment,145.54
75,45,30,debt,208.57
157,157,0,existence,399.67
103,96,7,debt,341.92
25,2,23,debt,79.7
155,124,31,payment,474.22
84,71,13,payment,263.35
124,59,65,payment,228.38
101,75,26,payment,268.26
132,18,114,existence,340.71
90,35,55,existence,201.34
4,1,3,payment,28.52
79,13,66,payment,138.86
64,24,40,existence,173.44
38,22,16,payment,113.44
98,68,30,debt,353.41
37,35,2,existence,87
139,14,125,existence,351.16
121,87,34,debt,293.76
72,54,18,payment,203.33
91,65,26,debt,236.3
152,101,51,payment,386.81
131,73,58,payment,405.85
44,36,8,debt,143.28
128,35,93,payment,322.04
111,6,105,existence,166.06
88,9,79,payment,226.57
21,11,10,debt,81.78
17,14,3,existence,41.12
24,23,1,payment,94.65
25,11,14,payment,65.38
61,6,55,existence,88.89
29,3,26,debt,66.54
103,17,86,payment,268.66
143,91,52,debt,330.69
51,10,41,existence,90.58
99,49,50,existence,168.13
70,46,24,debt,228.48
8,3,5,debt,32.47
63,7,56,debt,155.7
76,45,31,debt,162.23
42,20,22,existence,74.69
83,70,13,debt,250
19,9,10,debt,73.59
144,56,88,debt,313.47
35,12,23,existence,64.38
53,31,22,existence,118.87
146,17,129,debt,395.18
35,25,10,payment,119.4
54,7,47,payment,144.68
37,28,9,payment,108.36
24,3,21,payment,50.59
119,102,17,existence,414.97
23,15,8,debt,88.49
142,133,9,debt,423.15
89,4,85,existence,139.58
144,20,124,existence,293.9
53,45,8,existence,105.76
53,14,39,payment,151.11
144,60,84,payment,432.58
27,12,15,debt,87.08
130,51,79,existence,311.68
53,33,20,payment,123.92
22,12,10,debt,65.64
85,74,11,debt,260.02
4,3,1,debt,25.6
110,16,94,existence,181.82
40,19,21,debt,124.58
31,4,27,payment,66.04
82,73,9,existence,229.85
89,40,49,debt,169.34
2,2,0,existence,5.53
103,18,85,debt,220.61
130,31,99,existence,329.27
103,62,41,debt,225.56
73,30,43,debt,181.57
44,12,32,debt,102.63
73,30,43,payment,205.82
11,3,8,existence,17.28
146,53,93,existence,307.43
34,3,31,payment,62.09
42,21,21,existence,83.26
108,108,0,payment,309.89
98,38,60,payment,246.04
1,1,0,debt,26.4
91,6,85,existence,223.97
103,72,31,existence,198.15
98,73,25,debt,241.94
96,39,57,debt,200.85
27,18,9,existence,88.13
84,33,51,payment,265.6
70,59,11,payment,202.77
85,79,6,debt,306.88
96,7,89,existence,225.18
10,2,8,debt,31.5
49,27,22,existence,149.51
113,76,37,payment,287.74
35,14,21,payment,109.99
87,78,9,payment,238.93
35,30,5,debt,131.83
83,3,80,debt,204.23
100,40,60,debt,192.09
123,22,101,debt,221.73
127,1,126,existence,164.38
132,18,114,payment,288.79
94,66,28,debt,302.68
123,64,59,payment,377.88
152,145,7,debt,516.43
137,38,99,debt,360.99
145,134,11,existence,393.08
79,59,20,payment,195.56
15,2,13,debt,48.68
62,30,32,payment,115.95
98,72,26,existence,280.23
71,23,48,debt,144.3
65,6,59,debt,167.99
87,30,57,debt,207.44
28,12,16,debt,79.68
96,80,16,debt,241.76
53,33,20,debt,115.61
15,8,7,payment,41.97
2,2,0,debt,22.66
10,4,6,existence,28.72
142,95,47,payment,348.21
137,35,102,existence,222.46
113,60,53,existence,210.39
71,12,59,debt,137.67
4,3,1,payment,25.94
110,22,88,existence,234.45
60,33,27,payment,148.09
62,56,6,existence,195.7
58,50,8,debt,178.19
145,72,73,existence,342.52
21,17,4,existence,64.44
51,3,48,payment,124.8
45,26,19,existence,82.72
36,26,10,existence,82.58
19,9,10,debt,54.08
149,59,90,payment,351.45
156,117,39,existence,357.62
111,9,102,debt,246.54
69,8,61,payment,115.31
152,113,39,payment,539.63
120,107,13,payment,395.19
19,11,8,existence,35.93
68,7,61,debt,161.2
74,36,38,debt,181.2
39,19,20,debt,100.86
33,15,18,existence,87.1
103,38,65,payment,253.5
65,17,48,debt,111.86
142,44,98,existence,242.32
80,20,60,debt,183.84
89,89,0,payment,245.7
54,54,0,existence,130.32
124,67,57,debt,268.11
106,75,31,existence,271.25
66,31,35,existence,114.74
102,14,88,debt,221.94
110,51,59,debt,290.37
16,7,9,payment,58.56
128,13,115,debt,263.39
24,8,16,debt,77.01
116,46,70,debt,303.15
53,34,19,debt,133.57
133,34,99,debt,220.67
154,8,146,existence,377.4
38,21,17,existence,95.89
3,2,1,debt,26.51
105,42,63,payment,277.58
99,19,80,debt,198.35
138,106,32,payment,300.44
34,25,9,debt,127.68
75,47,28,payment,188.45
26,9,17,payment,50.05
138,47,91,existence,267.73
37,29,8,debt,117.45
111,106,5,payment,339.56
64,17,47,payment,99.08
124,29,95,existence,297.96
110,63,47,existence,228.26
113,79,34,payment,297
150,37,113,existence,341.48
157,44,113,existence,439.98
58,55,3,debt,232.48
9,9,0,existence,21.89
71,17,54,existence,193.12
140,130,10,debt,432.89
91,37,54,debt,258.77
33,20,13,payment,67.95
106,57,49,payment,270.85
154,117,37,debt,549.86
96,81,15,payment,306.35
49,9,40,payment,117.73
100,42,58,payment,225.12
11,2,9,debt,40.33
30,2,28,existence,50.82
126,37,89,debt,361.64
39,22,17,debt,132.55
25,24,1,payment,105.32
24,5,19,existence,39.93
90,55,35,debt,255.84
91,12,79,existence,207.5
47,29,18,payment,142.47
15,8,7,existence,38.92
54,47,7,payment,127.03
28,14,14,payment,88.54
126,88,38,debt,306.98
149,128,21,existence,455.32
70,56,14,debt,189.76
134,109,25,payment,299.09
106,67,39,payment,284.3
127,7,120,existence,201
139,48,91,existence,302.2
100,29,71,debt,226.35
75,19,56,existence,141.1
131,32,99,existence,193.3
38,15,23,debt,80.3
114,36,78,debt,283.36
152,126,26,debt,361.41
103,34,69,payment,295.57
81,50,31,payment,193.66
151,99,52,debt,396.33
30,28,2,payment,85.5
1,1,0,existence,3.74
65,14,51,debt,179.23
148,148,0,debt,413.27
42,24,18,payment,93.61
86,52,34,payment,265.89
125,71,54,payment,228.4
33,5,28,existence,72.52
106,35,71,payment,225.64
86,12,74,existence,192.69
87,86,1,debt,233.18
52,4,48,debt,145.76
27,8,19,existence,65.47
153,81,72,existence,300.94
120,10,110,debt,308.91
140,88,52,existence,267.83
151,147,4,debt,446.74
116,75,41,debt,277.87
115,106,9,debt,254.53
157,1,156,debt,211.45
43,18,25,payment,97.37
62,41,21,payment,158.83
80,42,38,existence,189.18
108,84,24,debt,287.18
56,24,32,existence,161.65
101,35,66,existence,173.53
104,54,50,debt,287.74
95,13,82,existence,231.54
1,1,0,payment,12.84
11,3,8,existence,28.67
34,17,17,existence,67.12
98,31,67,payment,182.66
113,34,79,payment,192.23
105,93,12,debt,226.93
32,5,27,payment,54.36
23,10,13,debt,72.51
52,38,14,payment,144.78
45,22,23,existence,76
53,29,24,existence,155.27
52,24,28,debt,175.71
80,79,1,debt,259.6
98,75,23,debt,346.96
16,1,15,payment,42.76
87,24,63,payment,210.98
44,44,0,existence,104.23
83,68,15,debt,249.91
151,17,134,payment,363.75
91,75,16,existence,183.79
17,6,11,debt,61.11
154,96,58,existence,450.2
150,59,91,existence,434.32
84,81,3,payment,325.55
73,60,13,existence,146.85
107,10,97,payment,287.42
65,28,37,debt,155.84
49,36,13,existence,128.44
114,24,90,payment,178.09
4,1,3,payment,21.89
33,29,4,payment,111.33
109,64,45,existence,215.63
151,104,47,existence,508.23
27,3,24,debt,83.82
131,61,70,payment,306.15
139,51,88,debt,284.38
78,47,31,payment,224.99
55,25,30,payment,163.38
95,68,27,existence,197.31
42,39,3,payment,109.19
63,2,61,payment,120.76
150,47,103,payment,302.09
34,6,28,debt,96.86
60,25,35,payment,134.44
145,22,123,existence,191.31
47,14,33,debt,101.43
137,130,7,debt,329.15
29,12,17,payment,75.22
92,66,26,debt,326.66
154,102,52,existence,397.46
43,41,2,existence,95.94
3,2,1,debt,18.18
17,15,2,payment,61.69
132,74,58,payment,230.23
105,45,60,debt,205.88
141,31,110,payment,250.47
73,46,27,payment,170.78
39,24,15,debt,144.69
83,82,1,payment,305.55
9,4,5,payment,34.59
73,68,5,existence,262.12
97,69,28,existence,205.05
12,1,11,debt,26.02
112,27,85,payment,169.28
148,95,53,debt,352.54
142,99,43,debt,393.24
46,28,18,existence,141.14
131,127,4,payment,387.33
109,44,65,existence,203.86
128,20,108,debt,315.86
17,14,3,debt,80.86
82,53,29,existence,158.04
12,2,10,payment,44.13
20,6,14,debt,63.35
93,50,43,debt,242.49
43,9,34,payment,116.46
104,38,66,payment,238.58
20,2,18,existence,48.87
78,28,50,existence,141
117,80,37,existence,280.93
33,10,23,debt,96.82
123,72,51,payment,400.45
40,40,0,debt,170.02
101,36,65,existence,261.95
105,10,95,existence,157.17
7,7,0,payment,33.05
129,46,83,debt,213.66
141,29,112,debt,352.5
47,33,14,existence,130.53
49,1,48,existence,85.63
136,34,102,existence,203.12
45,2,43,debt,105.29
106,90,16,payment,308.86
59,50,9,existence,183.84
114,87,27,debt,334.87
98,67,31,debt,284.12
103,15,88,existence,256.39
151,80,71,debt,433.83
110,1,109,existence,210.95
139,17,122,debt,255.29
129,83,46,debt,285.98
32,27,5,payment,95.06
91,27,64,payment,223.48
139,11,128,payment,271.84
17,5,12,existence,28.03
134,21,113,payment,215.47
31,22,9,existence,69.3
113,56,57,payment,268.14
37,4,33,payment,108.24
43,15,28,payment,128.27
49,7,42,existence,103.28
93,17,76,payment,211.88
124,72,52,payment,238.85
116,113,3,debt,326.63
93,16,77,debt,157.57
117,5,112,debt,283.01
80,63,17,existence,218.11
95,40,55,payment,192.02
104,102,2,debt,271
91,48,43,existence,255.83
16,1,15,payment,51.26
127,49,78,existence,273.75
19,16,3,debt,63.03
64,61,3,existence,152.48
151,126,25,debt,417.56
144,120,24,payment,312.01
97,48,49,payment,176.22
100,83,17,debt,303.89
90,79,11,payment,328.62
98,72,26,existence,329.53
87,9,78,debt,170.7
124,76,48,existence,270.4
78,44,34,debt,169.08
27,16,11,debt,78.97
41,3,38,payment,59.46
66,18,48,payment,159.11
47,16,31,existence,85.54
128,72,56,debt,314.72
58,58,0,debt,132.45
67,8,59,payment,96.88
3,1,2,existence,8.69
1,1,0,existence,2.83
87,55,32,payment,253.3
92,40,52,existence,243.63
40,25,15,existence,106.51
31,18,13,existence,54.03
96,8,88,existence,218.66
120,37,83,payment,189.62
49,30,19,debt,177.19
37,35,2,existence,129.62
153,120,33,existence,375.64
66,24,42,debt,130.59
75,40,35,payment,207.01
106,26,80,debt,174.06
63,55,8,payment,150.38
18,5,13,debt,65.13
18,2,16,debt,47.69
143,79,64,existence,294.72
90,42,48,existence,176.9
151,119,32,existence,309.89
50,28,22,debt,175.04
44,31,13,debt,161.58
37,20,17,payment,82.53
39,37,2,debt,121.21
10,6,4,existence,21.07
34,7,27,existence,58.92
2,1,1,payment,21.3
136,2,134,payment,273.93
37,6,31,debt,102.32
128,128,0,debt,381.34
46,35,11,payment,131.26
146,75,71,debt,409.13
9,7,2,debt,44.12
19,15,4,existence,62.7
46,29,17,payment,160.04
96,67,29,payment,317.42
8,2,6,existence,17.8
82,53,29,existence,188.61
156,69,87,debt,359.3
16,12,4,payment,50.28
42,14,28,payment,89.32
83,28,55,payment,147.55
96,36,60,existence,262.66
146,51,95,payment,277.02
15,12,3,debt,60.01
148,147,1,debt,307.1
125,41,84,payment,310.9
139,54,85,payment,381.29
106,17,89,existence,209.61
39,39,0,existence,146.34
68,15,53,existence,121.97
51,5,46,existence,85.77
111,88,23,existence,305.59
146,59,87,existence,417.93
143,8,135,debt,376.82
137,75,62,debt,341.33
56,14,42,payment,127.82
56,29,27,payment,129.95
154,100,54,existence,473.83
100,64,36,existence,311.71
56,14,42,payment,160.02
136,95,41,payment,334.8
12,8,4,existence,26.78
6,4,2,payment,25.51
128,27,101,payment,320.27
110,41,69,existence,297.12
124,33,91,payment,209.34
59,54,5,debt,227.47
99,14,85,debt,264.84
134,22,112,existence,202.79
15,10,5,existence,31.1
23,4,19,existence,56.73
112,39,73,payment,307.9
119,106,13,existence,366.59
7,7,0,debt,49.04
51,42,9,existence,159.66
71,66,5,existence,207.6
141,64,77,existence,255.23
52,44,8,debt,156.24
71,64,7,debt,175.62
64,14,50,payment,155.8
28,16,12,debt,78.52
67,20,47,debt,155.65
123,19,104,debt,242.48
80,63,17,debt,169.52
115,90,25,existence,278.18
98,98,0,debt,223.46
77,4,73,existence,122.49
19,19,0,payment,59.02
18,16,2,debt,73.75
123,123,0,existence,364.55
82,21,61,payment,218.02
99,63,36,existence,222.11
69,66,3,payment,213.89
39,21,18,existence,93.01
55,31,24,existence,141.26
120,91,29,existence,355.27
62,10,52,payment,166.12
64,15,49,existence,134.76
30,17,13,existence,80.78
22,8,14,existence,51.77
118,12,106,payment,184.4
74,42,32,existence,194.79
139,1,138,debt,256.51
4,2,2,payment,26.08
139,135,4,existence,464.89
14,10,4,payment,39.1
108,73,35,debt,349.51
125,49,76,existence,284.44
39,9,30,debt,85.18
54,49,5,existence,133.58
155,63,92,debt,291
3,1,2,debt,25.2
81,3,78,payment,140.44
118,117,1,existence,415.43
67,17,50,payment,181.43
61,11,50,existence,110.84
100,27,73,existence,195.62
2,2,0,payment,24.74
42,10,32,debt,108.42
117,84,33,debt,416.17
82,12,70,payment,227.3
117,5,112,payment,216.28
93,51,42,debt,197.44
88,39,49,payment,239.02
128,78,50,debt,440.83
148,128,20,debt,504.99
149,36,113,payment,366.54
69,29,40,existence,167.88
147,140,7,existence,415.62
88,81,7,debt,259.58
46,39,7,existence,128.46
42,8,34,payment,80.99
4,3,1,existence,12.06
111,75,36,payment,293.22
84,5,79,payment,161.96
8,2,6,payment,36.47
140,17,123,debt,245.89
116,100,16,payment,346.75
130,109,21,existence,318.66
7,4,3,existence,20.8
34,33,1,debt,101.58
32,27,5,existence,87.8
121,115,6,existence,342.32
66,57,9,debt,133.24
62,56,6,payment,193.89
57,17,40,debt,104.84
141,126,15,payment,355.57
109,30,79,debt,294.55
94,42,52,debt,300.78
99,18,81,payment,162.71
105,49,56,debt,216.11
126,104,22,payment,277.69
72,16,56,existence,115.94
11,1,10,payment,32.92
43,25,18,debt,116.35
121,40,81,existence,259.09
131,47,84,payment,348.44
18,18,0,payment,58.54
75,69,6,existence,235.51
111,104,7,payment,325.21
150,141,9,payment,499.84
58,55,3,payment,190.93
139,43,96,existence,403.43
134,106,28,payment,352.47
59,42,17,debt,140.25
67,61,6,debt,228.25
107,86,21,payment,356.94
150,132,18,existence,451.79
100,8,92,debt,206.19
144,130,14,existence,512.95
63,53,10,payment,206.08
117,15,102,debt,334.17
87,58,29,existence,257.74
52,5,47,debt,115.21
152,120,32,existence,408.76
139,90,49,payment,290.81
99,96,3,payment,299.91
156,39,117,payment,439.9
151,149,2,debt,436.82
118,105,13,payment,383.52
146,118,28,payment,473.98
156,26,130,existence,321.13
65,61,4,existence,175.96
126,47,79,payment,362.69
80,46,34,debt,271.75
100,75,25,payment,200.65
30,27,3,debt,97.84
92,47,45,existence,227.04
96,65,31,debt,289.97
19,2,17,payment,35.65
34,25,9,debt,105.73
57,23,34,payment,145.93
137,137,0,existence,377.92
154,3,151,existence,292.82
67,37,30,payment,191.42
47,1,46,payment,103.17
154,20,134,debt,258.7
34,22,12,existence,110.45
148,128,20,payment,360.92
133,18,115,payment,258.33
19,6,13,existence,46.21
122,64,58,debt,360.28
43,19,24,existence,115.64
8,3,5,debt,23.99
9,5,4,existence,27.08
94,85,9,debt,291.44
69,57,12,payment,210.85
149,114,35,existence,372.14
29,24,5,payment,84.78
28,4,24,existence,48.13
133,63,70,debt,322.02
52,29,23,payment,157.97
42,5,37,debt,88.22
16,15,1,existence,45.58
17,3,14,existence,42.07
82,56,26,payment,209.59
23,15,8,existence,51.57
152,148,4,existence,444.99
141,124,17,payment,367.03
41,6,35,payment,97.38
115,96,19,payment,341.69
59,16,43,existence,86.06
142,60,82,debt,430.74
98,17,81,debt,179.33
109,21,88,debt,206.45
122,21,101,debt,316.99
138,71,67,debt,314.55
67,6,61,existence,123.64
98,9,89,existence,247.58
59,26,33,debt,167.01
66,13,53,debt,117.76
73,71,2,debt,218.59
154,104,50,existence,345.22
11,7,4,existence,24.52
81,17,64,payment,141.94
26,21,5,debt,67.78
137,82,55,payment,350.6
4,4,0,existence,14.11
144,131,13,existence,501.25
42,11,31,payment,113.06
110,69,41,existence,210.05
75,59,16,payment,186.71
73,55,18,payment,226
57,9,48,payment,139.53
157,123,34,existence,367.65
119,108,11,existence,259.43
73,65,8,existence,193.58
50,23,27,payment,97.66
67,58,9,payment,186.19
86,54,32,payment,241.14
102,5,97,existence,234.32
83,39,44,debt,212.02
156,156,0,existence,449.93
8,7,1,existence,18.54
86,17,69,payment,157.12
82,24,58,existence,122.95
39,10,29,payment,98.24
13,1,12,existence,32.83
150,89,61,payment,398.74
129,91,38,debt,278.94
13,11,2,debt,45.62
106,75,31,payment,328.45
32,27,5,payment,117.31
53,3,50,existence,124.99
94,20,74,payment,185.8
149,88,61,existence,451.14
12,3,9,debt,36.38
97,74,23,existence,190.23
58,34,24,existence,161.93
78,39,39,payment,204.5
43,40,3,payment,117.86
155,89,66,payment,381.25
13,4,9,debt,48.81
17,1,16,debt,46.61
78,10,68,debt,135.36
7,5,2,payment,39.31
15,7,8,existence,32.41
49,8,41,payment,104.74
29,25,4,payment,78.59
135,25,110,debt,313.57
118,42,76,debt,351.21
55,44,11,payment,120.48
42,24,18,existence,94.25
89,88,1,existence,232.84
125,111,14,payment,408.68
89,17,72,debt,164.24
71,43,28,payment,179.97
44,14,30,debt,99.6
146,56,90,existence,420.9
143,13,130,existence,345.35
113,2,111,existence,271.12
8,7,1,existence,21.71
140,103,37,debt,449.1
77,13,64,debt,127.28
37,26,11,existence,125.64
36,32,4,payment,150.6
17,9,8,existence,42.29
82,45,37,payment,191.3
67,17,50,payment,183.79
135,94,41,payment,448.26
75,17,58,existence,124.55
47,26,21,existence,89.72
103,31,72,existence,293.09
41,3,38,existence,53.05
100,90,10,debt,238.46
88,80,8,debt,264.4
47,36,11,existence,125.95
65,5,60,existence,142.58
124,50,74,debt,227.91
69,37,32,existence,123.35
107,63,44,debt,295.52
16,15,1,debt,60.12
75,62,13,existence,160.77
110,3,107,payment,278.24
30,27,3,existence,73.18
17,4,13,payment,32.43
62,5,57,debt,167.72
105,23,82,existence,264.13
20,5,15,existence,29.9
115,74,41,existence,286.07
102,16,86,debt,198.89
32,20,12,existence,103.72
116,116,0,payment,252.11
73,54,19,existence,213.6
8,6,2,existence,19.15
100,92,8,existence,217.38
41,9,32,existence,90.99
71,51,20,payment,247.82
37,16,21,existence,101.84
140,73,67,payment,367.08
151,37,114,debt,382.8
24,15,9,existence,75.4
79,36,43,existence,177.51
76,43,33,debt,177.09
56,9,47,existence,131.04
126,39,87,payment,330.94
90,83,7,existence,327.15
67,22,45,payment,136.43
34,4,30,debt,60.49
50,41,9,debt,140.93
96,71,25,existence,288.53
73,8,65,existence,186.99
93,61,32,existence,198.72
100,7,93,debt,280.18
115,84,31,existence,305.64
151,87,64,debt,452.42
51,35,16,existence,125.97
146,132,14,payment,496.28
17,2,15,debt,62.68
53,29,24,existence,139.87
95,35,60,existence,166.49
29,28,1,debt,122.25
111,96,15,existence,347.23
110,92,18,payment,313.48
54,20,34,payment,111.18
2,2,0,existence,6.1
102,50,52,debt,192
82,29,53,debt,227.26
140,118,22,payment,341.15
12,10,2,debt,61.29
115,16,99,debt,226.98
52,43,9,debt,175.12
46,38,8,existence,147.18
90,72,18,existence,280.43
7,6,1,payment,29.7
89,16,73,payment,224.6
11,7,4,payment,49.82
87,13,74,existence,124.21
130,52,78,payment,353.22
87,40,47,debt,248.73
24,17,7,payment,69.99
155,67,88,existence,340.67
33,21,12,existence,81.86
99,16,83,payment,202.84
15,14,1,debt,52.24
147,143,4,payment,361.2
66,28,38,payment,203.78
58,50,8,debt,143.46
138,89,49,payment,351.63
84,82,2,debt,232.54
64,47,17,existence,125.49
34,18,16,existence,99.56
153,24,129,existence,223.37
83,63,20,existence,213
108,29,79,payment,258.97
142,1,141,debt,195.47
110,59,51,existence,251.48
23,5,18,payment,72.49
18,7,11,debt,58.94
64,27,37,existence,147.08
40,25,15,debt,95.27
143,58,85,payment,295.33
130,110,20,debt,476.84
76,19,57,debt,166.13
47,45,2,payment,141.68
55,17,38,payment,147.43
72,49,23,payment,235.98
154,125,29,existence,437.98
71,38,33,debt,208.07
57,11,46,existence,136.03
102,64,38,existence,302.64
100,67,33,payment,231.8
127,31,96,payment,244.11
8,4,4,payment,37.06
153,20,133,debt,405.11
75,27,48,existence,168.45
30,16,14,existence,61.84
112,71,41,payment,342.4
97,22,75,existence,137.28
20,6,14,existence,38.41
126,11,115,payment,317.29
123,118,5,debt,336.33
142,116,26,existence,420.68
102,102,0,existence,318.18
123,113,10,payment,388.28
128,22,106,payment,195.32
11,9,2,debt,51.57
62,11,51,payment,122.82
40,26,14,existence,92.81
12,4,8,existence,29.49
88,69,19,existence,273.07
62,29,33,existence,116.11
61,55,6,existence,179.23
26,5,21,debt,76.63
81,9,72,existence,152.24
95,43,52,debt,285.84
78,70,8,existence,210.95
59,7,52,existence,109.33
27,15,12,debt,100.24
15,7,8,existence,26.17
120,71,49,existence,261.97
137,80,57,payment,265.53
102,88,14,debt,268.37
115,78,37,existence,288.27
79,19,60,payment,149.1
148,87,61,debt,314.19
92,33,59,debt,241.58
110,41,69,debt,258.66
71,38,33,debt,213.14
81,49,32,debt,270.93
35,20,15,existence,81.79
80,34,46,payment,246.33
88,66,22,payment,315.84
152,129,23,payment,474.72
62,12,50,payment,173.7
104,44,60,payment,246.22
46,32,14,debt,138.77
82,67,15,payment,216.79
43,37,6,payment,92.38
36,16,20,debt,118.62
141,31,110,existence,249.53
54,15,39,debt,132.74
148,44,104,payment,424.65
27,10,17,debt,61.14
75,7,68,debt,180.35
103,44,59,debt,315.7
21,1,20,debt,46.56
89,23,66,debt,253.79
51,12,39,payment,104.17
105,40,65,existence,304.88
127,21,106,existence,189.51
40,16,24,debt,107.44
53,51,2,existence,162.86
110,85,25,payment,284.47
118,62,56,existence,219.32
47,29,18,existence,117.42
57,28,29,debt,180.9
131,56,75,payment,413.63
35,11,24,debt,109.25
120,13,107,existence,199.92
52,32,20,payment,115.08
85,21,64,payment,141.08
69,2,67,debt,132.36
23,3,20,debt,62.64
71,24,47,debt,147.02
74,54,20,payment,243.34
69,8,61,payment,144.31
27,27,0,debt,77.75
93,11,82,existence,145.84
102,59,43,payment,235.79
44,1,43,existence,57.73
17,6,11,existence,25.85
76,63,13,existence,269.82
38,16,22,payment,107.86
3,1,2,existence,6.37
17,3,14,payment,30.6
147,1,146,existence,291.38
128,5,123,debt,249.89
118,39,79,debt,227.3
147,66,81,debt,431.39
54,36,18,debt,174.16
19,6,13,debt,67.31
23,19,4,existence,53.15
74,69,5,payment,198.98
16,9,7,debt,58.98
97,58,39,existence,243.54
85,56,29,payment,228.41
114,87,27,existence,382.16
153,109,44,debt,441.76
122,19,103,debt,206.04
81,71,10,debt,308.46
89,72,17,existence,250.78
139,27,112,debt,307.33
30,24,6,existence,56.04
93,75,18,existence,293.81
51,35,16,debt,171.66
112,73,39,payment,355.38
108,105,3,payment,421.58
82,42,40,existence,203.04
13,7,6,existence,28.46
6,6,0,existence,20.45
150,23,127,existence,230.94
37,8,29,payment,62.65
139,46,93,existence,236.07
142,122,20,existence,437.08
8,8,0,debt,41.45
50,16,34,debt,106.16
96,28,68,debt,246.82
41,41,0,debt,130.69
10,1,9,payment,23.45
119,82,37,existence,383.2
56,23,33,existence,116.42
23,21,2,debt,80.58
100,54,46,debt,202.84
141,128,13,existence,461.64
74,26,48,payment,192.3
115,75,40,existence,226.32
131,64,67,debt,347.32
97,31,66,existence,208.05
103,85,18,payment,316.77
3,3,0,existence,8.13
151,147,4,debt,527.78
122,108,14,existence,367.49
8,1,7,existence,11.98
57,50,7,debt,201.44
148,77,71,payment,373.96
157,100,57,payment,543.73
64,1,63,payment,100.86
71,29,42,existence,134.11
82,22,60,debt,205.55
82,69,13,payment,282.03
157,42,115,existence,414.19
144,103,41,debt,337.83
98,18,80,payment,229
53,31,22,existence,136.9
46,32,14,payment,114.3
110,21,89,debt,205.11
141,65,76,existence,331.8
131,55,76,payment,319.84
82,25,57,existence,206.66
41,13,28,existence,64.57
154,76,78,existence,425.03
48,46,2,existence,161.11
135,88,47,payment,388.14
56,48,8,payment,177.18
70,65,5,payment,170.73
104,34,70,payment,221.28
9,5,4,existence,20.92
141,96,45,payment,452.77
29,29,0,existence,77.73
108,72,36,debt,298.74
127,120,7,payment,274.34
39,5,34,debt,65.44
70,30,40,existence,127.66
141,83,58,debt,476.27
18,5,13,existence,37.96
58,51,7,debt,160.51
143,75,68,existence,435.31
94,66,28,debt,327.75
49,9,40,debt,143.15
54,25,29,payment,116.21
13,10,3,debt,62.26
66,44,22,debt,209.47
139,21,118,existence,212.99
106,97,9,debt,363.74
13,13,0,existence,46.48
66,43,23,payment,146.41
127,64,63,payment,371.05
49,25,24,existence,102.54
66,18,48,payment,115.66
17,17,0,existence,48.31
117,19,98,debt,290.95
102,23,79,existence,264.02
67,45,22,payment,175.03
150,51,99,existence,269.61
97,78,19,debt,300
99,61,38,debt,221.88
100,27,73,payment,221.48
105,72,33,existence,257.46
155,125,30,existence,481.05
16,3,13,payment,55.35
140,70,70,debt,282.61
90,57,33,payment,282.43
142,3,139,debt,186.78
112,8,104,payment,255.12
79,58,21,existence,162.95
134,27,107,debt,337.63
129,46,83,payment,365.07
52,8,44,payment,83.25
148,25,123,existence,312.84
144,144,0,existence,348.14
114,90,24,payment,289.52
100,75,25,payment,221.94
84,50,34,existence,271.87
20,12,8,payment,53.54
40,14,26,payment,120.79
78,3,75,debt,161.87
9,4,5,existence,21.43
132,24,108,payment,242.14
133,124,9,debt,450.36
44,44,0,existence,100.99
80,51,29,existence,233.77
41,32,9,debt,111.71
12,11,1,debt,39.25
115,43,72,debt,206.52
69,35,34,payment,167.11
80,47,33,payment,187.69
27,11,16,payment,81.22
144,57,87,payment,380.75
98,66,32,existence,302.03
6,6,0,existence,16.1
5,1,4,debt,27.07
131,5,126,debt,231.32
104,38,66,payment,213.98
100,56,44,debt,255.56
139,64,75,debt,315.59
88,49,39,debt,283.06
82,7,75,debt,219.79
144,76,68,debt,458.25
137,105,32,debt,442.84
103,57,46,debt,252.37
91,89,2,payment,249.09
28,23,5,payment,86.88
57,39,18,payment,164.73
26,12,14,debt,60.71
82,37,45,debt,188.34
50,24,26,payment,133.35
53,17,36,payment,151.56
108,51,57,debt,236.85
127,68,59,payment,369.53
140,3,137,payment,284.29
6,5,1,payment,35.69
44,28,16,existence,94.9
116,13,103,existence,302.59
77,30,47,debt,204.47
106,84,22,payment,320.94
34,21,13,debt,101.75
60,37,23,debt,173.16
139,133,6,existence,526.77
8,2,6,payment,30.52
23,21,2,debt,64.05
20,9,11,payment,53.87
33,21,12,payment,112.69
23,19,4,existence,52.37
71,52,19,existence,194.24
60,9,51,payment,98.78
27,9,18,existence,47.5
132,123,9,payment,313.85
65,50,15,debt,169.26
12,5,7,payment,37.72
11,11,0,payment,38.79
7,2,5,payment,23.53
81,73,8,existence,198.16
149,84,65,payment,478.16
144,76,68,existence,309.84
113,37,76,debt,198.48
89,28,61,existence,161.17
91,56,35,payment,263.97
45,45,0,debt,186.81
34,34,0,payment,105.31
35,25,10,payment,122.32
108,104,4,payment,332.85
76,69,7,payment,254.38
124,113,11,existence,362.41
84,12,72,debt,224.8
45,21,24,existence,68.03
132,66,66,payment,254.65
15,8,7,existence,39.99
43,37,6,payment,154.08
144,97,47,existence,315.59
63,14,49,existence,104.78
29,18,11,existence,78.31
145,10,135,existence,200.73
135,79,56,existence,286.57
146,81,65,debt,379.41
40,24,16,existence,66.13
156,154,2,payment,395.45
119,39,80,debt,229.22
94,9,85,existence,161.27
43,30,13,debt,139.41
87,18,69,debt,246.56
63,61,2,payment,236.61
13,3,10,existence,27.8
148,66,82,payment,316.96
129,107,22,debt,341.1
139,58,81,existence,239.45
98,63,35,payment,267.32
132,108,24,debt,481.76
66,18,48,debt,142.45
150,74,76,existence,346.4
138,57,81,payment,387.21
79,49,30,existence,134.48
110,41,69,payment,238.5
63,42,21,debt,168.98
111,36,75,debt,226.95
89,42,47,existence,191.66
110,107,3,payment,291.9
78,23,55,debt,166.43
151,103,48,payment,403.06
142,2,140,payment,203.91
88,78,10,payment,311.2
84,15,69,existence,185.27
36,15,21,existence,96.91
45,16,29,debt,90.03
87,68,19,existence,185.94
10,3,7,payment,30.99
40,16,24,existence,82.01
43,33,10,debt,154.88
40,23,17,existence,112.85
118,89,29,debt,260.92
122,50,72,debt,224.88
121,119,2,payment,254.19
56,37,19,existence,165.51
49,11,38,payment,88.19
101,43,58,existence,262.22
132,48,84,debt,392.56
149,83,66,payment,410.47
40,21,19,debt,143.18
55,35,20,debt,161.06
84,69,15,payment,305.23
80,6,74,existence,189.6
67,20,47,debt,189.47
121,92,29,debt,395.53
128,75,53,debt,399.19
9,1,8,debt,40.35
124,57,67,payment,245.44
88,83,5,payment,293.48
60,39,21,debt,158.2
156,149,7,existence,541.56
61,59,2,payment,191.77
157,8,149,payment,302.57
16,6,10,debt,41.54
49,44,5,payment,140.68
12,9,3,existence,28.97
65,22,43,debt,182.62
44,7,37,existence,56.59
85,1,84,payment,148.1
89,72,17,existence,272.57
56,6,50,debt,158.83
144,18,126,existence,297.68
93,49,44,debt,172.02
82,51,31,existence,214.56
2,1,1,existence,4.88
143,100,43,existence,390.92
146,53,93,existence,255.52
40,16,24,payment,112.34
66,13,53,debt,140.64
20,6,14,existence,47.35
83,2,81,payment,118.9
97,83,14,existence,352.33
72,58,14,existence,176.3
9,4,5,existence,27.54
56,28,28,existence,151.45
137,11,126,debt,297.98
130,113,17,payment,447.31
123,31,92,existence,245.54
141,67,74,existence,432.83
27,8,19,existence,63.66
102,84,18,payment,310.92
13,3,10,debt,28.13
95,6,89,existence,173.61
83,45,38,existence,213.68
100,40,60,existence,196.86
55,8,47,existence,86.19
88,72,16,payment,321.85
115,104,11,debt,448.42
8,2,6,payment,29.1
124,68,56,debt,307.44
10,9,1,debt,57.54
82,35,47,payment,188.45
53,5,48,existence,83.7
16,16,0,debt,65.36
18,10,8,debt,66.79
93,54,39,payment,238.32
135,67,68,payment,331.76
38,3,35,existence,48.98
107,10,97,debt,195.07
73,44,29,payment,209.01
84,36,48,payment,191.05
62,39,23,debt,137.64
26,2,24,existence,32.96
79,30,49,debt,204.59
72,55,17,debt,170.64
36,35,1,payment,90.25
62,60,2,debt,181.58
87,59,28,debt,253.62
57,42,15,existence,170.78
133,85,48,debt,425.67
136,31,105,debt,343.8
107,69,38,payment,243.31
55,40,15,payment,127.79
67,37,30,payment,126.69
95,91,4,existence,263.56
124,28,96,debt,350.81
65,65,0,payment,164.57
120,94,26,existence,416.88
92,85,7,debt,313.84
123,56,67,payment,303.79
121,59,62,existence,341.12
58,39,19,existence,189.04
61,53,8,debt,183.24
54,47,7,existence,180.23
126,3,123,payment,180.75
39,20,19,payment,113.26
42,26,16,existence,105.51
94,65,29,existence,279.54
107,14,93,existence,194.54
78,5,73,existence,201.06
110,100,10,debt,284.78
149,42,107,debt,267.85
99,29,70,existence,270.85
20,19,1,payment,75.18
3,3,0,payment,15.16
50,11,39,debt,131.19
76,13,63,payment,117.98
67,61,6,debt,231.27
44,10,34,debt,119.72
71,26,45,existence,138.45
149,37,112,payment,229.5
22,11,11,payment,71.63
122,73,49,debt,297.49
117,73,44,payment,347.21
25,8,17,payment,79.86
114,101,13,existence,237.06
117,113,4,debt,423.34
129,93,36,debt,376.32
136,104,32,debt,424.04
138,116,22,debt,359.74
142,129,13,debt,383.29
124,100,24,payment,243.31
97,45,52,debt,217.51
73,42,31,debt,219.61
71,17,54,debt,140.34
149,76,73,debt,288.88
81,30,51,existence,219.42
9,9,0,existence,33.3
142,31,111,debt,323.72
64,54,10,existence,224.63
148,129,19,existence,496.2
133,78,55,existence,256.92
115,81,34,payment,285.75
145,47,98,payment,393.04
84,27,57,payment,169.93
145,68,77,debt,460.22
133,84,49,existence,361.83
84,55,29,payment,277.73
93,92,1,payment,337.99
114,94,20,payment,383.98
155,64,91,payment,306.64
125,90,35,existence,299.06
125,114,11,payment,326.16
92,41,51,debt,287
82,42,40,existence,196.68
23,12,11,existence,65.98
2,1,1,debt,28.45
9,3,6,payment,27.99
90,56,34,payment,216.92
123,23,100,payment,275.75
79,55,24,debt,255.7
41,36,5,existence,116.11
23,6,17,existence,60.27
116,9,107,debt,247.11
120,32,88,existence,335.06
103,22,81,debt,303
145,134,11,existence,440.52
39,15,24,existence,103.9
151,76,75,debt,425.85
61,47,14,debt,242.23
12,1,11,existence,29.07
36,3,33,payment,97.83
140,10,130,debt,364.69
59,11,48,payment,121.7
4,4,0,debt,32.43
73,41,32,payment,214.87
99,45,54,debt,263.15
26,24,2,payment,102.55
115,72,43,payment,330.26
137,87,50,payment,344.51
46,28,18,debt,148.47
122,26,96,existence,175.3
4,4,0,payment,29.52
49,18,31,payment,125.12
151,12,139,debt,204.06
95,19,76,debt,174.76
140,24,116,debt,347.89
149,69,80,debt,300.35
120,101,19,existence,264.98
41,7,34,debt,102.7
5,2,3,payment,20.96
89,58,31,payment,221.62
4,3,1,existence,8.28
5,1,4,payment,24.53
132,112,20,existence,352.19
90,28,62,existence,202.18
45,24,21,payment,131.43
125,48,77,existence,286.8
96,88,8,existence,298.84
48,35,13,existence,104.52
119,81,38,payment,264.69
66,41,25,debt,128.46
110,97,13,payment,356.45
6,4,2,debt,26.97
80,7,73,payment,117.7
79,47,32,payment,177.46
136,16,120,debt,284.28
63,21,42,debt,151.32
33,5,28,debt,93.12
2,2,0,debt,35.5
53,16,37,existence,82.57
108,41,67,existence,267.28
19,6,13,existence,53.72
2,1,1,debt,32.57
26,6,20,debt,98.13
104,83,21,existence,273.2
11,8,3,payment,48.27
138,19,119,existence,205.05
2,1,1,existence,4.22
5,4,1,existence,14.07
94,58,36,existence,183.44
82,49,33,payment,207.06
55,4,51,debt,108.88
7,4,3,existence,12.79
4,3,1,payment,23.27
27,11,16,payment,67.76
94,13,81,existence,164.36
136,97,39,existence,329.26
10,5,5,debt,37.95
3,1,2,existence,8.52
83,32,51,debt,251.84
81,64,17,existence,177.56
28,15,13,payment,60.63
155,25,130,existence,388.63
94,46,48,payment,272.66
121,111,10,payment,317.08
12,11,1,existence,40.29
27,4,23,existence,64.75
18,1,17,payment,60.79
102,55,47,debt,272.36
77,30,47,debt,142.89
134,1,133,debt,250.93
55,54,1,payment,172.18
157,12,145,debt,260.51
15,5,10,debt,68.29
98,73,25,payment,236.88
116,102,14,existence,285.93
15,5,10,existence,35.29
41,40,1,existence,103.38
128,5,123,debt,305.64
103,93,10,existence,342.12
111,75,36,debt,256.05
130,52,78,existence,351.23
29,26,3,payment,106.99
47,3,44,existence,100.87
108,75,33,debt,236.19
151,25,126,debt,233.26
12,7,5,payment,38.92
25,8,17,debt,79.53
9,2,7,existence,24.63
51,43,8,existence,115
8,3,5,debt,46.62
102,43,59,existence,230.5
42,10,32,debt,123.08
87,53,34,debt,197.14
133,30,103,payment,323.73
55,53,2,debt,201.34
77,8,69,payment,175.27
64,34,30,existence,123.34
41,8,33,existence,67.73
79,70,9,existence,175.62
78,18,60,existence,167.84
7,2,5,existence,15.44
5,4,1,payment,24.66
113,2,111,existence,167.9
74,9,65,existence,139.18
139,66,73,debt,352.66
142,27,115,existence,244.43
13,2,11,payment,28.91
9,4,5,debt,43.78
29,19,10,existence,69.69
8,7,1,payment,39.82
41,24,17,payment,92.01
94,80,14,debt,297.23
46,44,2,existence,151.59
8,7,1,debt,52.92
120,89,31,existence,242.19
115,94,21,payment,360.51
102,28,74,payment,203.63
106,61,45,existence,274.25
111,65,46,debt,332.9
81,36,45,debt,229.84
36,26,10,debt,117.98
87,55,32,existence,252.58
40,19,21,debt,121.01
57,11,46,debt,112.16
42,8,34,debt,87.03
78,48,30,payment,231.5
46,9,37,payment,95.17
43,42,1,payment,140.85
21,13,8,payment,52.7
16,3,13,debt,59.36
73,12,61,existence,113.32
72,57,15,payment,216.66
14,11,3,payment,61.54
44,12,32,payment,85.76
29,24,5,debt,82.58
152,80,72,existence,398.47
104,78,26,payment,204.88
1,1,0,existence,2.08
126,87,39,debt,384.96
89,19,70,payment,208.13
69,56,13,debt,170.74
126,49,77,payment,289.78
88,83,5,payment,315.92
46,23,23,existence,89.05
15,14,1,existence,56.55
1,1,0,debt,11.15
153,144,9,debt,575.82
12,10,2,existence,34.49
95,74,21,payment,322.9
89,16,73,payment,207.05
61,56,5,debt,163.42
34,9,25,existence,86.33
3,2,1,payment,20.24
18,12,6,existence,57.91
146,4,142,payment,225.17
59,48,11,existence,177.99
7,6,1,debt,35.1
46,10,36,debt,116.03
86,32,54,payment,228.17
82,15,67,payment,203.56
90,81,9,debt,213.75
134,56,78,payment,331.1
17,7,10,debt,54.11
71,25,46,debt,217.74
134,20,114,existence,329.37
51,9,42,payment,105.83
43,12,31,existence,79.09
121,70,51,debt,270.17
14,8,6,payment,54.03
9,5,4,debt,55.34
51,13,38,payment,79.92
61,10,51,existence,85
150,104,46,debt,406.03
133,68,65,debt,345.31
78,56,22,debt,195.33
148,19,129,payment,220.54
75,44,31,payment,162.53
112,14,98,existence,153.84
104,37,67,debt,224.4
29,20,9,existence,70.67
64,40,24,existence,130.88
129,123,6,payment,393.06
134,119,15,payment,399.65
15,14,1,existence,34.89
54,1,53,debt,110.33
154,141,13,debt,607.52
151,33,118,debt,314.21
64,22,42,existence,187.35
34,4,30,existence,76.6
19,6,13,debt,40.17
112,7,105,existence,233.45
84,22,62,existence,209.89
68,29,39,debt,201.33
26,18,8,payment,69.15
131,110,21,payment,390.25
71,15,56,payment,118.68
139,127,12,existence,351.34
139,12,127,debt,324.87
78,13,65,existence,194.38
5,2,3,existence,12.57
136,79,57,debt,411.74
142,103,39,debt,441.12
15,1,14,existence,35.78
56,33,23,existence,150.36
9,1,8,payment,30.27
53,4,49,debt,111.86
13,1,12,existence,17.88
105,51,54,debt,238.19
146,49,97,payment,275.57
42,4,38,payment,119.86
93,47,46,debt,214.09
41,7,34,payment,68.54
131,70,61,existence,349.4
29,6,23,payment,74.49
57,32,25,debt,122.33
94,57,37,debt,184.08
19,7,12,existence,31.32
126,14,112,payment,260.72
115,96,19,existence,358.07
150,41,109,debt,433.06
39,3,36,debt,74.92
46,19,27,debt,97.31
6,6,0,debt,45.87
45,12,33,existence,89.29
157,11,146,debt,250.82
21,16,5,debt,79.82
27,13,14,existence,79.31
131,8,123,existence,261.9
106,60,46,existence,309.16
59,53,6,existence,184.35
83,32,51,debt,182.12
97,21,76,existence,189.39
47,21,26,existence,134.85
59,38,21,payment,126.82
57,29,28,payment,149.92
53,4,49,debt,118.23
30,14,16,payment,95.3
23,5,18,payment,55.61
34,10,24,debt,77.22
97,33,64,debt,227.13
41,7,34,payment,112.25
30,11,19,payment,96.22
46,27,19,payment,109.23
59,6,53,existence,93.44
13,9,4,debt,45.19
152,115,37,debt,434.46
133,101,32,debt,344.92
35,18,17,existence,64.41
81,81,0,payment,246.6
5,5,0,debt,31.12
135,63,72,existence,278.07
38,2,36,payment,109.75
109,21,88,payment,215.6
101,7,94,debt,218.02
30,17,13,payment,79.48
17,11,6,debt,61.99
94,19,75,existence,142.94
124,7,117,payment,306.51
84,9,75,existence,108.98
91,85,6,existence,309.45
10,8,2,payment,37.7
137,104,33,payment,398.69
55,54,1,debt,180.59
111,105,6,existence,360.03
95,82,13,debt,248.91
101,38,63,existence,201.37
9,8,1,debt,39.25
128,101,27,payment,304.01
11,4,7,payment,34.48
79,17,62,payment,201.42
85,28,57,debt,182.35
92,4,88,payment,139.84
59,35,24,payment,180.22
127,98,29,debt,256.54
117,21,96,payment,297.32
52,20,32,existence,113.15
73,28,45,payment,214.83
79,74,5,payment,212.82
2,2,0,debt,32.79
125,109,16,payment,353.97
126,44,82,payment,343.27
34,12,22,payment,81.41
98,81,17,debt,276.5
99,18,81,payment,216.04
115,96,19,existence,322.71
81,22,59,payment,179.18
114,33,81,existence,223.34
150,25,125,debt,229.62
47,45,2,payment,146.7
10,7,3,debt,53.14
100,28,72,debt,241.16
80,47,33,existence,227.97
55,12,43,debt,90.93
70,58,12,debt,183.56
7,6,1,payment,33.16
118,21,97,debt,196.41
127,38,89,existence,283.18
65,7,58,payment,108.45
43,38,5,payment,127.36
48,41,7,debt,175.46
37,10,27,debt,91.92
94,65,29,payment,295.53
1,1,0,debt,31
82,64,18,payment,238.1
121,38,83,payment,329.85
92,77,15,existence,234.68
105,84,21,debt,221.64
71,52,19,existence,183.83
85,5,80,debt,192.67
151,119,32,existence,450.81
133,97,36,debt,394.76
22,14,8,debt,79.91
150,43,107,existence,237.26
47,46,1,payment,167.21
108,97,11,debt,258.53
20,5,15,payment,56.2
79,39,40,debt,223.56
40,1,39,existence,87.12
119,68,51,existence,318.85
124,72,52,payment,291.39
138,12,126,payment,193.64
141,138,3,debt,448.63
138,116,22,existence,385.06
136,126,10,existence,343.07
95,18,77,existence,189.47
128,95,33,existence,409.69
2,1,1,existence,4.44
79,77,2,debt,190.97
136,7,129,existence,263.52
35,20,15,existence,59.74
121,6,115,existence,257.75
62,62,0,payment,180.81
2,1,1,debt,31.43
68,22,46,payment,140.67
76,20,56,debt,204.48
94,40,54,existence,223.33
69,16,53,existence,177.03
31,27,4,debt,93.18
21,1,20,debt,42.32
123,76,47,existence,346.74
92,89,3,debt,359.39
4,3,1,payment,21.86
118,114,4,debt,388.5
84,9,75,payment,226.87
8,8,0,payment,36.83
125,103,22,payment,365.21
30,15,15,debt,72.6
39,3,36,debt,111.59
122,20,102,payment,199.56
102,54,48,debt,242.86
62,57,5,existence,183.08
119,119,0,debt,421.36
148,103,45,payment,364.4
134,96,38,payment,260.45
114,78,36,payment,235.97
119,21,98,existence,275.77
53,50,3,existence,119.7
75,62,13,payment,243.25
4,1,3,payment,25.16
75,27,48,payment,148.18
46,45,1,existence,106.75
124,7,117,payment,241.98
142,85,57,existence,330.48
153,107,46,payment,466.39
141,134,7,debt,538.34
23,6,17,debt,77.64
47,37,10,payment,170.64
155,95,60,payment,368.95
68,3,65,debt,145.06
89,48,41,payment,196.5
53,3,50,existence,88.52
80,62,18,payment,291.76
54,33,21,payment,120.34
92,27,65,debt,250.85
61,39,22,debt,199.69
16,16,0,payment,52.27
96,87,9,debt,280.19
52,51,1,payment,135.56
69,11,58,debt,191.92
154,77,77,payment,487.54
122,6,116,payment,259.06
4,1,3,debt,34.83
63,16,47,debt,117.72
17,8,9,payment,65.48
26,12,14,payment,77.05
141,37,104,debt,354.77
112,60,52,payment,261.28
34,15,19,debt,114.18
133,112,21,payment,399.56
77,49,28,existence,189.6
128,86,42,debt,321.28
35,25,10,payment,111.65
134,3,131,payment,306.5
79,14,65,payment,199.26
91,79,12,payment,263.13
128,45,83,existence,363.57
141,32,109,payment,306.78
30,6,24,debt,88.1
110,67,43,existence,276.76
72,64,8,existence,222.84
31,18,13,existence,71.27
122,8,114,debt,247.1
28,14,14,debt,108.52
148,131,17,existence,466.74
57,20,37,existence,112.78
151,136,15,payment,470.42
68,5,63,payment,124.63
112,88,24,payment,257.21
79,7,72,existence,205.17
130,94,36,payment,460.15
115,95,20,debt,264.52
95,72,23,existence,253.11
55,14,41,payment,85.39
6,5,1,debt,35.98
112,21,91,payment,300.24
93,27,66,payment,170.8
98,91,7,debt,328.55
16,11,5,existence,44.44
126,61,65,payment,335.25
19,1,18,debt,39.52
127,67,60,payment,278.66
127,16,111,payment,284.55
69,19,50,payment,153.86
54,14,40,debt,125.08
137,5,132,existence,335.9
46,5,41,debt,85.91
18,3,15,debt,38.76
93,2,91,payment,194.95
105,38,67,payment,192.06
22,11,11,debt,67.3
127,66,61,debt,298.15
157,120,37,debt,539.19
17,3,14,payment,49.37
1,1,0,payment,18.87
32,6,26,existence,48.12
40,38,2,debt,136.81
4,1,3,existence,6.48
138,112,26,existence,281.4
77,6,71,existence,124.85
151,50,101,debt,406.88
17,1,16,payment,37.07
98,87,11,existence,315.57
128,46,82,payment,301.71
106,67,39,payment,324.33
11,7,4,payment,40.87
129,124,5,existence,429.9
36,34,2,payment,137.29
23,9,14,debt,87.22
62,13,49,existence,90.19
86,76,10,payment,224.51
20,11,9,payment,52.18
115,29,86,existence,226.71
44,43,1,payment,117.84
22,10,12,existence,59.18
114,67,47,debt,276.34
68,29,39,payment,156.52
41,30,11,existence,83.72
152,75,77,existence,329.28
51,16,35,debt,141.97
113,68,45,payment,225.25
65,31,34,payment,203.25
156,151,5,existence,516.17
140,137,3,debt,573.09
4,4,0,payment,25.89
49,44,5,payment,140.34
95,27,68,debt,221.17
129,87,42,payment,314.03
59,33,26,payment,146.46
31,27,4,payment,101.5
111,102,9,payment,406.67
115,101,14,payment,328.87
152,148,4,existence,361.8
116,26,90,existence,284.93
117,27,90,existence,171.85
121,35,86,debt,321.03
144,101,43,existence,443.07
31,17,14,existence,80.06
71,39,32,payment,205.05
42,34,8,existence,92.4
89,32,57,payment,189.29
79,3,76,existence,146.16
140,48,92,payment,271.21
59,10,49,payment,154.03
118,48,70,payment,260.94
119,47,72,payment,338.74
88,16,72,debt,155.59
85,65,20,existence,232.2
73,23,50,payment,141.92
20,18,2,debt,83.19
43,5,38,payment,108.51
149,29,120,debt,228.18
40,27,13,existence,78.77
107,104,3,debt,294.01
149,127,22,existence,400.83
105,72,33,payment,274.66
97,4,93,debt,215.63
109,87,22,payment,244.36
121,26,95,existence,272.48
21,9,12,payment,66.41
57,47,10,payment,168.8
12,12,0,existence,35.85
103,67,36,payment,245.16
156,128,28,payment,505.7
2,2,0,debt,20.85
55,14,41,payment,146.17
105,28,77,existence,152.73
126,81,45,existence,281.53
99,14,85,existence,173.6
43,1,42,existence,63.07
141,31,110,existence,270.37
19,18,1,payment,83.44
135,26,109,debt,313.5
51,11,40,existence,93.25
4,4,0,debt,25.39
46,21,25,debt,110.42
61,47,14,existence,130.03
119,53,66,payment,250.51
122,106,16,existence,301.69
25,17,8,payment,62.52
150,145,5,existence,467.61
139,124,15,debt,426.5
90,80,10,debt,295.84
150,14,136,debt,275.15
14,11,3,existence,27.79
79,11,68,payment,206.88
113,29,84,debt,305.38
63,33,30,existence,130.33
109,102,7,debt,413.08
69,53,16,existence,201.02
153,99,54,existence,386.44
65,39,26,existence,166.98
7,4,3,existence,20.37
154,144,10,existence,465.12
72,40,32,debt,158.3
15,6,9,debt,68.53
132,81,51,existence,310.47
18,12,6,payment,49.13
23,10,13,existence,67.56
130,62,68,existence,292.95
135,3,132,existence,174.61
64,62,2,existence,196.83
3,3,0,existence,8.92
25,20,5,existence,71.81
111,50,61,debt,243.35
50,46,4,debt,190.75
54,50,4,existence,136.36
103,61,42,existence,323.09
30,7,23,debt,104.16
113,33,80,debt,208.42
104,76,28,payment,206.55
41,1,40,debt,112.04
110,14,96,existence,170.53
13,3,10,existence,21.7
86,64,22,payment,210.21
149,50,99,existence,252.82
71,66,5,debt,152
54,15,39,debt,122.97
78,29,49,existence,143.2
54,54,0,existence,133.47
18,13,5,payment,57.54
15,12,3,existence,34.18
142,43,99,debt,389.15
93,14,79,payment,168
149,104,45,payment,349.21
149,121,28,existence,454.31
113,6,107,existence,254.67
25,6,19,debt,71.96
135,61,74,debt,292.53
24,16,8,debt,72.49
42,30,12,debt,143.16
45,45,0,debt,164.75
70,32,38,debt,191.7
129,37,92,debt,323.59
48,19,29,existence,96.2
1,1,0,existence,3.25
86,35,51,debt,192.87
152,119,33,payment,398.47
82,20,62,payment,228.11
134,82,52,existence,261.08
80,16,64,payment,220.35
38,25,13,payment,105.39
153,73,80,debt,309.49
79,49,30,debt,207.14
92,13,79,payment,136.22
64,6,58,existence,89.87
24,16,8,payment,75.25
52,43,9,payment,163.19
48,13,35,debt,118.29
60,38,22,debt,184.36
145,104,41,payment,365.06
143,91,52,existence,369.32
94,12,82,existence,198.11
70,49,21,existence,209.61
120,119,1,payment,474.85
19,7,12,existence,37.13
91,38,53,existence,178.79
63,59,4,debt,201.52
137,13,124,payment,190.6
120,67,53,debt,344.65
50,28,22,existence,101.31
103,84,19,payment,355.8
24,9,15,payment,65.55
57,14,43,existence,154.59
21,13,8,existence,40.92
100,21,79,payment,159.86
14,11,3,payment,59.73
127,90,37,payment,368.63
7,7,0,payment,34.65
2,1,1,existence,3.63
92,24,68,debt,236.01
29,14,15,existence,87.59
52,11,41,payment,95.09
59,25,34,payment,158.25
120,87,33,debt,271.74
150,60,90,payment,348.29
143,120,23,payment,382.28
45,40,5,existence,155.12
6,4,2,payment,35.35
127,5,122,payment,176.46
25,12,13,existence,58.47
55,1,54,existence,133.48
131,82,49,existence,281.64
81,73,8,debt,298.82
66,23,43,debt,166.73
93,45,48,existence,243.96
125,25,100,debt,343.42
116,22,94,debt,279.48
93,82,11,payment,331.59
148,10,138,debt,301.05
119,87,32,existence,274.08
71,8,63,existence,155.41
100,58,42,payment,242.1
58,56,2,debt,166.21
82,16,66,payment,198.06
154,88,66,debt,365.3
156,32,124,debt,418.61
44,43,1,existence,128.7
98,79,19,existence,309.47
44,5,39,debt,98.03
34,6,28,debt,105.34
157,30,127,payment,302.28
35,5,30,payment,95.26
2,1,1,debt,30.1
86,74,12,payment,208.77
42,9,33,payment,121.64
31,21,10,debt,76.59
105,28,77,debt,222.76
91,39,52,payment,187.15
137,91,46,payment,402.23
91,87,4,payment,189.59
143,101,42,existence,389.86
47,3,44,payment,116.18
6,4,2,debt,35.38
21,15,6,payment,71.41
156,49,107,existence,401.36
20,13,7,existence,56.4
144,71,73,debt,380.3
81,46,35,debt,264.27
63,25,38,payment,105.91
112,6,106,debt,300.66
102,68,34,existence,240.59
77,68,9,existence,215.73
62,56,6,existence,160.83
152,7,145,debt,378.85
55,42,13,debt,142.62
80,57,23,existence,173.78
11,6,5,existence,27.52
147,39,108,existence,314.87
148,77,71,existence,424.69
43,4,39,payment,74.3
68,26,42,existence,173.67
156,134,22,payment,397.54
124,19,105,debt,235.33
52,45,7,payment,175.9
107,91,16,debt,303.72
29,1,28,debt,71.14
19,3,16,existence,39.42
147,15,132,existence,183.01
48,34,14,existence,131.91
98,53,45,existence,209.58
133,42,91,existence,255.88
39,15,24,debt,92.99
89,71,18,existence,308.71
111,37,74,debt,273.23
156,138,18,existence,390.28
59,11,48,existence,100.64
58,10,48,payment,157.01
67,25,42,existence,169.6
84,79,5,debt,269.23
46,22,24,payment,116.97
83,67,16,existence,265.03
110,11,99,payment,234.43
27,22,5,debt,99.12
136,24,112,payment,285.07
75,4,71,debt,123.69
17,12,5,existence,52.59
155,1,154,debt,267.76
116,84,32,debt,377.22
44,25,19,payment,140.4
71,51,20,existence,214.49
78,55,23,payment,226.85
59,8,51,debt,159.5
4,2,2,payment,21.66
92,47,45,existence,208.27
7,7,0,existence,21.95
132,14,118,payment,281.94
72,11,61,debt,166.66
48,32,16,payment,146.84
36,10,26,existence,81.68
130,56,74,debt,371.51
63,34,29,existence,167.61
5,1,4,existence,6.92
76,66,10,debt,179.86
98,17,81,debt,179.88
91,18,73,existence,168.96
111,31,80,debt,269.13
140,58,82,debt,259.89
8,6,2,existence,18.3
4,2,2,debt,36.47
69,46,23,existence,180.2
39,25,14,existence,82.55
53,47,6,payment,200.12
110,5,105,debt,168.7
79,25,54,existence,147.18
150,100,50,debt,358.37
138,52,86,existence,299.24
17,5,12,debt,65.19
89,10,79,payment,237.34
6,1,5,debt,36.59
97,53,44,payment,255.52
26,19,7,debt,72.7
153,121,32,debt,453.06
38,23,15,existence,124.29
15,15,0,debt,49.59
73,53,20,payment,222.48
60,58,2,debt,220.63
2,2,0,payment,20.82
52,37,15,debt,190.74
147,55,92,existence,375.52
52,8,44,existence,105.62
102,87,15,debt,288.3
144,50,94,payment,240.35
116,97,19,payment,383.32
39,15,24,debt,108.25
141,98,43,debt,340.61
133,75,58,payment,258.21
83,65,18,payment,223.34
127,32,95,existence,343.02
27,18,9,existence,63.21
32,11,21,debt,62.68
127,50,77,existence,209.82
6,2,4,debt,22.68
22,12,10,debt,84.51
79,21,58,payment,215.74
106,10,96,existence,165.62
39,25,14,payment,109.95
36,3,33,existence,52.01
67,54,13,debt,193.32
106,106,0,debt,354.11
67,67,0,existence,202.47
52,6,46,payment,132.76
113,67,46,debt,381.26
43,12,31,debt,101.34
92,65,27,existence,290.78
86,70,16,debt,242.03
73,53,20,payment,157.52
73,48,25,existence,212.19
91,84,7,existence,218.43
107,81,26,existence,327.35
92,78,14,existence,240.59
118,82,36,debt,285.09
11,6,5,payment,35.45
147,129,18,existence,501.09
18,5,13,debt,72.88
83,73,10,payment,286.73
80,71,9,debt,202.04
34,14,20,debt,99.05
92,77,15,payment,338.98
7,4,3,payment,30.52
140,123,17,payment,450.56
100,30,70,existence,174.77
8,3,5,payment,35.88
135,134,1,payment,437.83
66,61,5,existence,190.65
71,3,68,payment,171.46
27,6,21,debt,93.33
84,10,74,existence,150.59
114,35,79,payment,248.26
42,17,25,existence,90.79
16,7,9,debt,71.7
141,73,68,payment,367.07
2,1,1,existence,4.28
157,81,76,existence,305.45
87,63,24,existence,251.39
44,17,27,existence,90.59
25,12,13,debt,56.46
151,126,25,existence,519.77
98,55,43,payment,265.67
20,14,6,existence,38.2
55,19,36,payment,166.03
59,20,39,existence,87.71
36,26,10,debt,112.49
147,49,98,debt,286.54
4,4,0,debt,28.27
106,30,76,existence,236.85
102,34,68,debt,256.93
119,26,93,debt,329.57
113,54,59,debt,297.79
106,39,67,existence,300.88
64,6,58,existence,133.43
54,35,19,debt,153.16
147,112,35,existence,315.32
112,65,47,existence,336.77
105,43,62,existence,205.76
89,29,60,debt,253.83
87,78,9,existence,245.4
120,81,39,existence,375.83
156,5,151,payment,199.69
27,22,5,payment,111.92
5,5,0,debt,32.71
28,14,14,existence,81.29
94,70,24,payment,288.6
69,67,2,debt,272.02
66,14,52,debt,111.54
128,95,33,debt,297.74
134,3,131,debt,213.91
111,53,58,payment,227.06
147,125,22,payment,322.37
144,116,28,debt,468.44
32,23,9,payment,99.95
89,41,48,existence,221.13
150,140,10,payment,458
20,17,3,debt,85.32
16,12,4,debt,72.06
107,77,30,existence,308.69
116,44,72,debt,350.52
107,88,19,payment,342.69
124,41,83,debt,280.14
62,57,5,debt,176.47
146,144,2,payment,534.23
35,1,34,payment,70.26
22,16,6,debt,68.91
52,5,47,existence,133.44
47,13,34,payment,128.17
17,17,0,existence,53.78
2,1,1,debt,26.15
94,66,28,payment,220.97
30,16,14,debt,93.59
35,8,27,payment,74.38
59,37,22,existence,167.96
130,44,86,debt,374.37
148,92,56,existence,430.35
9,1,8,existence,15.31
147,78,69,existence,346.3
35,29,6,existence,78.51
154,10,144,payment,275.56
23,4,19,existence,49.9
33,32,1,debt,128.98
132,61,71,payment,250.31
149,12,137,existence,193.38
63,28,35,existence,135.98
76,33,43,existence,209.16
96,69,27,payment,279.41
82,27,55,payment,139.02
17,17,0,debt,62.59
34,13,21,payment,87.12
123,53,70,debt,257.29
72,28,44,debt,216.75
112,48,64,existence,267.5
141,97,44,payment,303.5
148,38,110,payment,336.95
107,35,72,debt,268.71
127,61,66,payment,298.67
57,57,0,payment,215.71
4,3,1,payment,22.86
81,8,73,debt,207.85
62,44,18,payment,212.26
70,18,52,payment,188.7
97,96,1,existence,337.77
142,29,113,existence,203.89
131,59,72,existence,308.81
48,27,21,existence,152.45
129,108,21,payment,366.89
114,68,46,debt,329.07
35,30,5,existence,98.65
70,41,29,existence,180.85
41,38,3,debt,143.29
95,26,69,payment,211.32
133,64,69,existence,374.73
56,29,27,existence,161.88
118,56,62,payment,303.52
44,44,0,payment,136.76
131,94,37,payment,374.05
9,8,1,payment,36.13
84,18,66,debt,178.46
142,10,132,existence,216.7
91,26,65,existence,237.13
31,13,18,existence,67.62
61,39,22,debt,198.68
29,16,13,debt,92.84
114,82,32,debt,201.51
11,9,2,existence,35.58
57,13,44,debt,105.4
16,1,15,payment,35.32
151,56,95,payment,326.41
31,30,1,payment,99.75
147,37,110,existence,320.75
138,23,115,debt,238.43
43,35,8,existence,93.42
154,66,88,debt,386.24
28,5,23,payment,58.12
110,109,1,payment,235.62
5,2,3,existence,8.28
130,83,47,debt,444.99
15,3,12,debt,44.43
120,62,58,debt,262.85
35,32,3,existence,81.34
157,4,153,payment,214.57
154,61,93,payment,339.53
129,51,78,existence,271.86
90,67,23,payment,249.79
19,12,7,payment,69.7
36,33,3,existence,90.3
22,2,20,debt,79.26
147,110,37,debt,409.27
11,2,9,debt,52.54
9,5,4,existence,27.51
86,75,11,existence,222.33
47,3,44,existence,84.91
113,110,3,debt,391.12
21,5,16,payment,53.96
91,54,37,payment,253.63
102,49,53,payment,225.69
96,1,95,existence,149.62
2,2,0,existence,5.78
145,89,56,existence,421.31
24,20,4,existence,68.17
84,69,15,existence,201.47
20,3,17,debt,63.44
91,28,63,debt,192.7
16,2,14,payment,32.39
53,31,22,payment,132.37
53,14,39,payment,147.29
36,30,6,debt,117.13
116,111,5,debt,341.5
58,9,49,payment,106
4,2,2,existence,10.95
104,42,62,existence,205.03
148,84,64,payment,415.18
139,30,109,existence,298.45
28,20,8,payment,90.58
133,124,9,payment,384.96
48,1,47,payment,92.36
109,70,39,existence,226.61
125,96,29,existence,307.56
118,112,6,payment,364.29
60,21,39,payment,118.94
3,3,0,debt,14.63
67,5,62,existence,161.86
97,38,59,debt,290.65
44,30,14,existence,117.88
153,23,130,existence,307.42
134,119,15,payment,365.09
17,15,2,existence,52.42
83,70,13,existence,233.54
53,20,33,existence,135.21
61,10,51,existence,115.08
29,19,10,debt,100.52
106,42,64,debt,320.87
41,21,20,existence,101.31
151,116,35,payment,351.43
37,30,7,payment,111.24
81,2,79,payment,128.11
96,57,39,debt,271.56
99,8,91,payment,139.24
135,67,68,debt,390.65
140,59,81,existence,273.74
83,5,78,debt,191.11
142,109,33,existence,472.81
145,35,110,debt,266.66
154,153,1,existence,400.13
104,52,52,existence,173.25
131,7,124,payment,316.91
87,49,38,debt,254.7
61,22,39,debt,139.49
61,39,22,debt,159.24
138,66,72,existence,303.68
149,149,0,debt,451.2
2,1,1,payment,17.48
59,5,54,debt,162.13
20,4,16,payment,69.2
125,115,10,existence,362.48
151,82,69,existence,344.54
126,115,11,payment,328.95
98,71,27,debt,268.15
99,77,22,payment,283.19
135,104,31,payment,422.15
6,5,1,debt,22.41
152,126,26,payment,552.58
52,46,6,existence,186.08
49,8,41,debt,131.11
115,32,83,existence,277.61
20,5,15,payment,47.46
73,44,29,debt,167.58
130,125,5,debt,290.03
11,11,0,payment,40.44
27,2,25,existence,47.31
124,102,22,existence,300.39
32,28,4,payment,96.01
37,23,14,debt,126.83
2,2,0,debt,29.34
3,1,2,debt,37.44
28,17,11,debt,68.25
70,12,58,payment,121.51
69,20,49,existence,187.35
85,80,5,existence,304.95
121,45,76,debt,341.82
46,2,44,payment,115.53
151,101,50,debt,388.41
144,71,73,payment,368.83
86,4,82,existence,176.06
21,9,12,debt,71.61
83,44,39,debt,276.73
40,20,20,payment,114.11
149,46,103,existence,304.39
24,13,11,payment,81.82
26,19,7,existence,72.14
135,5,130,existence,295.04
115,15,100,debt,188.79
128,68,60,payment,397.29
15,9,6,payment,56.82
81,35,46,debt,201.02
130,14,116,payment,307.87
52,11,41,payment,102.49
31,16,15,existence,57.25
143,30,113,debt,267.64
29,27,2,payment,89.39
36,20,16,existence,87.19
62,18,44,debt,141.99
131,21,110,payment,248.78
104,100,4,existence,324.94
36,6,30,payment,99.36
23,1,22,payment,47.55
6,6,0,existence,21.26
132,38,94,debt,348.84
42,27,15,existence,126.84
129,18,111,debt,260.47
27,19,8,existence,80.72
59,26,33,existence,121.35
108,40,68,payment,192.29
5,1,4,existence,11.81
87,25,62,debt,163.16
155,30,125,existence,261.72
95,69,26,debt,226.94
39,28,11,existence,84.34
93,3,90,existence,214.08
113,9,104,existence,224.25
26,5,21,existence,49.89
156,138,18,payment,550.27
113,8,105,payment,173.8
56,39,17,existence,147.26
91,28,63,payment,185.09
39,38,1,payment,111.57
124,14,110,existence,263.11
49,31,18,payment,143.93
71,18,53,payment,187.19
71,13,58,existence,143.62
20,6,14,debt,66.62
52,46,6,payment,130.28
60,14,46,payment,122.21
21,14,7,existence,50.01
54,14,40,existence,122.2
27,26,1,payment,80.59
56,25,31,payment,153.04
113,69,44,existence,312.11
137,89,48,debt,408.01
7,6,1,payment,36.82
52,40,12,payment,134.24
2,2,0,payment,26
147,9,138,existence,238.37
122,17,105,existence,301.8
79,57,22,debt,288.71
35,21,14,existence,95.49
1,1,0,debt,13.1
66,14,52,debt,191.39
42,30,12,existence,120.33
98,28,70,debt,229.22
33,15,18,payment,91.59
33,6,27,payment,68.12
51,42,9,existence,146.08
106,2,104,payment,189.75
73,6,67,payment,169.45
90,1,89,existence,223.97
49,49,0,payment,134.45
108,68,40,existence,308.91
138,57,81,payment,341.19
97,88,9,debt,305.35
146,60,86,existence,254.05
29,8,21,existence,54.39
127,96,31,existence,317.95
74,67,7,debt,175.83
67,21,46,existence,171.76
9,1,8,existence,20.17
145,87,58,payment,369.48
55,2,53,payment,86.36
4,4,0,payment,18.43
97,65,32,existence,219.61
3,3,0,existence,10.52
151,91,60,existence,342.55
68,60,8,payment,140.17
154,135,19,payment,452.78
57,53,4,existence,152.56
97,94,3,debt,303.25
105,41,64,existence,270.82
152,100,52,payment,401.15
24,14,10,existence,73.15
141,138,3,existence,401.76
65,32,33,payment,142.28
49,2,47,existence,121.28
37,6,31,payment,104.94
105,69,36,existence,289.55
108,5,103,payment,208.53
144,143,1,existence,402.56
147,75,72,payment,232.01
104,73,31,debt,282.65
34,29,5,payment,99.6
153,144,9,payment,411.01
2,1,1,existence,3.9
55,42,13,payment,169.19
57,56,1,debt,217.03
16,13,3,payment,49.92
141,113,28,payment,314.54
140,116,24,existence,319.15
110,107,3,existence,297.07
81,52,29,existence,187.09
47,9,38,existence,101.32
119,43,76,existence,240.23
108,90,18,debt,275.47
47,2,45,payment,70.43
43,42,1,payment,113.79
72,5,67,existence,128.61
120,82,38,existence,338.41
117,95,22,payment,347.17
62,43,19,debt,222.08
102,57,45,payment,322.99
113,95,18,debt,318.92
119,38,81,payment,326.53
148,136,12,payment,414.25
14,2,12,payment,45.27
48,30,18,existence,96.92
13,1,12,existence,24.69
99,77,22,payment,199.2
68,40,28,payment,186.03
156,46,110,existence,304.44
127,38,89,payment,351.2
45,9,36,payment,123.94
136,9,127,payment,181.85
42,37,5,existence,134.94
43,4,39,payment,90.45
140,10,130,existence,351.21
93,50,43,existence,177.53
45,15,30,debt,139.74
154,73,81,payment,374.99
140,49,91,existence,272.31
45,25,20,debt,79.63
128,9,119,payment,167.6
96,71,25,debt,241.82
64,26,38,debt,180.76
130,111,19,debt,330.43
69,18,51,payment,184.66
95,57,38,existence,222.24
61,2,59,payment,112.64
94,11,83,debt,195.19
103,59,44,existence,312.12
51,31,20,debt,150.99
23,1,22,existence,47.78
13,3,10,existence,20.94
55,14,41,debt,178.76
81,2,79,payment,168.38
40,36,4,debt,146.5
39,33,6,debt,109.79
52,3,49,payment,98.86
79,52,27,debt,236.15
15,1,14,payment,27.97
79,20,59,existence,159.64
97,58,39,existence,186.95
71,68,3,payment,278.51
122,10,112,existence,268.27
85,49,36,payment,232.03
84,65,19,debt,182.07
119,60,59,existence,308.38
109,17,92,existence,230.37
41,13,28,debt,89.75
20,3,17,payment,53.32
2,2,0,debt,24.25
38,20,18,existence,114.94
110,83,27,debt,277.51
145,139,6,debt,493.18
103,103,0,existence,269.18
90,15,75,debt,186.88
39,11,28,payment,99.54
26,13,13,debt,83.02
140,105,35,existence,406.19
80,51,29,debt,221.36
56,54,2,payment,147.36
154,30,124,existence,391.99
71,45,26,debt,224.26
57,22,35,debt,105.6
5,3,2,payment,23.82
147,146,1,payment,386.94
82,50,32,debt,176.28
37,12,25,debt,73.26
128,50,78,debt,271.58
47,11,36,existence,78.38
100,85,15,debt,337.33
28,16,12,existence,68.96
133,80,53,existence,270.45
36,36,0,payment,104.48
105,64,41,debt,354.08
32,21,11,payment,96.82
77,19,58,debt,188.07
157,71,86,existence,345.36
17,3,14,payment,54.63
92,21,71,existence,232.71
118,55,63,payment,354.48
85,74,11,debt,335.77
139,26,113,debt,312.28
96,32,64,existence,232.93
51,18,33,existence,128.45
60,6,54,payment,134.24
97,29,68,payment,224.49
48,26,22,existence,137.26
29,9,20,existence,60.84
49,23,26,debt,114.15
92,73,19,debt,298.96
50,34,16,debt,159.99
114,41,73,debt,341.13
24,12,12,debt,90.02
65,18,47,debt,161.01
81,25,56,debt,198.22
78,25,53,debt,227.9
152,106,46,debt,361.76
11,1,10,debt,37.44
51,20,31,payment,112.65
87,76,11,payment,272.64
100,3,97,existence,207.7
131,120,11,debt,451.09
25,12,13,payment,75.72
54,21,33,existence,145.65
23,3,20,existence,56.08
122,112,10,existence,284.7
5,1,4,debt,31.26
54,30,24,payment,127.39
20,1,19,payment,47.66
9,6,3,payment,34.99
116,38,78,debt,334.77
111,68,43,existence,222.45
150,1,149,debt,269.66
133,46,87,existence,392.5
145,104,41,debt,374.62
76,12,64,debt,198.43
69,61,8,existence,155.27
82,13,69,debt,214.68
26,20,6,debt,79.81
144,69,75,payment,397.93
13,8,5,debt,54.45
144,107,37,payment,455.82
46,41,5,debt,128.65
90,46,44,existence,186.51
121,67,54,debt,269.96
22,14,8,existence,38.19
37,5,32,debt,78.12
82,51,31,payment,224.81
2,1,1,payment,16.29
92,8,84,existence,235.58
5,5,0,existence,11.92
8,1,7,debt,38.59
81,59,22,existence,236.48
84,73,11,existence,298.55
61,11,50,debt,108.22
86,86,0,debt,233.44
66,26,40,existence,186.08
81,31,50,existence,153.18
100,37,63,existence,228.32
100,52,48,debt,291.49
147,65,82,existence,366.73
38,22,16,existence,89.93
149,16,133,payment,211.85
59,12,47,existence,112.81
127,65,62,payment,245.83
37,35,2,payment,147.53
94,18,76,payment,176.77
10,4,6,existence,22.63
129,61,68,payment,270.94
95,33,62,debt,283.46
17,17,0,existence,54.68
42,40,2,payment,123.36
32,6,26,existence,83.39
39,35,4,payment,125.65
47,13,34,existence,84.43
70,50,20,debt,208.76
125,21,104,debt,324.71
114,113,1,payment,445.62
143,38,105,debt,308.42
112,62,50,payment,228.76
73,13,60,payment,103.96
35,34,1,existence,129.49
1,1,0,payment,10.43
51,46,5,existence,117.78
142,31,111,debt,337.58
111,57,54,existence,321.5
5,1,4,debt,27.25
74,27,47,existence,200.92
85,47,38,payment,229.44
57,48,9,existence,182.8
116,56,60,existence,247.59
56,41,15,debt,180.8
120,60,60,debt,306.31
155,128,27,payment,380.17
96,38,58,debt,310.61
87,51,36,debt,223.88
51,23,28,payment,136.63
134,26,108,existence,230.39
8,5,3,debt,32.33
3,2,1,debt,24.06
110,88,22,existence,215.85
113,54,59,existence,264.39
37,26,11,existence,88.33
19,5,14,existence,44.59
154,119,35,existence,420.79
66,31,35,debt,202.82
119,39,80,existence,276.2
62,4,58,payment,166.11
76,20,56,debt,217.78
120,63,57,payment,264.46
34,6,28,payment,66.08
112,3,109,payment,170.9
50,44,6,payment,113.57
68,34,34,payment,139.55
79,17,62,existence,180.36
53,27,26,existence,95.69
58,57,1,existence,172.97
70,8,62,existence,104.98
152,40,112,payment,276.97
153,92,61,existence,440.31
49,39,10,debt,166.26
107,69,38,payment,317.13
150,127,23,payment,500.26
65,45,20,existence,161.16
85,36,49,debt,188.95
122,14,108,payment,316.27
125,33,92,debt,320.9
84,68,16,payment,259.72
19,19,0,debt,86.91
88,27,61,existence,223.47
139,24,115,payment,350.98
11,6,5,existence,29.86
84,12,72,debt,160.72
69,54,15,payment,228.56
99,55,44,payment,293.65
88,46,42,payment,289.01
75,8,67,existence,123.66
47,45,2,existence,115.02
149,98,51,existence,378.1
62,32,30,existence,146.05
54,44,10,payment,161.46
67,54,13,debt,219.29
36,34,2,payment,99.8
69,13,56,payment,117.42
50,38,12,debt,141.53
8,1,7,existence,13.48
50,17,33,existence,81.45
151,78,73,payment,423.53
67,29,38,payment,138.35
23,11,12,payment,46.04
115,87,28,debt,356.57
138,30,108,payment,239.35
85,28,57,debt,238.57
98,73,25,debt,273.39
66,12,54,debt,186.99
7,2,5,existence,14.15
29,29,0,debt,96.28
113,61,52,existence,323.74
134,24,110,payment,330.96
33,5,28,debt,84.18
147,55,92,debt,433.61
30,4,26,payment,53.39
87,4,83,debt,167.37
152,63,89,existence,321.73
70,61,9,existence,155.69
100,36,64,debt,215.64
32,20,12,existence,58.2
118,8,110,existence,223.42
89,41,48,payment,203.27
92,51,41,existence,174.64
6,2,4,debt,29.99
65,65,0,payment,162.24
97,92,5,debt,375.1
120,44,76,payment,245.84
56,53,3,payment,170.1
139,107,32,debt,391.73
95,59,36,existence,218.59
64,45,19,payment,195.03
108,73,35,existence,245.62
30,2,28,debt,50.24
28,7,21,payment,56.28
75,44,31,payment,214.34
48,27,21,payment,102.32
155,64,91,existence,314.13
14,9,5,debt,67.14
31,27,4,existence,80.9
105,41,64,payment,185.63
82,74,8,payment,303.96
126,16,110,payment,195.68
146,75,71,existence,252.5
71,51,20,payment,165.37
121,88,33,existence,332.16
50,29,21,existence,94.61
147,36,111,existence,230.72
98,84,14,payment,342.32
51,34,17,payment,135.62
101,12,89,debt,198.85
8,1,7,existence,16.51
87,77,10,debt,207.64
23,4,19,debt,62.13
157,20,137,payment,304.9
17,17,0,debt,56.79
105,41,64,payment,236.53
95,77,18,payment,224.38
16,1,15,debt,66.02
125,121,4,payment,331.01
80,19,61,debt,138.17
25,5,20,debt,71.73
57,56,1,payment,158.51
114,1,113,payment,249.78
118,3,115,payment,146.58
56,21,35,debt,120.08
132,25,107,existence,174.76
27,2,25,payment,53.4
96,64,32,existence,240.35
90,5,85,debt,241.18
109,18,91,payment,236.33
31,14,17,existence,76.6
113,98,15,existence,336.4
63,16,47,debt,166.71
36,8,28,debt,112.89
139,47,92,existence,310.89
142,46,96,existence,396.32
36,31,5,debt,100.86
67,58,9,existence,209.04
64,38,26,debt,196.53
29,5,24,debt,59.86
102,2,100,payment,237.79
112,20,92,existence,217.93
100,58,42,debt,277.3
73,71,2,existence,224.68
152,41,111,debt,342.19
75,1,74,payment,135.91
67,47,20,debt,239.9
91,58,33,debt,214.69
20,16,4,debt,73.13
122,58,64,payment,383.1
118,18,100,debt,240.27
114,59,55,payment,222.79
96,82,14,payment,244.54
12,9,3,payment,52.7
138,115,23,payment,339.96
97,14,83,existence,218.54
112,1,111,debt,215.17
86,30,56,debt,159.08
25,1,24,payment,47.77
127,85,42,debt,432.56
38,34,4,debt,141.07
111,97,14,debt,362.69
42,41,1,payment,153.17
5,5,0,payment,25.3
92,78,14,debt,305.22
103,1,102,existence,223.53
47,8,39,existence,82.03
20,9,11,existence,43.12
44,36,8,debt,154.94
139,91,48,payment,248.81
100,82,18,existence,335.66
51,26,25,existence,98.62
54,34,20,payment,138.83
74,74,0,existence,180.39
105,65,40,debt,291.13
19,14,5,debt,73.91
86,2,84,debt,113.6
104,26,78,debt,270.97
115,46,69,debt,223.71
124,78,46,existence,311.48
52,35,17,existence,149.46
51,18,33,debt,135.44
59,20,39,debt,141.4
109,59,50,debt,342.21
121,6,115,existence,193.27
4,4,0,existence,10.97
153,65,88,existence,446.62
28,26,2,debt,102.08
123,69,54,existence,334.17
20,11,9,existence,37.75
99,65,34,payment,311.55
92,61,31,debt,302.09
147,129,18,debt,437.02
86,59,27,existence,211.84
111,86,25,payment,358.29
51,45,6,existence,155.55
89,43,46,debt,185.81
8,6,2,existence,20.32
77,15,62,debt,164.72
88,33,55,existence,251.15
132,84,48,debt,310.88
149,68,81,payment,277.45
55,12,43,debt,102.55
83,31,52,payment,175.72
70,48,22,payment,227.2
111,83,28,debt,377.14
128,2,126,existence,289.33
75,48,27,debt,235.65
137,12,125,existence,339.86
51,7,44,existence,106.72
25,20,5,payment,66.19
80,80,0,payment,252.04
129,51,78,existence,253.19
82,76,6,payment,278.15
37,24,13,debt,106.79
80,16,64,existence,198.17
142,96,46,payment,333.22
121,95,26,existence,376.43
118,100,18,existence,286.63
44,21,23,payment,91.73
48,19,29,debt,113.97
118,33,85,payment,237.32
71,1,70,debt,123.18
43,17,26,existence,115.74
138,1,137,existence,232.21
98,84,14,debt,306.67
9,9,0,debt,30.07
154,147,7,payment,480.76
6,5,1,payment,22.71
117,43,74,payment,291.73
92,62,30,payment,195.49
135,39,96,existence,301.11
138,91,47,payment,335.49
115,1,114,debt,228.5
68,43,25,payment,147.47
98,93,5,debt,361.68
75,30,45,existence,121.63
142,48,94,existence,246.12
79,70,9,debt,230.16
2,2,0,existence,5.81
117,112,5,debt,328.64
135,133,2,payment,399.84
18,7,11,payment,42.4
137,89,48,payment,342.84
7,5,2,payment,39.83
16,3,13,existence,25.91
78,54,24,debt,222.05
144,104,40,payment,508.9
12,7,5,debt,48.75
124,99,25,payment,402.18
125,16,109,debt,327.9
76,16,60,payment,147.89
83,71,12,payment,221.9
106,52,54,existence,304.05
54,27,27,payment,147.54
105,47,58,payment,260.47
146,87,59,existence,381.13
114,18,96,payment,294.64
59,39,20,existence,185.25
49,16,33,existence,125.53
104,7,97,payment,192.59
42,2,40,payment,85.65
46,4,42,debt,81.66
83,20,63,existence,159.69
69,13,56,existence,123.91
24,24,0,debt,98.84
72,9,63,debt,143.02
59,46,13,payment,183.13
13,2,11,existence,19.38
157,129,28,existence,380.95
61,36,25,debt,141.84
97,58,39,debt,281.29
43,4,39,existence,54.29
55,48,7,payment,171.77
115,62,53,payment,311.99
15,10,5,existence,36.38
77,21,56,existence,208
90,87,3,existence,275.57
58,25,33,debt,129.41
128,33,95,payment,202.21
4,1,3,debt,31.59
37,32,5,debt,91.47
129,28,101,debt,261.8
40,27,13,payment,93.48
98,62,36,debt,216.72
91,42,49,existence,252.53
6,4,2,payment,33.52
8,1,7,existence,14.41
35,11,24,debt,96.08
51,3,48,existence,79.87
3,1,2,debt,15.09
5,3,2,existence,10.38
75,56,19,debt,206.59
92,37,55,existence,274.03
25,16,9,debt,101.32
101,32,69,payment,265.07
49,24,25,payment,117.76
122,33,89,debt,361.55
55,5,50,debt,123.77
139,3,136,payment,330.42
119,51,68,existence,330.24
25,15,10,debt,79.2
66,13,53,existence,144.2
70,53,17,existence,156.42
105,20,85,payment,271.16
76,58,18,payment,229.83
31,24,7,debt,92.49
90,85,5,existence,269.07
73,2,71,payment,103.25
105,102,3,debt,326.64
18,16,2,debt,65.48
55,11,44,debt,124.82
131,107,24,debt,300.37
28,24,4,existence,66.35
13,6,7,existence,25.11
87,50,37,payment,163.61
140,100,40,debt,398.9
11,1,10,existence,22.7
58,32,26,payment,171.78
48,42,6,existence,100.16
106,9,97,debt,206.9
108,50,58,existence,279.95
124,102,22,existence,378.47
141,129,12,debt,519.73
146,119,27,debt,425.37
132,15,117,existence,175.27
137,133,4,existence,462.99
13,3,10,existence,30.77
116,89,27,payment,368.21
84,75,9,existence,240.22
85,85,0,payment,239.09
32,20,12,existence,81.87
31,14,17,debt,104.86
156,19,137,payment,350.14
100,5,95,payment,252.07
114,62,52,debt,365.4
91,74,17,payment,204.99
87,80,7,debt,233.29
151,113,38,payment,440.88
24,20,4,existence,69.86
126,9,117,payment,275.65
76,70,6,debt,240.2
7,7,0,existence,20.4
94,9,85,debt,259.53
88,10,78,payment,202.07
20,15,5,debt,65.04
33,21,12,existence,74.58
135,120,15,debt,373.87
51,48,3,payment,134.02
130,119,11,existence,454.15
84,23,61,existence,134.11
40,6,34,payment,84.34
102,99,3,existence,242.3
53,8,45,payment,148.37
20,8,12,payment,49.38
135,93,42,payment,419.35
70,33,37,payment,148.65
45,20,25,existence,128.9
12,6,6,payment,32.08
84,73,11,existence,285.25
81,25,56,payment,189
156,47,109,payment,298.88
97,55,42,payment,255.89
71,8,63,debt,119.51
86,30,56,existence,227.53
147,142,5,payment,469.5
63,10,53,debt,134.28
117,55,62,debt,244.56
101,78,23,debt,238.26
31,4,27,debt,97.87
95,92,3,debt,337.1
108,43,65,payment,315.84
34,3,31,payment,74.28
108,80,28,debt,317.68
58,42,16,payment,158.47
82,14,68,existence,216.71
121,102,19,debt,321.67
40,7,33,existence,56.01
134,114,20,debt,438.51
82,72,10,existence,221.86
125,42,83,existence,210.3
108,75,33,existence,250.63
38,22,16,debt,98.09
37,33,4,debt,122.95
156,130,26,payment,505.96
72,14,58,existence,115.77
123,117,6,debt,413.48
124,28,96,payment,234.03
118,114,4,payment,321.98
117,108,9,debt,329.48
59,32,27,debt,181.06
144,103,41,existence,347.31
116,97,19,existence,245.48
134,83,51,existence,313.18
52,4,48,payment,134.7
22,12,10,payment,51.47
75,63,12,debt,231.36
37,37,0,debt,137.91
126,104,22,existence,268.17
136,99,37,payment,364.29
66,12,54,payment,180.93
63,15,48,payment,125.38
80,6,74,existence,125.43
109,57,52,debt,358.62
131,106,25,existence,458.82
152,81,71,debt,290.58
26,11,15,existence,40.56
73,50,23,payment,268.89
17,16,1,debt,60.11
92,74,18,payment,311.97
105,71,34,existence,229.92
130,48,82,debt,241.49
104,5,99,debt,251.94
156,132,24,existence,449.61
147,96,51,existence,422.32
39,22,17,debt,111.98
35,20,15,debt,127.35
22,12,10,payment,58.51
18,11,7,existence,52.92
131,67,64,existence,407.19
136,85,51,debt,399.56
66,7,59,debt,176.55
138,80,58,payment,445.05
142,108,34,debt,361.86
82,65,17,existence,250.1
74,24,50,payment,197.93
56,45,11,debt,139.76
2,2,0,debt,21.96
3,2,1,existence,9.53
68,38,30,payment,154.91
141,117,24,existence,319.06
15,6,9,payment,42.87
70,52,18,debt,171.22
80,33,47,existence,228.53
145,81,64,debt,431.27
11,10,1,payment,44.01
148,124,24,debt,415.64
10,5,5,payment,34.2
142,116,26,payment,363.26
94,90,4,existence,221.13
64,50,14,payment,194.74
124,85,39,debt,397.78
105,29,76,debt,232.47
57,1,56,payment,129.37
5,1,4,payment,23.42
149,119,30,existence,448.24
122,37,85,existence,217.09
69,17,52,existence,188.27
92,27,65,debt,261.17
2,1,1,existence,5.61
123,109,14,debt,422.87
49,49,0,debt,162.26
140,137,3,debt,359.98
80,20,60,payment,241.12
62,14,48,existence,159.94
7,3,4,existence,18.23
74,45,29,debt,188.51
2,2,0,debt,14.43
148,1,147,debt,334.08
148,46,102,payment,278.31
56,25,31,payment,157.87
157,1,156,existence,205.14
153,65,88,payment,324.15
29,18,11,payment,105.73
26,1,25,debt,72.18
106,88,18,debt,334.05
140,17,123,existence,190.48
100,42,58,payment,180.82
130,74,56,existence,320.94
59,48,11,payment,208.45
43,39,4,debt,155.9
123,96,27,payment,313.85
138,50,88,debt,276.35
148,11,137,debt,316.68
145,41,104,payment,274.1
59,57,2,debt,212.38
72,33,39,payment,214.87
62,41,21,debt,157.84
146,109,37,payment,462.56
25,21,4,existence,80.74
24,6,18,existence,66.57
143,77,66,debt,332.37
66,37,29,payment,175.49
63,60,3,debt,196.1
104,14,90,debt,277.05
52,18,34,payment,107.24
122,80,42,debt,394.63
40,19,21,existence,94.05
58,36,22,payment,165.65
122,20,102,existence,317.83
49,12,37,payment,127.03
128,71,57,existence,262.88
140,67,73,debt,311.95
125,97,28,existence,348.02
99,68,31,debt,230.14
119,69,50,payment,324.56
48,9,39,payment,98.8
156,131,25,payment,442.45
152,105,47,existence,447.29
18,16,2,debt,76.52
58,44,14,payment,190.91
3,2,1,debt,29.46
118,37,81,payment,223.2
92,39,53,debt,206.02
117,116,1,existence,295.38
54,30,24,existence,147.17
10,7,3,debt,42.04
21,20,1,debt,101.87
94,61,33,payment,237.27
97,29,68,existence,174.61
72,57,15,debt,178.29
81,32,49,debt,211.4
96,77,19,payment,303.59
75,40,35,existence,137.92
10,6,4,existence,28.13
156,30,126,debt,394.73
87,57,30,existence,273.8
32,18,14,existence,72.86
19,14,5,existence,59.66
59,10,49,payment,127.18
2,2,0,existence,6.5
147,81,66,debt,496.63
66,37,29,debt,202.89
119,44,75,debt,276.89
101,80,21,debt,335.39
10,10,0,payment,43.48
40,17,23,debt,118.92
52,47,5,debt,190.74
28,17,11,existence,63.06
136,64,72,debt,322.97
114,27,87,payment,324.07
66,19,47,debt,128.22
152,44,108,existence,238.92
19,19,0,debt,52.25
82,33,49,existence,133.31
6,2,4,payment,27.04
21,21,0,payment,80.27
65,8,57,existence,119.73
50,34,16,debt,119.42
103,23,80,debt,169.67
142,66,76,debt,455.52
155,116,39,existence,484.94
103,74,29,payment,254.29
23,14,9,debt,65.91
66,20,46,payment,182.76
157,61,96,existence,432.39
145,117,28,debt,446.55
75,51,24,existence,197.28
118,59,59,existence,337.1
1,1,0,debt,30.92
138,52,86,payment,255.21
95,88,7,existence,270.83
97,43,54,payment,175.41
52,18,34,debt,180.69
88,58,30,debt,233.48
8,2,6,debt,32.73
123,14,109,existence,241.69
117,46,71,existence,191.59
107,57,50,payment,290.09
21,21,0,debt,97.66
30,12,18,payment,57.11
135,115,20,payment,302.98
86,86,0,existence,255.88
83,61,22,existence,184.06
15,5,10,existence,36.01
73,34,39,payment,165.07
144,55,89,existence,320.75
24,22,2,existence,47.56
116,104,12,existence,308.18
25,14,11,payment,80.16
131,59,72,existence,265.12
96,89,7,debt,365.6
52,2,50,debt,130.36
77,15,62,debt,226.06
127,110,17,payment,427.61
48,33,15,debt,152.83
153,110,43,payment,502.54
104,16,88,existence,225.59
115,51,64,payment,257.83
37,12,25,payment,108.15
137,20,117,payment,329.28
136,121,15,debt,477.31
24,4,20,existence,40.72
23,13,10,debt,75.51
32,7,25,debt,92.53
127,44,83,existence,300.52
51,17,34,existence,120.31
65,44,21,existence,189.07
135,6,129,debt,259.72
23,19,4,existence,46.17
41,3,38,debt,115.92
146,44,102,existence,243.86
2,2,0,payment,12.61
57,30,27,payment,119.89
126,87,39,payment,248.2
31,22,9,payment,86.71
64,15,49,debt,157
41,13,28,debt,112.17
103,91,12,payment,356.53
51,8,43,existence,132.97
131,60,71,debt,315.52
109,66,43,existence,304.12
36,7,29,debt,73.03
120,90,30,existence,253.39
32,27,5,payment,88.07
20,12,8,payment,59.62
114,57,57,existence,243.18
104,30,74,existence,166.02
75,36,39,debt,176.3
7,5,2,debt,48.62
44,8,36,existence,60.82
3,2,1,payment,23.52
56,15,41,existence,80.22
99,49,50,debt,246.43
46,35,11,payment,118.99
154,119,35,debt,402.43
47,38,9,debt,158.13
100,28,72,debt,278.61
73,41,32,existence,214.06
132,73,59,existence,377.13
43,7,36,payment,78.94
81,39,42,debt,266.09
78,72,6,debt,255.16
143,29,114,payment,255.97
143,121,22,debt,411.2
96,67,29,payment,327.75
109,42,67,payment,293.74
95,25,70,debt,224.54
32,26,6,debt,103.98
28,9,19,existence,81
74,62,12,debt,252.22
76,33,43,payment,183.82
149,45,104,debt,265.7
70,55,15,payment,249.9
68,64,4,debt,202.64
106,106,0,payment,258.75
24,17,7,debt,94.91
75,64,11,debt,214.94
52,35,17,existence,139.31
9,9,0,debt,55.98
69,13,56,payment,186.83
107,99,8,debt,395.32
133,113,20,existence,353.82
61,61,0,debt,192.82
121,82,39,debt,374.49
14,14,0,payment,53.42
85,45,40,debt,222.55
108,4,104,payment,190.81
115,38,77,payment,214.75
125,78,47,payment,244.26
71,55,16,existence,144.19
6,3,3,debt,45.33
134,18,116,payment,210.97
125,27,98,debt,239.36
60,12,48,existence,123.24
34,16,18,existence,68.44
129,55,74,payment,368.75
53,28,25,debt,116.62
56,55,1,debt,199.8
146,30,116,existence,202.83
52,20,32,debt,138.62
92,39,53,existence,197.45
31,23,8,payment,87.26
101,54,47,debt,217.64
110,65,45,existence,269.08
110,101,9,payment,284.93
115,71,44,debt,238.98
150,113,37,debt,457.11
43,1,42,debt,88.94
28,10,18,debt,59.74
1,1,0,debt,15.6
102,42,60,payment,227.99
126,8,118,payment,333.77
15,15,0,existence,39.88
148,21,127,payment,249.51
26,15,11,payment,70.01
112,28,84,existence,298.94
150,1,149,debt,349.11
78,26,52,existence,135.32
131,72,59,debt,297.28
122,67,55,debt,299.91
109,19,90,debt,200.58
38,23,15,existence,95.03
106,42,64,debt,229.18
95,10,85,debt,192.45
25,3,22,payment,44.15
129,9,120,debt,314.85
100,56,44,existence,265.96
13,10,3,existence,36.1
6,4,2,existence,16.83
86,26,60,existence,202.94
148,73,75,payment,283.87
23,3,20,existence,39.48
39,38,1,debt,147.57
78,60,18,payment,153.68
90,64,26,debt,244.28
34,21,13,payment,83.56
20,10,10,payment,68.51
59,36,23,debt,159.52
137,20,117,payment,366.6
155,15,140,debt,328.1
16,10,6,existence,49.69
125,124,1,debt,344.17
7,2,5,debt,28.39
39,24,15,debt,95.51
105,21,84,existence,223.15
142,132,10,payment,378.65
46,30,16,existence,103.36
64,1,63,debt,110.41
128,76,52,existence,265.75
95,53,42,debt,251.17
73,11,62,payment,119.7
4,1,3,debt,18.09
66,16,50,payment,143.78
132,15,117,debt,185.62
115,89,26,payment,292.27
26,15,11,payment,61.21
28,7,21,existence,59.13
89,56,33,debt,226.9
127,127,0,debt,396.04
23,17,6,existence,78.79
20,7,13,existence,43.34
3,1,2,debt,17.47
83,79,4,existence,207.17
157,155,2,existence,474.15
64,49,15,debt,215.27
51,42,9,payment,167.3
65,4,61,existence,110.63
135,117,18,payment,459.72
110,90,20,existence,220.69
90,88,2,payment,209.22
133,108,25,payment,479.34
85,50,35,existence,162.2
114,62,52,payment,317.96
56,2,54,payment,115.37
9,3,6,debt,49.31
131,74,57,debt,265.07
11,7,4,debt,49.77
119,49,70,debt,246.33
67,13,54,payment,139.97
17,12,5,existence,36.55
60,56,4,payment,168.44
63,53,10,existence,174.26
48,46,2,existence,165.82
25,2,23,debt,81.44
86,9,77,debt,229.81
73,25,48,payment,165.7
151,66,85,payment,470.06
124,45,79,debt,269.19
65,10,55,existence,124.67
92,12,80,debt,181.08
139,2,137,existence,253.41
82,63,19,existence,194.29
6,5,1,payment,34.56
156,123,33,payment,453.67
156,96,60,debt,519.26
122,30,92,debt,284.6
101,37,64,debt,218.06
32,12,20,existence,88.95
116,63,53,existence,288.22
111,75,36,payment,303.62
5,2,3,existence,9.91
36,35,1,existence,120.02
14,12,2,payment,40.79
90,68,22,debt,234.32
40,35,5,debt,141.94
38,36,2,debt,121.52
26,12,14,debt,97.96
113,85,28,existence,310.2
95,63,32,debt,272.85
24,15,9,debt,75.88
140,125,15,existence,324.64
125,95,30,payment,306.16
65,26,39,payment,161.84
121,91,30,payment,272.69
58,24,34,payment,156.34
3,1,2,existence,7.76
104,63,41,existence,315.91
86,33,53,debt,201.11
76,49,27,payment,175.09
106,79,27,existence,285.78
33,22,11,debt,88.22
136,33,103,existence,349.42
22,6,16,debt,69.69
84,64,20,payment,252.29
98,1,97,existence,243.45
13,8,5,existence,24.75
52,21,31,debt,147.47
112,43,69,payment,231.53
130,116,14,payment,339.04
152,58,94,debt,358.46
107,73,34,payment,215
26,19,7,payment,93.31
7,1,6,payment,27.26
87,40,47,payment,264.8
29,26,3,payment,118.06
8,5,3,debt,35.15
121,6,115,payment,187.64
70,34,36,existence,193.68
93,23,70,debt,160.65
17,13,4,existence,42.35
105,71,34,existence,206.96
18,11,7,payment,57.27
144,78,66,payment,374.93
83,57,26,existence,185.38
113,31,82,payment,328.85
48,35,13,debt,127.1
143,108,35,payment,449.11
30,24,6,existence,88.68
79,78,1,payment,236.05
76,57,19,existence,242.71
141,21,120,payment,367.72
104,76,28,payment,254.63
104,88,16,payment,298.56
83,63,20,debt,191.56
34,11,23,payment,97.78
38,25,13,existence,114.71
33,16,17,debt,110.74
121,76,45,payment,283.11
17,13,4,debt,77.09
48,18,30,debt,151.02
157,55,102,payment,232.17
156,125,31,debt,459.77
85,36,49,existence,205.24
68,27,41,payment,117.92
56,35,21,debt,157.33
111,41,70,existence,198.19
130,112,18,payment,353.45
16,1,15,debt,55.29
41,19,22,payment,112.29
89,30,59,debt,220.11
130,44,86,payment,232.75
91,70,21,existence,250.18
33,28,5,payment,79.37
43,23,20,debt,109.65
111,16,95,debt,294.92
66,29,37,debt,160.7
3,3,0,debt,32.93
138,93,45,existence,393.41
124,81,43,payment,366.04
131,15,116,payment,183.19
152,110,42,payment,286.37
141,1,140,payment,333.66
110,5,105,payment,162.58
33,24,9,debt,100.95
85,30,55,existence,170.88
149,130,19,payment,466.98
111,57,54,payment,237.58
133,79,54,payment,365.92
62,43,19,payment,181.86
150,10,140,payment,250.54
119,96,23,existence,267.02
119,110,9,existence,342.48
107,40,67,payment,261.5
103,75,28,existence,237.66
88,85,3,payment,235.88
31,29,2,debt,103.95
143,44,99,existence,255.84
19,15,4,debt,62.3
151,96,55,payment,302.58
44,13,31,debt,89.29
102,47,55,debt,300.81
14,4,10,payment,32.96
1,1,0,payment,11.58
146,120,26,debt,477.87
125,34,91,debt,272.53
99,97,2,payment,290.14
71,21,50,existence,141.11
118,116,2,existence,299.43
30,22,8,existence,87.54
148,98,50,debt,434.96
93,79,14,existence,298.32
144,144,0,debt,382.14
14,12,2,payment,50.89
17,17,0,payment,66.86
45,45,0,debt,134.84
137,21,116,existence,358.65
143,68,75,existence,367.27
38,19,19,payment,103.12
148,35,113,payment,290.83
127,13,114,existence,180.96
145,110,35,payment,433.85
149,136,13,debt,370.26
89,61,28,existence,155.6
50,23,27,existence,120.91
90,81,9,existence,187.06
144,55,89,payment,380.23
56,12,44,debt,168.52
30,2,28,payment,69.65
100,10,90,debt,182.37
64,19,45,debt,180.4
127,28,99,existence,209.02
52,33,19,payment,126.91
111,47,64,debt,332.64
27,6,21,existence,61.81
51,25,26,payment,116.68
43,28,15,existence,133.13
18,8,10,existence,42.3
85,53,32,payment,245.79
123,103,20,existence,405.78
101,32,69,payment,196.75
83,46,37,debt,263.67
41,23,18,debt,97.28
7,2,5,existence,12.92
152,6,146,debt,277.09
71,49,22,debt,217.36
65,62,3,debt,217.35
41,28,13,payment,88.3
36,13,23,debt,102.68
3,2,1,payment,18.63
148,61,87,payment,353.28
154,149,5,payment,483.83
72,9,63,payment,199.24
145,4,141,payment,305.39
44,26,18,existence,109.77
2,1,1,existence,4.71
98,19,79,debt,226.15
68,45,23,payment,195.3
64,17,47,existence,181.79
107,90,17,debt,274.84
155,45,110,debt,401.91
154,30,124,existence,275.29
123,46,77,existence,192.49
21,3,18,payment,64.99
153,17,136,debt,226.91
23,17,6,debt,85.69
114,78,36,payment,282.28
102,88,14,existence,347.37
83,25,58,existence,155.56
29,16,13,debt,80.77
151,50,101,payment,441.47
85,27,58,payment,211.24
65,47,18,debt,222.12
133,116,17,payment,386.51
85,17,68,debt,182.24
67,56,11,payment,211.67
10,5,5,existence,24.38
90,26,64,debt,209.53
90,54,36,payment,219.15
73,52,21,debt,251.25
150,31,119,debt,266.56
14,11,3,payment,41.68
75,1,74,debt,144.77
100,16,84,debt,260.53
146,138,8,existence,335.9
85,57,28,debt,206.69
91,48,43,payment,232.03
146,19,127,debt,382.21
57,37,20,payment,186
118,4,114,payment,224.47
135,106,29,existence,331.84
107,41,66,existence,229.92
40,20,20,payment,117.27
148,82,66,existence,289.63
45,28,17,existence,129.23
38,15,23,debt,116.18
147,69,78,payment,365.38
157,154,3,existence,386.85
118,73,45,existence,292.13
145,81,64,debt,391.53
43,43,0,payment,153.36
129,117,12,debt,326.61
63,61,2,payment,208.42
59,53,6,existence,137.97
17,1,16,existence,22.95
102,24,78,existence,199.72
118,71,47,debt,244.88
60,36,24,existence,95.95
155,117,38,existence,382.24
55,3,52,debt,134.81
147,2,145,payment,310.86
94,42,52,debt,265.5
141,132,9,debt,402.95
131,79,52,payment,321.61
10,2,8,debt,37.64
20,3,17,payment,50.58
22,11,11,payment,53.76
93,19,74,existence,136.84
89,59,30,debt,312.72
7,3,4,payment,30.81
76,67,9,existence,187.06
1,1,0,payment,9.29
150,47,103,existence,252.33
131,17,114,payment,233.25
143,24,119,payment,386.63
7,6,1,debt,33.11
8,2,6,existence,14.67
2,2,0,existence,5.44
134,65,69,debt,332.24
57,39,18,payment,135.03
67,36,31,existence,127.41
103,24,79,payment,200.28
35,22,13,existence,102.82
66,13,53,debt,169.58
30,4,26,payment,85.14
142,102,40,payment,347.76
39,26,13,existence,85.8
93,78,15,existence,309.14
152,136,16,debt,366.07
2,2,0,payment,17.69
44,30,14,existence,88.53
27,16,11,existence,53.57
106,8,98,debt,240.69
128,89,39,existence,284.67
126,71,55,debt,334.16
93,64,29,existence,216.18
113,50,63,debt,326.71
153,78,75,payment,497.53
136,91,45,debt,320.12
22,1,21,existence,41.43
105,78,27,existence,265.34
20,3,17,payment,61.09
24,14,10,existence,65.59
123,45,78,debt,250
142,70,72,payment,306
13,9,4,existence,39.55
105,89,16,existence,282.64
102,67,35,payment,260.03
49,46,3,debt,132.65
11,10,1,payment,39.73
43,26,17,debt,93.91
154,36,118,debt,384.24
113,73,40,debt,366.57
11,11,0,existence,33.62
118,46,72,payment,280.69
5,1,4,debt,27.64
95,8,87,existence,185.09
123,89,34,debt,360.66
92,15,77,existence,141.6
156,65,91,existence,396.24
63,15,48,debt,170.62
68,55,13,existence,133.23
111,47,64,payment,270.15
72,69,3,existence,201.11
49,16,33,payment,139.3
52,7,45,payment,90.84
28,8,20,debt,106.1
6,3,3,payment,31.6
82,79,3,payment,234.52
28,15,13,payment,73.88
18,14,4,payment,50.14
30,5,25,existence,41.43
44,41,3,payment,126.97
132,75,57,existence,238.18
29,22,7,debt,92.31
49,39,10,existence,148.93
55,51,4,debt,123.69
45,18,27,debt,133.62
8,7,1,debt,54.04
14,4,10,payment,42.8
82,80,2,debt,201.73
38,35,3,payment,84.37
141,39,102,debt,368.44
78,33,45,existence,182.54
29,11,18,debt,92.36
101,22,79,debt,154.87
71,47,24,debt,204.19
111,97,14,debt,308.95
58,57,1,existence,177.58
105,34,71,payment,186.93
11,10,1,debt,47.91
128,101,27,debt,368.48
147,47,100,debt,370.43
99,41,58,payment,246.94
19,17,2,debt,67.11
141,67,74,existence,288.12
132,88,44,debt,436.37
9,6,3,existence,26.26
129,111,18,existence,412.57
5,4,1,debt,31.87
25,1,24,existence,49.2
111,72,39,existence,304.61
63,9,54,debt,144.34
115,101,14,debt,408.95
105,48,57,existence,278.87
137,16,121,debt,278.98
62,38,24,payment,181.03
43,32,11,debt,97.75
35,29,6,payment,114.7
148,100,48,debt,494.43
111,46,65,existence,217.75
39,33,6,payment,114.4
106,52,54,debt,275.74
148,33,115,debt,394.61
118,1,117,debt,244.82
50,48,2,debt,140.92
141,12,129,debt,229.3
123,90,33,payment,230.01
30,25,5,existence,77.53
130,89,41,existence,375.34
23,12,11,debt,66.89
67,20,47,existence,164.78
4,4,0,existence,11.37
11,7,4,existence,17.95
151,112,39,debt,541.8
84,53,31,debt,188.72
41,38,3,payment,129.14
93,37,56,debt,202.99
34,7,27,payment,79.97
28,22,6,debt,108.65
153,25,128,payment,383.05
88,78,10,payment,258.58
145,103,42,debt,416.92
29,24,5,existence,103.59
59,21,38,existence,98.5
23,10,13,debt,60.34
85,49,36,existence,165.58
150,138,12,payment,386.98
151,90,61,payment,283.02
40,17,23,existence,102.92
109,28,81,payment,255.91
17,12,5,existence,40.45
125,50,75,debt,242.36
23,16,7,debt,85.3
98,71,27,debt,326.91
124,109,15,existence,273.48
71,60,11,payment,178.88
84,20,64,existence,166.26
95,77,18,debt,208.36
5,5,0,debt,21.84
82,75,7,payment,248.47
5,5,0,debt,27.61
80,19,61,debt,169.36
22,10,12,debt,77.53
60,8,52,debt,123.1
74,28,46,payment,128.28
68,53,15,existence,237.18
108,36,72,payment,280.84
116,115,1,payment,406.76
81,27,54,debt,242.77
144,137,7,payment,492.12
57,8,49,existence,106.71
98,5,93,payment,125.59
43,23,20,existence,111.08
106,31,75,payment,173.69
110,47,63,payment,223.86
35,30,5,debt,117.63
157,26,131,debt,355.24
151,37,114,debt,238.64
15,11,4,debt,66.17
59,25,34,debt,203.14
85,24,61,debt,189.95
62,55,7,debt,201.43
61,38,23,payment,156.96
45,3,42,payment,82.29
28,15,13,payment,63.34
76,40,36,debt,253.27
111,107,4,payment,228.64
16,14,2,existence,52.7
106,6,100,payment,204.65
59,4,55,payment,110.34
135,91,44,existence,235.29
38,10,28,payment,83.57
157,45,112,payment,291.84
59,52,7,existence,139.58
142,87,55,existence,448.38
149,56,93,existence,228.57
101,11,90,debt,230.56
99,64,35,debt,298.5
6,6,0,existence,20.89
93,73,20,existence,244.71
133,113,20,existence,374.99
85,26,59,debt,194.43
104,3,101,payment,266.28
88,15,73,payment,162.54
35,6,29,existence,65.02
141,43,98,existence,349.95
31,27,4,payment,108
85,18,67,payment,218.78
112,63,49,existence,221.99
95,27,68,existence,225.99
25,16,9,debt,75.83
155,47,108,debt,446.22
123,110,13,payment,443.94
121,57,64,debt,338.35
18,12,6,debt,48
89,31,58,debt,165.49
11,4,7,debt,52.82
32,15,17,existence,75.09
106,40,66,debt,220.18
143,69,74,existence,308.72
87,86,1,payment,224.77
45,8,37,debt,133.6
38,32,6,debt,140.76
127,21,106,debt,349.51
151,116,35,existence,361.91
109,91,18,debt,402.31
19,19,0,payment,62.32
15,12,3,existence,32.03
19,4,15,payment,55.67
137,69,68,debt,370.65
122,5,117,existence,156.17
118,77,41,debt,288.54
129,32,97,payment,332.46
48,40,8,existence,126.83
39,30,9,existence,102.98
73,71,2,payment,233.89
11,6,5,existence,20.32
36,28,8,existence,105.61
78,63,15,existence,173.77
25,25,0,existence,91.29
5,1,4,payment,18.78
7,3,4,payment,22
13,11,2,payment,45.37
112,105,7,payment,301.4
51,15,36,debt,85.29
137,45,92,existence,262.12
77,35,42,existence,208.41
141,60,81,existence,394.75
94,89,5,payment,338.57
15,9,6,payment,39.94
26,21,5,existence,62.76
63,3,60,debt,127.07
64,45,19,existence,177.08
142,86,56,payment,395.37
86,35,51,existence,222.16
69,44,25,payment,227.38
136,23,113,payment,279.28
101,100,1,debt,317.38
117,48,69,existence,333.83
11,8,3,payment,37.71
150,57,93,existence,272.66
72,21,51,payment,148.3
149,64,85,existence,360.82
32,2,30,existence,72.52
98,97,1,payment,224.79
133,90,43,payment,347.9
36,1,35,existence,58.64
58,24,34,debt,160.65
19,18,1,payment,65.96
79,23,56,existence,119.01
52,44,8,existence,175.54
79,19,60,payment,179.83
102,99,3,debt,307.34
97,80,17,debt,204.12
104,32,72,debt,224.14
131,63,68,payment,268.59
31,3,28,debt,62.56
47,41,6,payment,154
42,23,19,existence,128.02
69,62,7,debt,184.03
127,74,53,existence,367.86
153,34,119,debt,380.95
18,18,0,existence,40.65
76,29,47,debt,240.73
78,45,33,payment,226.28
151,127,24,debt,476.82
45,34,11,existence,107.77
148,1,147,debt,259.77
119,74,45,existence,266.68
157,145,12,payment,380.4
128,58,70,debt,385.3
88,5,83,debt,168.7
142,86,56,debt,413.62
123,89,34,debt,313.37
115,4,111,payment,161.92
116,26,90,debt,275.39
125,93,32,existence,356.57
63,60,3,existence,192.36
30,27,3,existence,97.2
63,44,19,existence,131.13
28,22,6,debt,76.61
127,79,48,debt,251.15
148,127,21,existence,413.31
5,5,0,payment,29.56
49,49,0,existence,156.5
61,35,26,debt,135.84
122,38,84,payment,300.61
127,115,12,debt,394.57
94,11,83,debt,215.65
122,18,104,payment,211.53
148,111,37,payment,370.82
103,11,92,existence,230.64
1,1,0,existence,2.62
71,43,28,payment,174.44
65,44,21,payment,199.4
86,50,36,payment,203.61
49,20,29,existence,132.2
112,86,26,existence,269.77
20,4,16,debt,38.47
47,26,21,debt,119.9
146,94,52,existence,484.24
2,2,0,payment,22.57
150,8,142,debt,298.33
12,12,0,payment,44.89
8,4,4,existence,24.17
119,112,7,debt,364.64
136,24,112,debt,298.82
18,5,13,payment,54.94
82,18,64,debt,142.06
75,33,42,existence,221.8
144,77,67,payment,317.66
126,97,29,payment,302.1
79,30,49,payment,213.21
106,23,83,existence,210.87
156,134,22,existence,366.7
40,7,33,debt,102.29
20,10,10,existence,33.15
155,52,103,existence,264.03
110,14,96,debt,285.38
125,7,118,debt,181.52
3,1,2,payment,18.23
120,36,84,debt,298.48
34,6,28,debt,88.79
112,76,36,existence,232.11
64,22,42,payment,153.36
76,49,27,debt,224.74
86,33,53,payment,211.72
96,91,5,debt,338.47
131,88,43,debt,274.52
148,71,77,debt,288
143,123,20,debt,362.38
107,29,78,existence,224.87
74,10,64,debt,172.19
96,34,62,debt,243.12
50,30,20,payment,162.75
99,52,47,payment,232.05
114,31,83,existence,269.39
29,6,23,existence,66.63
51,3,48,debt,140.86
25,1,24,existence,58.79
9,5,4,debt,54.72
106,16,90,payment,152.61
23,5,18,payment,37.61
18,17,1,debt,56.93
141,68,73,payment,388.7
79,27,52,existence,139.9
134,115,19,existence,387.3
14,14,0,payment,55.73
141,84,57,debt,433.07
11,3,8,debt,41.38
10,8,2,existence,18.46
8,7,1,existence,17.93
125,56,69,existence,225.09
38,11,27,payment,104.43
20,15,5,debt,77.23
75,67,8,debt,159.4
54,2,52,existence,128.15
34,6,28,debt,78.29
79,41,38,payment,134.69
129,58,71,payment,255.79
28,7,21,debt,73.07
30,15,15,existence,50.32
105,76,29,debt,250.75
36,27,9,existence,101.55
120,28,92,payment,227.89
61,19,42,existence,99.16
56,3,53,existence,72.07
60,57,3,debt,147.55
29,26,3,debt,104.1
53,13,40,payment,101.82
155,96,59,existence,301.29
105,24,81,existence,254.09
63,29,34,payment,123.78
143,109,34,payment,523.33
103,65,38,existence,270.92
143,25,118,existence,349.05
45,31,14,existence,150.23
10,4,6,payment,42.26
45,27,18,payment,134.98
139,51,88,payment,285.45
127,32,95,existence,251.34
104,85,19,payment,332.27
134,26,108,debt,351.27
69,64,5,debt,205.32
75,24,51,existence,193.16
152,31,121,existence,255.8
16,6,10,payment,63.61
149,47,102,debt,338.69
128,124,4,existence,402.81
157,129,28,payment,396.43
121,65,56,debt,258.24
118,6,112,debt,278.69
155,53,102,existence,386.55
33,17,16,payment,81.77
147,64,83,existence,372.15
102,78,24,existence,250.57
13,3,10,debt,54.29
134,109,25,payment,407.26
58,49,9,debt,160.32
155,61,94,debt,462.38
157,149,8,existence,439.21
88,61,27,debt,192.21
10,2,8,existence,27.1
69,56,13,existence,172.45
43,29,14,debt,131.74
104,91,13,payment,274.64
6,2,4,existence,10.7
95,28,67,existence,205.26
67,29,38,payment,189.34
109,90,19,debt,328.98
20,19,1,existence,38.7
101,93,8,existence,256.07
102,71,31,existence,234.31
138,85,53,payment,402.62
96,66,30,debt,272.75
38,10,28,payment,78
53,40,13,payment,125.14
42,16,26,existence,91.08
81,5,76,debt,159.25
4,2,2,payment,26.86
25,17,8,existence,61.37
30,5,25,payment,71.42
106,83,23,debt,331.75
16,2,14,payment,50.06
113,78,35,payment,348.12
30,30,0,payment,115.11
4,3,1,payment,20.48
71,1,70,existence,175.95
60,28,32,debt,189.98
142,110,32,debt,348.08
30,9,21,existence,55.86
123,21,102,debt,299.42
75,48,27,payment,134.8
77,47,30,debt,258.84
93,87,6,existence,257.7
154,61,93,debt,393.34
34,6,28,existence,78.89
38,35,3,debt,131.36
148,74,74,payment,310.63
148,26,122,payment,301.69
13,3,10,debt,52.6
64,1,63,payment,99.56
135,109,26,debt,281.77
117,47,70,existence,275.38
76,51,25,payment,201.49
136,84,52,existence,421.41
55,7,48,debt,126.74
53,23,30,existence,104.94
74,45,29,debt,173.33
80,31,49,debt,240.7
51,24,27,existence,94.19
55,24,31,payment,171.38
88,41,47,existence,209.9
108,71,37,existence,297.29
114,85,29,payment,354.82
103,22,81,payment,158.1
37,31,6,existence,84.1
106,11,95,debt,299.53
70,50,20,payment,160.45
104,15,89,debt,171.08
21,15,6,debt,65.48
111,45,66,payment,258.45
113,40,73,debt,219.6
50,8,42,debt,148.11
18,16,2,existence,55.73
54,29,25,payment,131.43
89,55,34,existence,218.65
29,10,19,payment,77.2
91,46,45,debt,231.6
108,51,57,payment,231.04
134,120,14,existence,348.39
22,16,6,debt,102.44
120,113,7,existence,346.88
4,4,0,payment,27.97
115,24,91,payment,168.73
144,132,12,payment,461.62
86,83,3,existence,198.96
83,28,55,existence,123.19
156,52,104,existence,251.88
142,122,20,payment,405.62
68,10,58,debt,159.64
121,100,21,existence,242.87
6,3,3,payment,21.24
67,20,47,debt,154.49
136,79,57,payment,274.03
132,97,35,debt,428.13
36,6,30,existence,87.32
87,53,34,debt,199.39
84,28,56,existence,204.86
147,94,53,payment,353.42
139,128,11,debt,416.89
132,29,103,existence,316.88
53,1,52,debt,123.2
31,4,27,existence,43.74
30,6,24,existence,44.04
89,17,72,payment,232.01
143,141,2,payment,432.52
107,46,61,existence,307.79
104,51,53,payment,237.76
145,123,22,existence,427.69
67,13,54,payment,131.03
63,44,19,debt,160.17
60,44,16,debt,216.62
54,28,26,existence,163.41
127,106,21,existence,353.58
31,6,25,debt,76.18
49,25,24,existence,117.41
144,94,50,existence,348.88
3,3,0,debt,24.75
20,2,18,existence,29.16
43,6,37,payment,87.12
105,19,86,debt,157.5
105,84,21,payment,201.85
148,121,27,existence,274.16
34,24,10,debt,91.55
62,22,40,debt,170.9
149,55,94,existence,424.02
156,36,120,payment,318.07
64,30,34,payment,121.08
103,50,53,existence,250.21
91,41,50,existence,279.45
80,14,66,existence,113.69
83,32,51,existence,149.39
37,7,30,payment,78.49
69,56,13,payment,142.69
121,20,101,payment,211.98
57,29,28,debt,159.02
101,73,28,payment,349.11
62,60,2,payment,196.53
92,66,26,debt,299.05
84,44,40,debt,182
76,17,59,existence,116.26
73,1,72,debt,107.22
139,35,104,debt,260.2
29,8,21,debt,69.78
107,73,34,existence,290.14
37,3,34,debt,93.53
36,25,11,existence,115.39
139,72,67,debt,366.28
86,28,58,debt,154.64
108,22,86,debt,239.76
21,4,17,existence,30.86
3,3,0,existence,9.7
46,27,19,existence,125.35
151,7,144,existence,356.92
61,53,8,payment,209.24
70,50,20,existence,205.94
90,89,1,payment,201.4
7,6,1,existence,17.34
14,6,8,payment,42.12
144,72,72,debt,323.3
75,29,46,payment,203.93
90,4,86,debt,141.76
148,119,29,debt,385.35
112,75,37,payment,311.57
102,36,66,payment,225.16
87,42,45,debt,209.7
12,9,3,payment,46.52
124,111,13,existence,256.21
108,32,76,debt,248.83
33,12,21,debt,115.28
83,73,10,payment,177.55
62,56,6,payment,158.26
50,4,46,existence,121.22
92,88,4,existence,349.1
37,25,12,debt,85.83
31,3,28,existence,58.62
112,51,61,payment,255.19
39,1,38,debt,97.66
112,19,93,existence,269.34
127,35,92,debt,336.73
8,2,6,existence,16.35
152,71,81,payment,309.88
133,63,70,existence,263.61
100,39,61,payment,306.58
148,114,34,payment,429.09
23,10,13,debt,61.77
19,12,7,existence,30.62
134,57,77,existence,383.93
153,85,68,debt,452.89
62,30,32,debt,187.73
75,15,60,payment,169.67
70,21,49,payment,205.12
54,29,25,payment,144.52
17,3,14,payment,39.84
76,75,1,debt,229.11
136,84,52,debt,433.47
141,90,51,existence,429.97
4,2,2,payment,23.84
27,13,14,existence,72.92
137,49,88,debt,285.62
135,59,76,existence,265.71
7,6,1,debt,41.04
86,12,74,debt,231.95
9,5,4,existence,18.25
131,47,84,existence,220.58
76,63,13,existence,172.1
32,6,26,existence,61.03
84,11,73,debt,142.24
20,1,19,existence,42.61
12,6,6,payment,34.66
57,11,46,debt,96.75
112,24,88,existence,285.23
116,97,19,existence,288.2
15,14,1,existence,37.69
26,13,13,debt,85.46
117,108,9,debt,349.5
93,9,84,debt,243.9
93,41,52,existence,273.55
79,59,20,debt,274.06
75,21,54,debt,194.24
19,9,10,existence,53.42
49,37,12,payment,128.49
90,74,16,debt,283.45
25,6,19,existence,39.47
102,30,72,debt,259.31
109,19,90,existence,295.47
37,22,15,debt,107.29
98,90,8,debt,314.9
8,3,5,debt,30.99
133,85,48,payment,380.09
62,15,47,payment,118.68
94,71,23,payment,217.94
44,22,22,payment,106.34
40,8,32,debt,91.98
100,1,99,existence,160.13
154,146,8,existence,492.75
59,41,18,existence,114.39
46,39,7,payment,114.47
116,19,97,payment,185.98
68,17,51,existence,143.5
102,35,67,payment,252.45
16,8,8,debt,43.36
87,41,46,payment,255.89
9,7,2,existence,25.32
63,62,1,payment,215.27
33,23,10,payment,107.06
128,89,39,existence,407.5
126,12,114,payment,288.31
125,65,60,debt,301.43
66,12,54,payment,159.85
88,29,59,existence,198.09
38,18,20,payment,84.24
145,134,11,debt,464.05
119,98,21,existence,353.1
72,54,18,existence,162.02
63,19,44,debt,119.8
139,128,11,payment,511.92
137,111,26,existence,366.68
2,2,0,payment,19.71
128,27,101,debt,211.27
107,81,26,payment,274.28
110,60,50,debt,215.36
76,68,8,payment,208.16
118,89,29,existence,341.95
37,16,21,payment,85.02
154,90,64,debt,336.03
2,2,0,payment,17.89
111,29,82,debt,186.06
151,85,66,debt,408.63
89,82,7,debt,244.93
71,33,38,debt,149.52
131,123,8,debt,322.61
116,96,20,existence,348.11
53,5,48,existence,107.5
10,4,6,debt,46.71
57,24,33,payment,171.76
93,92,1,payment,361.42
29,20,9,payment,100.22
43,9,34,payment,132.49
79,50,29,debt,239.68
82,49,33,existence,232.96
113,3,110,payment,186.4
81,32,49,payment,252.75
111,109,2,debt,433.05
137,75,62,existence,425.86
123,72,51,existence,247.51
79,32,47,payment,233.29
76,67,9,payment,172.03
54,22,32,payment,158.55
83,79,4,existence,158.27
9,9,0,existence,26.97
118,19,99,payment,247.12
103,12,91,debt,274.12
120,110,10,existence,299.73
128,115,13,debt,435.24
136,123,13,existence,322.28
5,4,1,debt,29.81
95,29,66,payment,203.41
82,67,15,debt,196.97
77,55,22,debt,233.38
141,32,109,debt,353.32
79,76,3,payment,260.85
106,88,18,payment,382.25
70,53,17,payment,223.66
135,101,34,existence,427.68
11,6,5,payment,32.19
99,21,78,debt,181.81
19,6,13,existence,54.61
77,8,69,debt,177.53
150,56,94,payment,356.35
78,54,24,payment,261.21
27,17,10,debt,70.09
155,6,149,payment,358.95
150,133,17,payment,364.88
118,52,66,payment,198.34
147,66,81,payment,330.71
125,72,53,existence,336.38
118,42,76,payment,342.92
26,15,11,debt,77.67
27,8,19,existence,53.27
7,6,1,debt,33.45
156,50,106,payment,438.12
70,26,44,payment,208.45
125,58,67,payment,369.49
19,15,4,debt,54.97
42,22,20,debt,124.41
56,37,19,debt,129.65
149,2,147,debt,212.75
35,4,31,payment,69.15
28,8,20,debt,85.64
39,13,26,existence,77.46
40,34,6,payment,151.67
38,36,2,payment,108.37
149,11,138,existence,338.25
124,64,60,existence,333.64
89,14,75,debt,213.01
51,8,43,existence,104.68
64,42,22,existence,144.42
148,2,146,existence,315.93
44,44,0,existence,139.94
1,1,0,debt,15.74
17,15,2,payment,55.98
111,5,106,payment,207.98
1,1,0,debt,20.8
75,53,22,debt,187.49
22,9,13,debt,63.19
30,21,9,existence,86.13
37,22,15,payment,91.76
94,88,6,payment,338.51
138,106,32,payment,276.8
20,12,8,debt,73.03
26,7,19,existence,47.21
155,92,63,payment,381.04
72,38,34,existence,145.99
28,7,21,payment,70.08
27,22,5,existence,53.91
57,1,56,existence,113.23
130,115,15,payment,339.78
24,17,7,payment,76.42
60,22,38,debt,188.14
121,35,86,existence,262.5
84,69,15,existence,268.63
39,15,24,existence,77.62
45,31,14,payment,141.58
104,59,45,existence,328.34
5,5,0,existence,10.98
114,31,83,existence,219.75
71,19,52,payment,115.35
92,66,26,payment,275.86
62,12,50,existence,144.95
88,21,67,payment,216.84
68,51,17,debt,212.19
21,21,0,debt,70.46
64,62,2,existence,155.31
3,2,1,existence,6.68
32,14,18,payment,66.47
68,55,13,payment,230.43
129,41,88,payment,237.17
74,45,29,payment,154.55
113,5,108,debt,198.27
85,8,77,payment,142.79
125,116,9,existence,277.61
151,10,141,existence,258.12
77,37,40,debt,240.59
103,15,88,debt,269.1
147,14,133,existence,296.4
56,2,54,debt,107.68
96,24,72,debt,206.77
9,8,1,existence,29.93
20,19,1,payment,61.46
108,99,9,payment,345.96
118,16,102,existence,304.41
153,5,148,payment,342.46
99,85,14,debt,338.12
71,1,70,debt,111.89
83,48,35,debt,249.95
118,55,63,debt,295.73
11,1,10,debt,46.84
122,2,120,existence,165.71
148,28,120,payment,406.55
96,2,94,payment,171.21
21,9,12,existence,55.97
118,57,61,payment,223.51
52,40,12,payment,148.68
115,59,56,existence,289
120,107,13,existence,397.14
72,50,22,payment,180.07
105,9,96,payment,212.72
71,10,61,existence,130.66
58,2,56,debt,90.58
11,5,6,payment,40.09
61,55,6,debt,152.47
38,17,21,payment,100.17
24,2,22,existence,60.96
49,34,15,payment,169.72
81,12,69,payment,157.41
108,74,34,payment,232.09
44,6,38,payment,122.63
14,3,11,payment,44.57
72,3,69,payment,196.7
73,52,21,payment,246.19
150,2,148,existence,221.02
14,9,5,debt,69.57
33,5,28,existence,81.93
68,5,63,debt,139.47
130,19,111,existence,226.54
121,65,56,debt,372.76
120,27,93,payment,282.74
152,53,99,debt,334.49
133,88,45,existence,336.59
131,79,52,payment,258.19
30,29,1,debt,78.53
112,103,9,payment,225.83
100,5,95,debt,262.98
31,20,11,debt,116.85
66,65,1,existence,237.56
68,51,17,existence,151.2
35,35,0,debt,99.98
89,53,36,payment,218.15
72,15,57,existence,106.58
18,5,13,debt,54.47
148,119,29,debt,421.77
144,9,135,payment,217.53
141,20,121,debt,304.98
114,105,9,debt,297.23
96,75,21,payment,262.41
63,40,23,existence,146.81
70,59,11,existence,161.62
7,5,2,debt,40.46
5,1,4,debt,26.08
89,21,68,debt,184.08
79,27,52,debt,197.57
40,36,4,debt,155.24
10,8,2,payment,41.03
115,73,42,debt,360.53
33,31,2,existence,103.92
78,13,65,existence,196.47
132,114,18,debt,415.96
83,62,21,debt,185.87
96,85,11,debt,335.32
128,120,8,debt,395.69
77,74,3,existence,172.16
5,5,0,payment,31.06
17,17,0,debt,68.11
157,95,62,debt,413.01
51,51,0,payment,180.93
120,48,72,payment,300.81
26,17,9,existence,71.13
106,91,15,debt,296.19
49,38,11,existence,148.78
93,77,16,existence,197.66
25,23,2,debt,97.34
96,74,22,existence,221.38
19,4,15,debt,48.81
7,3,4,debt,39.14
34,27,7,existence,102.22
44,21,23,payment,110.67
58,55,3,existence,148.89
139,110,29,payment,410.62
25,7,18,payment,68.76
17,9,8,debt,65.27
43,26,17,debt,140.13
15,7,8,payment,39.71
36,33,3,existence,119.54
90,21,69,existence,162.04
67,22,45,payment,133.92
133,20,113,existence,241.33
124,71,53,debt,295.29
36,31,5,debt,115.38
119,53,66,debt,228.74
82,39,43,debt,188.06
72,19,53,existence,109.32
108,56,52,existence,269.55
151,77,74,payment,464.7
2,2,0,existence,5.45
87,33,54,existence,232.94
126,117,9,debt,395.6
24,19,5,debt,103.35
39,35,4,existence,121.29
93,66,27,payment,319.89
56,4,52,debt,130.14
18,12,6,debt,69.92
83,12,71,existence,182.16
74,28,46,payment,206.59
156,53,103,payment,316.89
66,50,16,payment,223.94
146,128,18,existence,461.54
143,40,103,existence,350.04
71,48,23,payment,169.2
74,38,36,existence,201.41
62,1,61,payment,117.95
40,16,24,debt,110.64
45,22,23,debt,100.6
35,7,28,existence,51.3
137,124,13,payment,323.76
114,110,4,debt,343.12
149,130,19,existence,398.3
54,34,20,debt,115.48
2,1,1,existence,3.9
41,21,20,debt,137.9
133,1,132,existence,278.08
42,36,6,existence,143.34
17,8,9,payment,59.12
106,20,86,payment,209.46
75,36,39,payment,176.46
38,36,2,payment,125.8
67,58,9,payment,186.32
20,13,7,payment,71.8
60,34,26,debt,192.64
39,20,19,debt,107.16
124,75,49,debt,353.27
125,18,107,payment,279.23
89,63,26,debt,192.13
133,34,99,payment,270.33
143,132,11,existence,432.62
60,45,15,debt,236.09
112,110,2,existence,363.56
131,19,112,payment,210.24
133,127,6,payment,455.83
83,29,54,payment,238.95
56,4,52,payment,130.12
1,1,0,payment,13.42
146,7,139,payment,233.89
101,55,46,debt,235.63
48,6,42,debt,128.03
154,76,78,existence,299.57
91,51,40,debt,200.73
131,1,130,existence,191.05
92,85,7,debt,354.33
76,9,67,existence,113.29
76,9,67,debt,151.75
122,16,106,payment,278.91
146,80,66,debt,419.03
29,9,20,payment,93.1
119,71,48,existence,347.74
150,95,55,payment,446.1
16,14,2,debt,68.62
94,21,73,payment,139.12
61,55,6,debt,145.58
147,134,13,debt,508.11
71,50,21,payment,187.91
115,30,85,debt,263.1
155,153,2,debt,434.78
9,1,8,existence,12.39
87,61,26,existence,252.78
81,26,55,existence,165.77
23,19,4,existence,58.4
21,18,3,debt,61.17
37,22,15,debt,82.91
3,3,0,payment,12.8
123,34,89,debt,213.27
70,61,9,payment,260.02
79,59,20,payment,271.7
100,43,57,debt,243.55
97,10,87,payment,177.24
107,69,38,payment,239.08
63,63,0,existence,170.64
21,9,12,existence,59.38
10,4,6,payment,37.14
138,21,117,existence,262.55
37,11,26,existence,72.65
1,1,0,debt,31.7
110,56,54,debt,327.03
7,1,6,payment,31.05
134,120,14,existence,432.98
26,24,2,debt,67.9
143,45,98,payment,348.26
144,35,109,existence,344.86
85,22,63,payment,231.51
2,2,0,payment,21.9
116,85,31,payment,268.79
4,3,1,payment,17.2
15,8,7,existence,35.45
77,7,70,payment,143.08
135,129,6,debt,426.54
78,68,10,debt,281.89
34,10,24,existence,52.5
136,109,27,debt,433.21
117,109,8,debt,388.48
140,111,29,payment,366.93
15,3,12,payment,37.05
50,20,30,existence,123.29
109,30,79,debt,210.87
11,2,9,debt,36.74
154,67,87,debt,336.69
142,110,32,debt,345.94
105,95,10,existence,320.97
35,7,28,existence,47.74
76,68,8,payment,186.41
154,64,90,existence,411.41
146,27,119,existence,272.48
131,26,105,existence,334.98
26,8,18,debt,78.52
127,24,103,payment,260.56
71,50,21,payment,239.83
52,25,27,existence,117
156,113,43,payment,397.08
22,9,13,debt,85.07
104,77,27,payment,283.94
83,83,0,debt,291.82
71,48,23,payment,145.68
115,115,0,payment,358.69
150,148,2,existence,489.64
56,56,0,debt,170.18
127,42,85,payment,275.36
22,19,3,debt,89.95
95,29,66,debt,162.8
67,33,34,payment,123.81
1,1,0,existence,3.43
2,2,0,debt,13.87
75,29,46,payment,201.44
109,107,2,payment,278.45
112,17,95,payment,182.58
119,66,53,payment,368.46
143,105,38,payment,456.65
116,101,15,existence,350.42
112,4,108,existence,202.57
134,87,47,existence,261.08
43,17,26,existence,103.23
63,45,18,existence,174.82
63,58,5,debt,184.56
125,20,105,existence,194.33
125,104,21,existence,338.53
112,12,100,debt,222.69
65,19,46,payment,149.8
62,44,18,existence,189.49
109,105,4,debt,374.83
63,4,59,existence,156.25
59,39,20,debt,174.14
154,24,130,existence,393.87
71,2,69,payment,176.86
115,71,44,debt,269.8
139,101,38,existence,329.33
78,13,65,payment,167.9
149,1,148,payment,318.39
127,10,117,existence,167.26
112,112,0,payment,336.03
57,11,46,debt,159.39
11,4,7,payment,44.02
35,18,17,debt,84.28
84,81,3,existence,283.28
90,69,21,existence,296.36
60,41,19,payment,201.52
62,38,24,debt,174.06
52,34,18,debt,139.56
90,22,68,debt,241.12
80,37,43,existence,168.09
90,73,17,debt,355.17
131,96,35,payment,404.97
42,10,32,payment,83.47
108,13,95,debt,192.04
89,32,57,existence,192.81
74,45,29,payment,128.17
148,141,7,existence,460.88
105,17,88,debt,209.64
50,6,44,payment,128.96
129,68,61,existence,345.43
75,73,2,existence,200
142,123,19,debt,352.09
114,69,45,existence,213.72
77,4,73,existence,132.01
32,2,30,existence,74.64
52,17,35,payment,148.34
34,33,1,payment,103.79
46,5,41,payment,106.59
142,57,85,payment,423.2
138,133,5,existence,401.15
2,2,0,payment,22.09
140,21,119,existence,307.68
145,13,132,existence,216.24
77,57,20,debt,217.51
43,1,42,payment,62.95
8,4,4,debt,40.73
132,50,82,payment,232.64
24,13,11,debt,74.91
129,113,16,existence,372.91
18,5,13,payment,58.07
20,2,18,existence,30.83
1,1,0,debt,19.28
23,22,1,debt,100.84
111,19,92,debt,257.44
141,122,19,debt,549.96
154,72,82,existence,280.54
32,18,14,payment,83.41
13,8,5,existence,36.95
55,18,37,debt,102.58
104,62,42,debt,243.76
114,32,82,payment,313.65
82,28,54,payment,204.93
114,108,6,payment,392.56
13,12,1,payment,42.37
128,21,107,debt,350.51
14,12,2,payment,57.07
45,19,26,payment,145.1
137,109,28,payment,491.91
51,31,20,payment,95.14
114,107,7,existence,323.46
116,95,21,payment,383.4
39,38,1,existence,114.63
42,40,2,payment,152
12,12,0,payment,50.85
138,63,75,payment,272.53
149,14,135,payment,275.95
10,10,0,payment,39.88
129,28,101,debt,369.29
77,72,5,existence,192.2
60,16,44,existence,99.22
45,38,7,payment,113.92
128,4,124,debt,256.02
101,81,20,debt,271.28
97,40,57,existence,163.44
145,57,88,debt,368.24
88,34,54,debt,171.87
41,19,22,payment,118.45
54,47,7,payment,166.48
50,19,31,payment,128.39
135,109,26,payment,467.89
105,86,19,existence,232.88
66,26,40,payment,211.15
153,80,73,payment,248.05
26,18,8,payment,75.03
93,44,49,debt,275.92
28,12,16,payment,74.57
58,32,26,payment,146.05
78,23,55,debt,228.85
122,80,42,payment,388.8
81,21,60,payment,198.08
108,25,83,existence,215.25
83,33,50,existence,220.14
20,3,17,existence,36.78
86,44,42,payment,241.69
39,21,18,existence,100.63
35,33,2,existence,96.84
65,4,61,debt,114.87
93,19,74,existence,197.09
94,20,74,debt,238.72
121,89,32,debt,373.6
99,46,53,debt,236.5
87,42,45,existence,236.86
29,19,10,existence,61.09
142,15,127,payment,323.85
57,9,48,debt,107.05
57,1,56,debt,117.59
147,14,133,debt,228.98
120,9,111,debt,170.74
64,49,15,payment,182.38
155,23,132,debt,433.28
53,8,45,existence,130.89
79,42,37,existence,223.83
113,20,93,existence,287.41
58,49,9,debt,215.97
156,72,84,payment,472.65
99,89,10,existence,354.14
106,7,99,existence,266.1
131,130,1,debt,419.79
45,19,26,existence,112.04
76,15,61,payment,174.79
127,119,8,debt,383.97
66,49,17,existence,166.22
38,13,25,payment,95.29
114,69,45,debt,223.16
153,29,124,debt,397.55
87,33,54,existence,233.28
130,53,77,payment,287.65
5,3,2,payment,26.14
105,96,9,payment,311.18
87,55,32,existence,241.64
120,73,47,existence,348.38
23,6,17,payment,59.66
85,35,50,existence,189.53
86,41,45,debt,187.03
26,3,23,existence,52.14
65,43,22,debt,157.17
50,9,41,debt,131.78
47,46,1,existence,158.71
137,121,16,payment,315.05
67,47,20,payment,172.35
118,86,32,debt,302.12
38,11,27,payment,103.87
12,4,8,debt,48.77
154,108,46,existence,346.87
68,23,45,debt,125.98
107,86,21,payment,358.24
13,8,5,existence,39.45
69,48,21,existence,165.6
135,45,90,payment,377.24
30,13,17,debt,92.18
45,39,6,payment,162.87
157,11,146,debt,261.99
142,92,50,debt,329.46
21,20,1,existence,74.3
38,6,32,debt,88.4
9,3,6,debt,53.32
57,13,44,payment,160.76
77,7,70,existence,100.87
119,7,112,debt,298.74
4,2,2,debt,37.15
95,2,93,payment,133.23
50,40,10,existence,125.26
33,19,14,debt,92.49
113,89,24,debt,245.54
150,1,149,payment,288.47
29,29,0,debt,130.04
24,2,22,debt,44.79
91,74,17,payment,285.2
71,60,11,debt,190.21
139,62,77,existence,368.83
113,68,45,payment,265.18
79,47,32,debt,210.7
98,76,22,debt,347.76
80,54,26,existence,217.6
139,14,125,debt,293.05
45,21,24,existence,86.57
112,24,88,existence,247.27
132,124,8,existence,312.55
113,47,66,debt,343.87
84,13,71,existence,108.56
74,13,61,payment,212.74
126,48,78,debt,355.59
95,93,2,existence,356.99
16,8,8,payment,50.96
130,75,55,existence,378.37
133,50,83,debt,394.06
64,36,28,payment,175.74
4,3,1,existence,11.82
77,31,46,debt,229.82
136,96,40,debt,439.08
18,13,5,debt,68.7
66,33,33,debt,181.71
101,34,67,existence,226.49
105,94,11,payment,295.62
113,85,28,existence,229.28
12,7,5,debt,49.97
153,18,135,debt,250.09
77,50,27,payment,214.4
32,15,17,payment,81.6
115,96,19,payment,322.91
147,132,15,debt,478.04
138,75,63,payment,379.21
108,49,59,existence,258.18
74,16,58,existence,129.38
45,42,3,existence,106.13
156,82,74,existence,408.71
3,2,1,debt,32.42
71,18,53,existence,188.06
131,58,73,existence,283.41
32,30,2,payment,92.8
140,83,57,payment,390.57
32,16,16,payment,91.8
50,6,44,payment,94.59
34,15,19,existence,69.77
99,6,93,existence,151.29
126,47,79,debt,218.16
32,26,6,existence,108.39
60,3,57,existence,94.92
85,17,68,payment,238.42
138,73,65,existence,366.75
55,20,35,debt,125.86
110,98,12,debt,252.75
129,75,54,payment,352.23
21,6,15,existence,48.49
95,11,84,payment,158.92
153,7,146,existence,324.72
108,10,98,existence,188.66
144,59,85,debt,282.67
62,7,55,payment,128.47
109,70,39,payment,284.54
49,1,48,payment,83.81
130,42,88,debt,369.36
94,33,61,debt,182.3
22,8,14,payment,60.25
26,18,8,payment,60.68
105,105,0,existence,320.78
153,40,113,debt,320.46
127,97,30,existence,254.01
46,13,33,payment,83.34
33,2,31,payment,69.91
23,3,20,payment,59.83
53,24,29,existence,132.11
71,25,46,debt,193.66
16,13,3,existence,35.47
105,53,52,payment,241.75
106,2,104,payment,268.53
53,34,19,payment,132.82
152,42,110,debt,354.06
79,21,58,existence,184.41
148,21,127,debt,396.34
25,4,21,debt,66.08
120,9,111,payment,219.54
149,62,87,existence,254.28
142,3,139,debt,273.02
57,26,31,existence,159.54
100,50,50,payment,243.15
111,29,82,payment,301.68
151,73,78,debt,484.67
70,61,9,debt,238.77
85,31,54,payment,151.1
118,46,72,payment,306.38
5,4,1,existence,15.44
68,17,51,existence,194.08
100,98,2,payment,294.99
104,78,26,existence,313.58
51,32,19,debt,137.01
5,2,3,existence,14.41
126,22,104,existence,247.92
95,82,13,debt,244.97
139,111,28,debt,407.46
23,23,0,payment,58.51
132,94,38,existence,364.91
126,83,43,payment,346.93
45,22,23,debt,94.01
2,1,1,payment,14.11
15,10,5,existence,39.62
136,101,35,payment,346.26
6,2,4,payment,27.34
28,4,24,existence,41.23
21,20,1,existence,65.41
109,48,61,debt,227.98
149,8,141,existence,315.77
1,1,0,payment,10.39
107,2,105,payment,207.48
92,83,9,existence,275.57
65,16,49,existence,103.32
47,46,1,payment,158.61
9,8,1,debt,37.96
69,36,33,existence,122.09
102,22,80,payment,222.13
77,52,25,payment,257.35
27,6,21,debt,56.21
62,44,18,debt,144.67
153,96,57,payment,370.61
20,2,18,payment,39.21
49,29,20,existence,104.91
21,7,14,payment,48.41
75,11,64,payment,147.9
143,5,138,payment,264.97
79,28,51,payment,209.27
66,53,13,debt,222.59
112,67,45,debt,301.07
114,34,80,payment,252.12
49,40,9,payment,110.28
102,27,75,existence,234.67
156,67,89,existence,434.64
85,79,6,debt,282.54
115,12,103,debt,210.44
39,36,3,debt,129.55
38,14,24,debt,136.55
87,20,67,debt,270.41
88,37,51,payment,146.68
28,14,14,existence,78.76
91,33,58,payment,172.36
140,39,101,debt,306.73
118,27,91,payment,195.91
60,46,14,payment,161.55
126,12,114,existence,272.18
7,1,6,debt,24.62
45,24,21,debt,148.19
130,58,72,payment,253.64
14,9,5,debt,54.67
115,110,5,debt,322.32
55,50,5,payment,182.36
4,4,0,debt,34.06
79,20,59,existence,121.44
53,33,20,existence,140
146,104,42,existence,435.05
98,73,25,payment,224.75
135,31,104,payment,334.21
157,79,78,payment,501.99
59,17,42,payment,156.86
118,36,82,existence,298.29
145,129,16,existence,377.31
49,43,6,payment,173.02
87,22,65,payment,137.67
116,28,88,debt,271.49
96,56,40,payment,236.78
93,41,52,debt,262.86
97,69,28,debt,242.43
145,30,115,payment,250.83
23,10,13,debt,82.69
57,51,6,debt,168.97
67,56,11,existence,224.94
137,29,108,existence,225.65
107,86,21,payment,314.65
54,50,4,existence,178.08
17,16,1,debt,45.79
78,27,51,existence,162.43
25,13,12,existence,79.38
28,11,17,debt,73.97
28,27,1,debt,81.42
138,23,115,existence,242.66
123,122,1,debt,356.07
117,21,96,payment,263.42
157,107,50,payment,297.67
47,26,21,existence,115.88
62,3,59,debt,133.82
98,70,28,existence,230.83
129,87,42,existence,337.73
84,42,42,payment,232.43
7,2,5,existence,14.6
84,25,59,payment,213.43
94,92,2,debt,319.62
77,70,7,debt,260.58
126,101,25,payment,311.05
93,50,43,debt,259.46
136,63,73,existence,362.25
99,54,45,existence,220.76
149,29,120,payment,357.63
106,10,96,debt,168.68
36,28,8,debt,146.03
122,86,36,existence,371.06
52,2,50,debt,117.85
37,18,19,debt,89
86,57,29,payment,220.64
157,19,138,debt,250.2
69,69,0,payment,215.55
37,32,5,debt,105.66
138,112,26,debt,385.83
93,84,9,existence,254.02
68,53,15,debt,242.73
39,9,30,payment,86.45
122,102,20,payment,320.6
35,30,5,existence,84.44
150,1,149,payment,284.21
53,41,12,debt,179.86
157,76,81,payment,390.03
23,11,12,existence,63.27
37,37,0,payment,101.43
53,49,4,payment,149.05
118,95,23,existence,260.61
39,19,20,payment,85.14
71,31,40,payment,166.33
27,6,21,payment,45.1
77,46,31,existence,224.54
154,87,67,payment,333.38
19,14,5,debt,58.71
49,33,16,debt,123.86
62,7,55,debt,135.67
99,90,9,existence,320.87
59,50,9,debt,187.24
127,101,26,existence,312.65
19,3,16,existence,30.42
51,39,12,debt,157.1
45,15,30,existence,98.99
37,20,17,existence,94.03
87,68,19,debt,169.93
109,55,54,debt,276.65
20,14,6,payment,69.02
30,18,12,existence,57.04
96,95,1,debt,317.8
26,23,3,payment,66.7
36,35,1,existence,91.07
99,37,62,existence,205.16
43,32,11,existence,78.44
75,50,25,existence,197.32
68,3,65,debt,112.63
16,12,4,debt,77.3
53,21,32,payment,126.78
125,74,51,payment,285.94
23,20,3,payment,86.9
75,27,48,existence,129.68
29,14,15,debt,96.74
10,3,7,existence,18.11
146,77,69,debt,342.55
8,3,5,payment,28.92
64,56,8,debt,213.16
109,109,0,payment,351.19
52,5,47,existence,89.8
43,1,42,existence,101.17
149,26,123,existence,213.87
115,69,46,existence,267.11
7,7,0,payment,36.38
24,21,3,payment,91.71
96,5,91,debt,225.8
4,2,2,payment,19.89
84,79,5,existence,194.8
111,62,49,existence,282.82
87,42,45,existence,200.33
17,10,7,payment,48.01
143,69,74,existence,367.5
20,6,14,debt,42.76
70,11,59,existence,177.37
124,39,85,existence,345.43
119,102,17,existence,275.32
70,17,53,payment,178.64
71,14,57,payment,180.21
89,24,65,debt,162.72
58,16,42,debt,106.72
54,42,12,debt,174.6
50,45,5,debt,191.81
3,2,1,payment,25.61
97,23,74,existence,148.59
32,14,18,debt,82.15
70,32,38,debt,207.76
79,20,59,existence,130.31
59,33,26,debt,140.94
47,38,9,debt,176.7
64,43,21,existence,115.27
87,61,26,existence,156.52
53,43,10,existence,165.19
93,22,71,payment,164.43
51,3,48,debt,104.23
104,102,2,payment,362.51
50,48,2,debt,188.21
145,12,133,existence,271.02
36,1,35,payment,77.82
148,1,147,payment,329.18
35,13,22,debt,84.08
36,3,33,existence,66.71
118,50,68,existence,280.53
35,12,23,payment,88.48
80,22,58,debt,194.48
60,30,30,existence,143.1
92,25,67,debt,262.62
134,11,123,debt,343.69
89,12,77,debt,142.13
37,31,6,payment,144.86
140,134,6,debt,353.59
92,75,17,existence,270.08
75,19,56,debt,127.75
50,10,40,payment,75.63
38,11,27,existence,88.72
94,52,42,debt,260.94
78,57,21,existence,180.78
136,7,129,debt,253.08
18,18,0,existence,39.76
57,30,27,payment,157.09
35,3,32,existence,87.35
11,7,4,debt,38.56
149,62,87,payment,454.26
5,1,4,debt,26.79
119,77,42,payment,371.11
140,58,82,payment,370.47
36,1,35,payment,87.93
23,5,18,payment,65.08
68,7,61,debt,136.02
32,12,20,payment,97.66
37,9,28,payment,85.29
87,69,18,payment,280.65
107,50,57,payment,232.8
94,39,55,debt,241.11
10,7,3,existence,28.59
35,17,18,payment,68.42
14,12,2,debt,56.89
133,126,7,existence,424.54
148,88,60,payment,281.37
109,1,108,payment,284.33
1,1,0,debt,12.39
96,58,38,payment,210.19
118,93,25,debt,315.53
77,65,12,debt,237.62
21,14,7,payment,84.86
30,8,22,debt,80.54
79,22,57,debt,134.41
16,8,8,payment,54.4
122,72,50,payment,343.15
79,12,67,existence,189.03
131,76,55,existence,249.8
115,50,65,debt,325.24
35,3,32,existence,89.29
63,17,46,debt,166.24
113,102,11,debt,244.98
147,140,7,payment,399.12
27,26,1,existence,74.77
18,12,6,debt,76.09
137,27,110,payment,248.72
124,21,103,debt,255.66
126,104,22,payment,333.3
37,32,5,payment,121.03
13,10,3,debt,47.7
41,25,16,debt,126.8
128,66,62,existence,280.3
90,53,37,existence,181.35
145,141,4,debt,532.63
59,28,31,debt,153.43
76,20,56,existence,135.09
143,18,125,debt,313.29
37,17,20,debt,105.22
42,32,10,existence,131.91
24,9,15,existence,52.51
44,14,30,debt,107.83
155,81,74,payment,455.53
155,16,139,payment,323.48
5,4,1,existence,10.07
154,48,106,payment,395.63
144,72,72,debt,404.38
116,1,115,payment,198.11
82,28,54,existence,209.86
136,57,79,existence,266.01
11,9,2,debt,45.81
140,67,73,existence,393.93
33,24,9,existence,88.37
84,18,66,existence,123.18
147,67,80,payment,265.38
101,63,38,existence,320.05
74,12,62,existence,187.72
69,9,60,payment,171.61
73,39,34,debt,161.01
132,95,37,payment,393.83
57,24,33,existence,147.46
100,65,35,debt,263.85
121,60,61,existence,269.26
105,41,64,existence,214.71
72,55,17,payment,221.45
128,29,99,debt,278.37
149,124,25,payment,430.88
119,22,97,existence,293.01
154,74,80,existence,311.59
153,142,11,existence,367.62
15,8,7,debt,68.36
16,5,11,payment,35.43
63,43,20,existence,154.98
115,111,4,existence,324.56
78,61,17,payment,280.68
37,14,23,payment,69.11
16,8,8,existence,46.01
104,102,2,payment,311.24
37,17,20,existence,95.86
154,19,135,payment,403.07
32,31,1,payment,80.65
118,20,98,existence,295.77
145,79,66,payment,362.78
148,120,28,existence,447.59
63,48,15,debt,176.51
16,10,6,debt,74.32
119,8,111,debt,167.15
60,54,6,existence,169.77
30,15,15,debt,85.92
30,1,29,payment,48.56
25,10,15,payment,75.24
156,138,18,payment,396.89
110,58,52,debt,239.87
84,54,30,debt,249.02
71,54,17,debt,262.83
135,13,122,debt,220.39
43,8,35,existence,70.51
103,52,51,payment,235.92
78,72,6,payment,235.84
145,101,44,payment,484.12
80,66,14,payment,207.12
83,35,48,existence,151.95
28,4,24,payment,64.33
107,72,35,debt,295.74
12,7,5,payment,43.63
130,33,97,debt,215.47
51,21,30,payment,96.86
131,56,75,payment,360.4
156,134,22,debt,575.35
43,16,27,payment,127
49,36,13,payment,160.71
37,2,35,payment,70.79
7,6,1,debt,34.48
100,55,45,payment,278.97
82,28,54,existence,224.14
68,55,13,debt,220.57
125,54,71,payment,368.23
137,131,6,payment,479.1
149,91,58,existence,252.81
63,11,52,existence,154.8
152,129,23,debt,362.49
62,19,43,existence,151.7
96,56,40,payment,259.09
148,148,0,payment,411.02
2,1,1,existence,4.56
29,6,23,payment,57.47
22,20,2,existence,53.41
45,32,13,debt,133.57
3,2,1,debt,34.45
141,106,35,existence,449.36
68,60,8,existence,194.82
24,3,21,debt,82.98
11,11,0,debt,59.16
66,36,30,debt,152.05
8,6,2,debt,42.82
69,42,27,payment,206.28
41,34,7,payment,88.38
48,3,45,debt,137.04
49,1,48,payment,100.93
3,1,2,existence,7.52
88,58,30,payment,215.45
53,49,4,existence,127.92
100,74,26,existence,239.73
9,5,4,debt,30.47
113,96,17,debt,256.5
38,34,4,payment,117.92
123,14,109,existence,286.23
15,11,4,debt,52.35
63,18,45,payment,137.61
130,40,90,debt,277.9
125,113,12,payment,260.34
50,30,20,debt,139.43
45,18,27,debt,147.93
46,29,17,debt,176.03
69,10,59,existence,168.31
155,94,61,debt,411.28
143,112,31,existence,395.81
136,135,1,existence,427.26
5,1,4,existence,13.39
141,17,124,payment,302.36
141,32,109,payment,276.32
30,12,18,existence,51
128,70,58,existence,199.03
111,63,48,payment,336.47
85,74,11,payment,213.76
137,109,28,existence,476.47
5,5,0,payment,29.71
71,69,2,payment,244.83
67,41,26,existence,168.98
69,16,53,existence,115.15
112,94,18,debt,287.32
136,42,94,payment,240.97
84,72,12,payment,280.87
14,6,8,payment,33.55
120,86,34,payment,361.58
109,86,23,payment,269.46
44,29,15,existence,121.92
111,67,44,debt,254.5
49,17,32,debt,105.63
138,40,98,existence,376.15
118,9,109,existence,217.89
112,16,96,payment,284.76
153,105,48,existence,360.6
73,36,37,debt,150.84
115,81,34,payment,225.58
43,23,20,debt,104.53
8,2,6,payment,30.34
92,23,69,debt,248.78
51,41,10,existence,137.83
129,3,126,debt,265.59
33,5,28,debt,93.74
132,126,6,debt,467.39
120,76,44,debt,307.89
77,9,68,debt,168.02
128,116,12,existence,354.49
79,78,1,debt,215.01
145,48,97,existence,300.94
108,42,66,debt,182.35
131,40,91,payment,298.39
117,93,24,existence,285.43
70,16,54,payment,187.77
3,2,1,existence,7.08
131,73,58,payment,261.67
123,62,61,payment,279.88
89,86,3,payment,265.75
34,32,2,debt,118.65
70,51,19,debt,210.96
130,65,65,payment,341.33
114,58,56,payment,317.08
84,25,59,payment,171.44
125,86,39,payment,269.13
40,33,7,debt,148.58
6,1,5,debt,41.98
23,5,18,debt,77.97
22,11,11,debt,62.86
81,80,1,existence,273.15
111,11,100,debt,243.25
5,5,0,existence,16.34
56,50,6,debt,177.94
59,34,25,existence,111.87
137,85,52,debt,355.01
75,31,44,existence,181.17
134,87,47,debt,391.97
2,2,0,existence,6.44
114,91,23,debt,345.1
63,15,48,debt,170.18
126,11,115,payment,259.66
82,21,61,payment,234.63
39,32,7,debt,165.69
29,21,8,payment,86.87
40,29,11,payment,112.03
124,34,90,payment,255.55
11,1,10,payment,27.34
83,2,81,payment,145.67
150,128,22,payment,392.85
101,58,43,debt,306.83
126,59,67,debt,237.67
73,68,5,existence,209.66
104,42,62,payment,228.74
90,56,34,existence,182.98
125,8,117,payment,179.27
71,37,34,payment,152.46
27,15,12,existence,71.47
27,7,20,existence,71.78
78,49,29,existence,195.66
105,13,92,payment,226.86
123,18,105,payment,289.87
16,12,4,existence,44.7
113,63,50,payment,326.25
33,8,25,payment,64.96
1,1,0,debt,24.16
76,4,72,payment,176.02
141,23,118,debt,248.18
153,11,142,debt,308.03
143,30,113,debt,335.6
41,31,10,debt,137.08
84,20,64,existence,221.13
77,74,3,payment,237.28
101,13,88,existence,231.54
141,140,1,debt,488.66
112,56,56,payment,235.73
77,76,1,debt,203.82
43,17,26,debt,132.01
27,7,20,existence,66.66
127,31,96,payment,361.29
11,4,7,payment,33.45
94,2,92,debt,219.11
148,87,61,existence,303.88
102,9,93,debt,247.36
34,6,28,payment,62.51
6,5,1,debt,40.23
131,48,83,payment,272.46
96,44,52,payment,218.99
129,119,10,payment,336.87
110,98,12,payment,335.11
137,122,15,existence,386.77
67,26,41,payment,209.97
150,109,41,debt,386.74
124,43,81,debt,286.14
17,14,3,debt,63.34
128,125,3,debt,410.72
135,3,132,existence,260.45
123,63,60,existence,254.84
51,29,22,payment,124.15
149,47,102,existence,416.22
20,5,15,existence,48.32
61,41,20,existence,144.65
106,52,54,payment,272.73
143,110,33,debt,407.47
147,88,59,debt,488.02
150,32,118,debt,401.28
9,5,4,existence,18.49
87,34,53,existence,222.06
97,17,80,debt,145.7
63,50,13,existence,214.65
69,24,45,payment,208.68
97,97,0,existence,270.9
67,25,42,debt,139.7
105,93,12,existence,323.16
115,5,110,payment,173.06
135,22,113,existence,249.48
112,16,96,debt,195.06
12,7,5,debt,47.98
142,2,140,debt,253.47
70,31,39,debt,149.96
115,97,18,existence,300.45
116,73,43,payment,366.99
73,51,22,payment,183.59
39,13,26,debt,114.47
38,1,37,payment,106.61
150,81,69,existence,392.72
62,44,18,existence,190.33
14,14,0,existence,31.22
93,44,49,debt,266.22
89,84,5,payment,288.99
112,103,9,existence,233.84
113,35,78,debt,294
147,76,71,existence,265.87
2,1,1,debt,16.12
118,114,4,payment,375.9
117,45,72,payment,306.98
88,47,41,debt,210.25
140,10,130,payment,221.52
94,34,60,existence,221
70,27,43,existence,115.92
65,20,45,debt,153.09
149,33,116,debt,252.1
145,60,85,payment,344.93
44,33,11,existence,134.25
150,28,122,debt,352.27
157,60,97,existence,459.52
127,60,67,debt,279.69
41,35,6,existence,140.64
133,7,126,debt,249.3
67,32,35,payment,172.01
43,38,5,payment,160.01
64,31,33,debt,149.76
17,2,15,payment,38.29
123,97,26,payment,361.17
54,50,4,payment,180.41
90,23,67,existence,239.93
81,75,6,debt,251.87
38,32,6,existence,93.1
66,48,18,debt,193.46
73,48,25,payment,205.98
119,37,82,payment,226.42
37,8,29,debt,68.35
10,1,9,existence,23.26
60,16,44,debt,106.53
61,28,33,debt,147.91
48,1,47,existence,103.3
88,66,22,existence,253.63
39,38,1,debt,118.53
53,9,44,debt,138.36
90,49,41,debt,261.62
24,6,18,payment,70.94
91,10,81,payment,219.31
27,18,9,debt,74.11
126,113,13,payment,284.41
40,15,25,payment,102.9
26,19,7,existence,69.78
68,43,25,existence,206.64
19,18,1,debt,82.81
87,12,75,existence,135.95
30,15,15,payment,69.19
43,38,5,payment,110.54
131,27,104,payment,207.59
97,73,24,debt,204.46
120,51,69,existence,255.71
102,16,86,payment,158.62
39,18,21,debt,83.5
131,91,40,debt,248.25
138,33,105,existence,388.7
2,1,1,existence,5.48
149,31,118,payment,398.13
42,21,21,debt,96.65
98,70,28,payment,305.18
86,29,57,payment,175.9
5,5,0,existence,15.51
145,43,102,existence,257.41
120,24,96,payment,292.99
76,51,25,debt,216.11
24,23,1,existence,76.22
77,9,68,debt,195.53
33,9,24,existence,66.27
115,86,29,payment,289.93
46,13,33,existence,92.43
68,36,32,payment,206.93
121,113,8,debt,418.23
67,42,25,existence,175.85
13,10,3,payment,45.89
84,27,57,payment,158
110,3,107,debt,216.83
55,50,5,existence,162.16
8,8,0,payment,36.34
150,137,13,payment,321.15
80,38,42,existence,141.55
139,136,3,debt,391.66
83,49,34,debt,248.69
37,7,30,debt,66.3
1,1,0,payment,17.91
70,36,34,payment,149.29
77,35,42,debt,203.8
23,17,6,debt,84.82
17,10,7,payment,47.27
16,6,10,payment,50.81
154,15,139,existence,252.66
14,1,13,debt,62.44
105,37,68,payment,178.31
148,22,126,payment,302.01
38,25,13,payment,133.58
24,3,21,debt,78.83
137,43,94,existence,226.63
32,22,10,existence,95.67
64,11,53,payment,101.92
98,71,27,existence,300.05
97,72,25,payment,222.03
124,62,62,existence,299.42
134,107,27,payment,355.16
105,51,54,debt,209.08
57,27,30,existence,166.17
140,46,94,payment,242.22
129,56,73,existence,195.64
100,45,55,existence,167.01
113,82,31,existence,208.77
131,32,99,debt,308.4
156,102,54,payment,421.67
124,121,3,debt,392.19
34,30,4,debt,132.27
75,26,49,payment,219.27
44,15,29,debt,118.38
74,46,28,debt,139.39
84,29,55,existence,162.17
86,34,52,existence,194.88
120,10,110,payment,308.78
131,15,116,existence,242.59
14,6,8,existence,32.34
91,33,58,payment,234.33
87,79,8,debt,273.03
141,32,109,payment,316.7
136,33,103,debt,358.35
71,5,66,existence,96.55
64,63,1,existence,230.24
25,8,17,payment,79.03
60,45,15,debt,192.71
11,10,1,debt,60.04
124,23,101,payment,214.93
105,2,103,debt,228.52
6,4,2,debt,40.02
65,34,31,existence,137.65
122,14,108,existence,295.07
113,9,104,existence,273.43
6,4,2,payment,29.89
57,2,55,payment,116.9
67,48,19,existence,231.42
155,25,130,existence,303.16
125,7,118,payment,283.28
64,64,0,existence,158.54
15,12,3,debt,39.27
17,11,6,payment,55.48
14,14,0,payment,58.38
107,23,84,payment,173.42
70,30,40,existence,164.24
130,114,16,existence,428.58
83,64,19,debt,221.27
82,10,72,debt,181.98
44,38,6,payment,134.84
43,4,39,debt,126.17
48,3,45,debt,81.39
108,70,38,debt,242.77
112,23,89,existence,216.92
52,24,28,existence,92.53
95,95,0,existence,310.6
140,100,40,existence,403.32
17,17,0,payment,60.18
34,4,30,payment,59.69
83,72,11,debt,198.05
46,3,43,payment,116.35
38,27,11,debt,78.47
33,29,4,debt,83.42
123,34,89,debt,249.18
145,78,67,existence,443.19
90,83,7,debt,351.82
156,1,155,payment,229.12
74,57,17,existence,178.43
154,74,80,debt,312.36
69,36,33,debt,187.73
32,20,12,debt,107.07
113,67,46,debt,339.16
157,126,31,debt,427.63
85,72,13,existence,180.61
9,5,4,debt,52.8
156,118,38,existence,466.58
33,25,8,existence,68.04
70,3,67,payment,130.12
66,15,51,payment,150.58
97,28,69,debt,224.46
116,84,32,payment,330.44
21,12,9,payment,50.73
99,69,30,payment,328.47
102,38,64,existence,262.26
70,3,67,debt,106.12
124,106,18,debt,356.24
61,60,1,debt,226.37
117,74,43,debt,361.35
29,4,25,existence,54.85
10,8,2,payment,34.54
139,16,123,payment,270.22
118,89,29,existence,268.16
145,56,89,debt,401.88
88,67,21,payment,193.9
35,4,31,existence,76.81
42,12,30,debt,103.17
98,44,54,debt,218.01
25,25,0,existence,84.59
131,12,119,existence,274.71
67,41,26,debt,199.81
29,5,24,payment,76.88
78,59,19,existence,221.54
89,47,42,debt,269.62
148,75,73,existence,256.51
8,3,5,debt,44.42
20,5,15,debt,54.67
65,22,43,payment,121.17
154,76,78,existence,444.42
111,93,18,existence,288.1
103,98,5,payment,296.71
118,56,62,existence,255.55
153,72,81,debt,397.08
94,74,20,existence,255.41
40,1,39,debt,65.29
93,56,37,existence,300.1
16,6,10,payment,38.43
111,36,75,debt,219.17
25,8,17,debt,48.75
3,2,1,payment,17.02
54,40,14,existence,159.49
101,98,3,debt,334.39
94,64,30,payment,301.6
50,43,7,existence,161.75
2,2,0,existence,6.82
99,39,60,debt,265.56
114,6,108,debt,218.57
52,19,33,debt,170.6
13,12,1,existence,29.43
38,36,2,payment,99.09
91,52,39,existence,195.71
86,10,76,debt,229.64
71,49,22,existence,166.22
117,34,83,existence,183.49
122,85,37,debt,322.99
2,2,0,payment,22.15
142,78,64,existence,264.93
26,20,6,payment,66.18
50,43,7,payment,156.62
86,52,34,payment,270.38
119,112,7,debt,304.69
76,68,8,payment,152.57
149,106,43,debt,471.18
11,5,6,existence,27.5
135,105,30,payment,488.49
148,128,20,existence,516.61
60,37,23,debt,196.13
118,78,40,existence,278.66
10,2,8,debt,39.65
132,65,67,debt,273.33
142,7,135,payment,259.65
106,61,45,existence,320.76
110,102,8,payment,235
83,26,57,payment,169.94
6,6,0,debt,38.39
93,45,48,debt,171.99
64,44,20,existence,111.84
132,16,116,payment,211.9
23,20,3,existence,47.89
3,1,2,payment,24.52
121,3,118,debt,186.37
137,114,23,existence,485.7
65,16,49,debt,141.45
146,53,93,payment,370.01
13,9,4,debt,40.35
34,30,4,existence,84.08
127,82,45,existence,382.98
99,83,16,payment,246.76
57,33,24,existence,173.21
155,83,72,existence,340.46
36,15,21,debt,95.66
124,33,91,debt,334.71
4,3,1,debt,31.35
131,5,126,existence,250.57
141,86,55,existence,389.54
76,37,39,debt,209.9
116,30,86,existence,257.48
67,41,26,payment,175.05
31,18,13,debt,97.56
87,37,50,existence,229.78
127,104,23,debt,361.2
15,7,8,debt,62.39
48,25,23,existence,99.61
6,6,0,debt,38.66
114,46,68,existence,183.07
10,9,1,payment,43.13
7,4,3,debt,30.21
39,39,0,payment,131.16
151,53,98,debt,427.52
139,120,19,debt,420.51
90,50,40,existence,165.02
57,47,10,existence,155.5
153,32,121,debt,290.49
107,74,33,existence,285.49
105,16,89,debt,174.49
143,53,90,payment,240.14
8,7,1,existence,19.02
75,31,44,debt,242.58
50,22,28,payment,87.99
8,3,5,payment,29.83
41,25,16,existence,80.54
50,14,36,debt,119.35
26,8,18,payment,73.95
20,17,3,existence,41.16
50,48,2,debt,184.21
97,53,44,payment,267.29
13,13,0,debt,45.54
126,3,123,existence,233.24
129,104,25,existence,282.98
79,50,29,payment,242.64
131,24,107,debt,354.86
90,62,28,existence,202.98
137,49,88,payment,263.55
92,90,2,existence,272.98
49,14,35,existence,141.45
4,4,0,payment,25.2
85,14,71,payment,189.36
81,56,25,payment,157.74
56,50,6,payment,172.04
35,20,15,debt,124.62
110,110,0,existence,351.24
52,1,51,debt,141.89
19,6,13,existence,39.77
49,7,42,debt,90.57
135,100,35,debt,442.37
95,25,70,existence,214.64
117,1,116,debt,234.36
7,7,0,debt,44.51
69,53,16,debt,218.62
69,56,13,payment,151.33
94,67,27,payment,296.77
98,89,9,existence,223.68
51,33,18,payment,176.17
60,51,9,existence,156.68
107,80,27,debt,239.12
84,44,40,debt,232.58
144,27,117,existence,272.29
108,105,3,debt,299.91
60,3,57,existence,148.25
57,1,56,existence,111
120,112,8,payment,378.15
140,125,15,debt,487.86
128,40,88,existence,208.11
144,11,133,existence,253.08
78,62,16,existence,208.97
111,53,58,payment,284.14
87,87,0,payment,229.08
126,108,18,payment,320.92
24,2,22,payment,65.55
93,37,56,existence,155.83
5,4,1,debt,36.01
12,4,8,debt,48.13
91,17,74,payment,210.48
107,7,100,existence,152.68
97,11,86,existence,225.76
89,38,51,existence,167.98
94,13,81,existence,196.73
4,1,3,existence,6.68
9,2,7,debt,28.78
37,4,33,existence,95.63
87,51,36,payment,234.99
107,62,45,payment,281.21
46,26,20,existence,107.08
153,53,100,debt,389.18
2,2,0,payment,16.46
37,33,4,payment,126.88
67,65,2,debt,169.12
132,79,53,debt,280.28
127,91,36,payment,309.76
123,40,83,existence,316.17
3,2,1,existence,7.09
131,109,22,existence,328.73
129,30,99,payment,336.12
8,2,6,debt,28.99
28,3,25,debt,65.28
121,112,9,debt,307.32
156,54,102,existence,342.29
33,12,21,existence,55.64
1,1,0,payment,17.57
131,119,12,existence,365.91
93,65,28,debt,275.15
79,52,27,debt,160.62
36,34,2,payment,121.47
116,77,39,payment,372.42
61,43,18,debt,140.25
110,34,76,existence,247.22
134,116,18,existence,412.74
90,43,47,existence,242.46
113,25,88,payment,247.87
101,82,19,debt,240.37
101,84,17,debt,388.12
150,104,46,debt,472.5
48,46,2,existence,120.46
101,39,62,debt,202.9
29,9,20,payment,49.98
138,129,9,payment,498.62
100,95,5,payment,268.87
4,3,1,debt,24.15
51,18,33,payment,131.64
149,128,21,existence,413.28
87,21,66,existence,224.19
93,49,44,debt,212.53
59,48,11,payment,188.25
63,61,2,payment,197.81
79,1,78,payment,104.3
123,86,37,debt,358.4
1,1,0,debt,21.2
144,58,86,existence,343.4
34,16,18,debt,99.8
154,72,82,debt,280.87
115,23,92,debt,329.34
17,9,8,payment,45.8
5,2,3,payment,22.03
53,18,35,existence,111.29
151,91,60,debt,448.54
104,50,54,payment,244.43
61,11,50,payment,140.62
104,60,44,debt,261.57
11,11,0,existence,34.67
88,86,2,payment,233.55
77,52,25,debt,187.68
36,16,20,payment,90.97
30,20,10,payment,70.5
63,37,26,existence,187.04
77,2,75,existence,186.84
151,147,4,existence,523.67
71,20,51,debt,193.82
124,86,38,payment,441.75
63,20,43,existence,116.37
112,107,5,payment,312.66
10,8,2,debt,50.16
16,4,12,existence,41.94
87,7,80,existence,220.61
153,48,105,debt,279.44
87,11,76,existence,205.06
84,21,63,debt,168.34
150,109,41,existence,372.36
127,1,126,payment,171.95
76,63,13,payment,197.22
52,18,34,debt,124.4
122,105,17,debt,302.35
153,14,139,debt,387.99
71,55,16,debt,207.61
122,52,70,debt,265.93
146,41,105,debt,413.57
106,25,81,debt,243.41
64,31,33,debt,209.48
103,40,63,existence,169.47
112,65,47,debt,214.75
141,50,91,existence,370.55
108,86,22,payment,274.02
49,33,16,debt,173.55
24,10,14,existence,59.23
75,52,23,payment,193.66
111,67,44,existence,223.88
50,44,6,existence,186.6
14,10,4,debt,57.89
49,24,25,payment,139.58
129,27,102,payment,292.08
26,24,2,debt,92.36
17,1,16,existence,41.18
132,26,106,debt,218.3
88,77,11,payment,285.2
34,18,16,existence,92.24
59,15,44,payment,167.99
106,45,61,debt,256.71
110,98,12,debt,323.25
59,44,15,payment,174.74
106,17,89,debt,196.61
117,85,32,payment,289.07
108,13,95,payment,262.15
115,14,101,existence,265.72
36,36,0,existence,104.36
32,23,9,payment,87.67
9,4,5,payment,32.79
109,75,34,existence,198.66
156,2,154,debt,399.84
47,33,14,debt,116.87
110,103,7,existence,303.83
139,132,7,existence,422.85
107,20,87,payment,281.64
53,51,2,existence,122.69
7,1,6,existence,13.96
95,13,82,debt,225.43
109,84,25,existence,232.91
141,12,129,existence,202.75
9,2,7,existence,18.46
135,104,31,existence,340.59
114,41,73,payment,269.21
100,71,29,existence,272.8
97,75,22,payment,205.35
128,34,94,payment,228.01
59,46,13,payment,179.16
22,21,1,debt,73.42
143,113,30,debt,415.77
137,52,85,payment,227.4
110,84,26,payment,294.78
82,82,0,debt,247.43
98,63,35,existence,220.04
30,16,14,payment,66.34
151,76,75,debt,330.38
79,32,47,debt,182.91
7,1,6,debt,31.65
93,74,19,existence,244.93
139,56,83,existence,345.64
57,53,4,existence,138.84
110,12,98,existence,210.94
156,155,1,existence,578.23
27,1,26,debt,88.45
57,40,17,payment,165.63
2,1,1,existence,4.1
14,2,12,debt,50.35
112,68,44,payment,289.31
30,5,25,payment,75.59
20,14,6,existence,49.85
125,28,97,debt,201.3
97,71,26,debt,341.24
92,83,9,payment,227.89
66,56,10,existence,216.8
9,8,1,payment,27.89
85,5,80,existence,148.75
130,35,95,payment,220.1
104,95,9,debt,374.8
64,43,21,payment,134.56
11,8,3,existence,36.41
94,44,50,payment,279.95
102,48,54,existence,261.78
10,7,3,debt,50.61
139,106,33,payment,424.66
67,49,18,payment,215.24
62,53,9,debt,197.35
50,8,42,payment,102.84
138,94,44,debt,286.09
37,32,5,existence,105.37
10,6,4,debt,33.44
131,37,94,debt,264.6
90,87,3,debt,237.65
68,16,52,existence,179.18
81,61,20,existence,202.38
50,33,17,payment,105.83
55,41,14,payment,186.51
65,62,3,existence,166.19
97,51,46,debt,201.07
156,28,128,existence,265.52
35,16,19,payment,114.76
28,27,1,debt,82.01
133,32,101,debt,296.24
8,5,3,existence,15.41
41,19,22,debt,118.8
20,14,6,debt,70.31
31,14,17,payment,65.86
86,84,2,existence,260.98
83,37,46,payment,188.81
88,49,39,debt,291.56
149,32,117,payment,333.68
154,15,139,existence,259.7
3,3,0,existence,8.06
2,2,0,existence,6.71
66,56,10,payment,194.27
115,27,88,payment,325.9
69,16,53,existence,162.42
36,3,33,debt,69.76
21,12,9,debt,78.43
81,57,24,debt,221.29
24,1,23,payment,73.58
1,1,0,payment,9
61,31,30,existence,148.77
123,25,98,existence,329.93
29,2,27,debt,69.92
74,9,65,existence,128.97
125,87,38,existence,334.03
156,32,124,debt,273.42
113,83,30,existence,377.08
1,1,0,payment,11.58
31,3,28,debt,100.41
144,81,63,existence,357.31
11,3,8,existence,24.42
157,54,103,debt,384.88
114,46,68,payment,337.79
7,1,6,existence,9.74
45,14,31,debt,147.2
90,36,54,payment,233.71
85,14,71,payment,237.54
122,76,46,payment,389.24
124,119,5,payment,434.88
88,30,58,existence,211.81
84,65,19,payment,232.21
54,26,28,debt,186.58
84,53,31,existence,161.5
93,65,28,existence,234.42
57,56,1,payment,120.89
4,2,2,payment,13.41
127,23,104,debt,255.8
141,127,14,debt,341.68
145,21,124,debt,293.99
147,114,33,existence,475.13
114,100,14,payment,293.06
38,4,34,existence,82.83
111,11,100,existence,245.71
116,49,67,payment,315.51
108,62,46,existence,253.87
8,2,6,payment,22.16
12,9,3,existence,33.44
40,14,26,debt,113.07
118,79,39,payment,282.91
62,28,34,payment,195.58
66,26,40,existence,146.17
91,62,29,payment,209.27
53,7,46,existence,110.92
27,7,20,debt,69.81
1,1,0,payment,20.57
23,15,8,existence,58.56
30,30,0,payment,73.86
47,16,31,existence,95.2
129,18,111,debt,245.8
42,6,36,existence,109.89
112,21,91,payment,171.26
137,48,89,debt,234
100,52,48,existence,214.66
121,28,93,debt,252.25
9,3,6,existence,21.32
152,139,13,existence,363.27
114,26,88,existence,184.79
80,61,19,debt,190.67
104,102,2,existence,241.86
109,26,83,payment,252.21
86,28,58,payment,160.43
68,26,42,existence,115.01
124,93,31,existence,290.31
28,11,17,existence,61.54
22,16,6,debt,94.01
94,67,27,payment,239.18
11,11,0,existence,23.04
97,8,89,debt,167.86
141,84,57,payment,283.31
46,26,20,debt,149.37
23,15,8,payment,84.82
103,72,31,debt,240.62
89,80,9,debt,237.88
32,5,27,existence,72.62
90,63,27,existence,232.28
137,99,38,debt,434.86
15,9,6,payment,55.29
42,21,21,existence,68.38
90,87,3,debt,341.12
79,33,46,debt,219.6
50,2,48,payment,108.18
121,73,48,existence,327.48
33,33,0,existence,92.83
33,33,0,payment,127.65
68,51,17,existence,166.43
120,114,6,debt,323.76
10,6,4,existence,21.63
89,18,71,debt,196.52
120,100,20,debt,301.71
80,56,24,debt,174.65
145,106,39,existence,329.99
80,39,41,existence,170.44
51,44,7,payment,124.51
108,4,104,debt,278.48
41,11,30,existence,102.21
62,18,44,existence,96.54
37,24,13,payment,100.56
36,3,33,existence,57.85
124,100,24,debt,381.07
11,7,4,existence,22.89
111,85,26,debt,234.8
67,52,15,payment,137.52
15,12,3,payment,44.55
120,12,108,payment,318.2
32,25,7,payment,113.77
130,83,47,payment,389.5
98,46,52,debt,252.07
19,13,6,existence,46.44
81,47,34,existence,167.03
79,66,13,existence,256.27
53,18,35,payment,158.93
150,141,9,debt,521.95
133,32,101,debt,207.27
146,74,72,payment,390.92
42,12,30,debt,122.01
93,57,36,debt,245.12
13,13,0,payment,41.44
93,4,89,payment,167
50,20,30,debt,102.78
82,41,41,existence,219.06
22,9,13,debt,62.68
107,74,33,payment,281.19
68,30,38,payment,169.25
50,36,14,payment,109.28
31,2,29,payment,67.19
108,12,96,existence,255.15
23,14,9,payment,64.99
121,74,47,debt,309.49
148,55,93,debt,296.26
124,64,60,payment,330.41
125,6,119,debt,200.43
60,48,12,payment,164.56
22,11,11,existence,62.28
10,8,2,payment,34.25
35,18,17,debt,103.4
94,59,35,debt,175.82
27,23,4,payment,67.88
91,60,31,existence,289.76
10,4,6,debt,47.73
100,75,25,payment,300.82
66,66,0,payment,179.8
74,14,60,debt,140.44
156,129,27,payment,337.27
154,53,101,debt,472.75
23,14,9,existence,64.95
135,56,79,payment,392.57
152,124,28,debt,523.91
21,6,15,existence,44.89
14,4,10,existence,32.62
24,11,13,existence,51.15
136,114,22,existence,397.22
38,12,26,debt,103.78
145,110,35,existence,488.84
147,147,0,existence,331.03
153,38,115,debt,448.68
152,66,86,existence,330.53
114,39,75,existence,210.6
148,1,147,existence,243.5
109,65,44,existence,328.67
62,56,6,payment,211.31
148,119,29,payment,313.6
127,39,88,payment,328.39
73,52,21,debt,204.12
94,42,52,existence,226.02
131,72,59,existence,379.91
21,12,9,payment,53.48
120,89,31,debt,391.44
121,43,78,payment,208.18
133,89,44,existence,345.5
79,2,77,debt,130.62
2,2,0,debt,20.72
43,33,10,existence,111.28
150,110,40,existence,352.07
2,1,1,existence,3.44
36,22,14,debt,125.09
26,15,11,debt,91.8
150,34,116,debt,389.89
87,79,8,existence,211.87
67,54,13,debt,187.29
56,33,23,existence,175.75
15,15,0,payment,43.15
40,29,11,payment,93.3
40,30,10,existence,68.74
21,10,11,debt,76.23
65,49,16,payment,207.14
95,1,94,payment,253.63
18,3,15,existence,40.22
125,77,48,existence,230.69
123,73,50,existence,289.52
56,15,41,debt,133.32
58,13,45,existence,101.85
103,55,48,payment,215.36
19,7,12,debt,75.56
68,66,2,existence,210.35
108,81,27,existence,370.34
49,15,34,existence,122.25
99,85,14,existence,307.97
38,25,13,payment,108.06
88,3,85,payment,115.89
89,86,3,existence,262.33
14,4,10,debt,55.46
127,92,35,payment,381.32
57,27,30,existence,157.27
120,53,67,existence,233.38
86,39,47,payment,161.74
9,3,6,debt,29.81
97,52,45,existence,255.03
138,27,111,payment,263.08
48,26,22,debt,154.91
66,19,47,debt,188.12
153,86,67,existence,455.26
103,19,84,payment,262.93
34,22,12,payment,114.62
37,32,5,payment,112.49
156,52,104,payment,254.48
91,41,50,payment,169.29
102,63,39,debt,288.79
142,131,11,existence,390.82
84,77,7,debt,290.75
125,51,74,debt,342.33
19,14,5,existence,35.52
120,113,7,existence,389.96
74,42,32,payment,219.26
36,30,6,payment,137.74
84,18,66,existence,138.43
105,98,7,existence,254.73
138,57,81,existence,399.06
156,82,74,payment,279.94
32,5,27,existence,58.15
118,12,106,payment,197.29
63,57,6,existence,189.44
86,23,63,payment,247.98
143,101,42,existence,321.09
59,13,46,debt,134.47
81,39,42,debt,201.05
48,2,46,existence,88.56
93,69,24,existence,240.86
136,23,113,existence,268.19
58,52,6,payment,213.18
147,147,0,debt,363.93
116,8,108,payment,247.15
124,103,21,debt,446.29
115,61,54,existence,355.81
17,1,16,existence,24.5
79,78,1,debt,309.89
87,34,53,debt,235.77
156,131,25,payment,458.08
72,54,18,payment,161.01
128,96,32,debt,268.17
103,82,21,existence,230.41
152,46,106,existence,394.47
102,98,4,existence,278.4
125,46,79,debt,263.16
126,80,46,debt,277.02
69,9,60,debt,117.7
56,2,54,payment,96.87
87,2,85,payment,217.74
144,116,28,payment,327.73
55,21,34,payment,87.03
89,12,77,payment,204.3
122,89,33,debt,353.83
82,27,55,existence,147.02
114,56,58,debt,230.9
52,28,24,debt,141.33
77,37,40,debt,212.02
112,108,4,payment,400.31
50,38,12,debt,122.31
77,16,61,existence,108.97
43,10,33,debt,130.51
8,4,4,payment,24.11
19,1,18,existence,47.06
38,37,1,existence,104.44
133,21,112,payment,291.7
62,26,36,existence,141.13
54,24,30,debt,145.08
40,13,27,payment,98.76
45,27,18,existence,145.19
133,56,77,existence,336.14
145,88,57,payment,374.41
49,4,45,existence,115.11
47,29,18,payment,159.46
32,7,25,payment,67.78
26,26,0,payment,82.63
106,5,101,debt,247.3
12,3,9,debt,35.36
5,3,2,existence,12.84
8,6,2,existence,22.61
42,41,1,debt,155.04
53,18,35,payment,156.54
148,90,58,payment,440.97
75,38,37,debt,192.93
124,124,0,existence,328.36
147,72,75,debt,381.86
108,10,98,existence,213.71
137,56,81,debt,219.46
95,73,22,payment,295.28
3,2,1,existence,8.68
115,52,63,payment,232.98
38,13,25,debt,69.91
149,118,31,payment,386.04
25,20,5,existence,66.04
20,7,13,payment,51.89
16,1,15,payment,42.2
54,36,18,debt,179.26
6,4,2,debt,24.95
62,59,3,existence,216.46
59,11,48,existence,100.01
27,13,14,existence,65.98
53,5,48,debt,132.81
49,46,3,existence,146.85
1,1,0,debt,24.74
53,28,25,payment,116.64
55,30,25,existence,175.48
112,92,20,debt,358.52
49,21,28,debt,88.2
90,53,37,existence,237.84
52,39,13,debt,137.48
55,31,24,payment,172.22
108,22,86,payment,229.82
18,12,6,debt,72.49
108,104,4,existence,300.9
86,48,38,existence,260.21
107,11,96,debt,257.7
135,29,106,existence,283.53
78,41,37,payment,161.26
51,34,17,payment,142.34
74,5,69,existence,168.95
81,24,57,existence,209.4
36,27,9,payment,95.95
43,23,20,existence,120.16
73,50,23,existence,245.39
39,9,30,payment,76.36
99,37,62,payment,195.69
92,43,49,payment,201.4
106,72,34,debt,373.58
106,69,37,payment,256.75
62,39,23,existence,138.88
33,17,16,debt,77.63
138,30,108,debt,357.64
46,41,5,payment,155.38
148,73,75,payment,422.45
63,39,24,existence,184.22
36,17,19,debt,102.35
18,3,15,debt,66.2
64,19,45,existence,162.32
9,6,3,existence,23.91
24,4,20,payment,70.52
134,99,35,existence,302.28
54,39,15,existence,118.04
128,5,123,debt,198.47
17,6,11,existence,42.17
65,18,47,payment,105.78
101,37,64,payment,251.31
150,32,118,existence,328.11
22,13,9,existence,48.12
97,33,64,payment,185.77
31,5,26,existence,74.65
152,72,80,existence,328.42
90,71,19,existence,193.7
13,3,10,debt,59.49
111,60,51,payment,338.94
128,59,69,debt,262.86
103,44,59,payment,272.19
32,4,28,payment,69.61
6,3,3,debt,41.11
21,12,9,existence,48.54
38,11,27,payment,113.55
61,2,59,debt,122.8
2,2,0,debt,14.87
101,77,24,payment,223.39
14,5,9,payment,35.17
24,9,15,payment,82.28
122,74,48,debt,385.93
37,20,17,existence,67.58
32,20,12,debt,89.01
115,22,93,debt,221.9
108,96,12,payment,324
5,4,1,debt,41.36
112,10,102,existence,258.91
11,2,9,existence,28.15
48,21,27,existence,93.93
93,19,74,payment,214.98
143,32,111,debt,241.76
135,7,128,debt,300.11
19,10,9,existence,37.08
3,3,0,existence,8.73
35,34,1,debt,115.39
55,23,32,debt,114.52
154,61,93,existence,356.29
118,71,47,existence,309.71
116,61,55,payment,347.1
111,5,106,existence,254.1
46,23,23,debt,154.81
98,85,13,existence,317.28
34,17,17,existence,68.42
44,35,9,payment,102.57
102,69,33,existence,292.05
91,59,32,existence,186.78
76,19,57,debt,207.31
125,30,95,existence,201.79
125,12,113,debt,235.47
146,6,140,debt,390.25
136,63,73,existence,276.47
28,17,11,debt,102.19
115,30,85,existence,212.07
39,4,35,debt,78.64
93,58,35,payment,195.97
155,112,43,debt,391.03
55,40,15,existence,146.97
38,9,29,debt,117.4
115,86,29,existence,329.64
109,11,98,payment,206.93
146,98,48,existence,483.2
134,21,113,payment,197.16
121,44,77,existence,218.41
26,19,7,debt,109.71
150,67,83,debt,345.83
70,2,68,existence,117.93
104,71,33,debt,340.63
135,132,3,existence,364.03
20,6,14,existence,42.54
19,2,17,payment,46.62
153,133,20,debt,422.03
88,46,42,payment,265.72
155,108,47,existence,486.04
91,18,73,debt,189.87
9,3,6,existence,23.64
13,9,4,debt,52.17
114,56,58,payment,196.68
18,4,14,debt,51.31
65,36,29,debt,171.95
157,105,52,existence,352.46
156,14,142,existence,303.87
102,59,43,payment,254.08
85,11,74,debt,149.79
14,5,9,existence,24.97
49,9,40,existence,70.81
5,5,0,payment,31.84
39,30,9,existence,105.7
61,24,37,payment,181.54
35,26,9,payment,120.11
51,29,22,debt,117.12
149,102,47,payment,400.6
48,17,31,payment,116.11
9,3,6,existence,26.24
93,62,31,existence,295.5
10,2,8,existence,20.52
45,39,6,existence,94.05
124,45,79,debt,218.94
11,10,1,debt,63.41
15,11,4,payment,54.07
56,46,10,payment,193.52
64,26,38,existence,146.26
52,36,16,payment,131.53
134,26,108,debt,271.54
70,9,61,debt,145.32
3,2,1,debt,28.96
4,4,0,payment,14.77
91,76,15,debt,318.65
28,6,22,payment,66.62
22,8,14,debt,55.66
134,5,129,payment,332.54
21,4,17,existence,29.84
157,120,37,debt,405.13
94,59,35,payment,275.05
129,93,36,debt,283.72
81,68,13,debt,284.58
63,35,28,payment,204.49
14,2,12,debt,48.25
75,27,48,payment,172.74
154,129,25,payment,356.14
79,58,21,payment,262.51
13,1,12,debt,53.78
54,48,6,existence,168.08
132,55,77,debt,340.44
73,52,21,debt,236.26
70,1,69,existence,123.1
72,53,19,existence,208.43
147,15,132,payment,193.37
47,47,0,existence,151.51
9,5,4,debt,47.99
77,20,57,payment,136.96
137,49,88,payment,394.36
136,28,108,existence,253.56
125,51,74,existence,327.36
138,76,62,payment,274.27
93,53,40,existence,233.01
41,33,8,debt,119.46
137,25,112,debt,286.7
156,133,23,existence,375.16
86,83,3,debt,234.09
132,46,86,debt,358.81
132,60,72,payment,275.02
98,95,3,payment,258.04
144,54,90,payment,354.12
78,42,36,payment,186.18
57,16,41,payment,154.15
48,8,40,existence,86.02
93,78,15,payment,272.56
119,70,49,payment,221.78
87,73,14,existence,219.42
121,1,120,existence,237.13
19,10,9,debt,65.93
67,16,51,payment,179.87
28,3,25,payment,70.07
137,18,119,debt,313.95
150,45,105,existence,400.15
114,26,88,payment,227.58
107,12,95,payment,166.45
102,23,79,debt,225.7
1,1,0,existence,3.35
27,20,7,existence,93.89
43,28,15,existence,115.46
6,3,3,debt,32.21
156,139,17,existence,533.12
73,31,42,debt,175.18
56,52,4,existence,130.7
51,15,36,existence,101.32
18,7,11,payment,61.7
4,2,2,existence,10.11
61,11,50,debt,168.76
80,61,19,existence,165.19
85,73,12,existence,188.85
25,13,12,payment,59.02
4,3,1,debt,20.18
123,2,121,debt,248.91
127,51,76,payment,237.35
16,11,5,debt,55.1
59,27,32,existence,104.2
36,18,18,debt,91.99
25,18,7,existence,61.96
15,14,1,existence,43.64
60,58,2,payment,233.2
145,70,75,existence,435.96
107,4,103,payment,275.6
89,38,51,payment,194.87
96,68,28,existence,232.7
109,59,50,existence,279.73
96,21,75,debt,216.35
127,36,91,debt,282.72
88,57,31,existence,157.2
135,73,62,payment,338.83
26,21,5,debt,87.52
130,18,112,payment,181.7
81,14,67,existence,188.16
108,45,63,payment,322.73
22,4,18,payment,63.89
143,123,20,payment,402.33
147,6,141,debt,302.74
85,72,13,debt,257.16
137,35,102,existence,261.71
126,54,72,existence,321.88
9,3,6,existence,24.85
36,20,16,existence,96.33
44,24,20,payment,102.11
17,14,3,payment,49.33
99,22,77,debt,273.86
57,25,32,payment,102.74
41,17,24,payment,101.11
51,40,11,debt,136.32
136,98,38,debt,285.41
114,90,24,debt,275.88
143,3,140,existence,307.46
147,17,130,payment,226.76
19,13,6,payment,49.66
134,110,24,existence,288.34
41,15,26,existence,90
114,35,79,payment,183.55
87,32,55,debt,162.76
33,29,4,debt,116.67
19,7,12,payment,60.17
120,103,17,payment,347.61
86,52,34,debt,294.14
18,18,0,payment,83.77
156,28,128,existence,400.06
76,51,25,payment,176.32
141,104,37,existence,322.31
11,10,1,existence,32.22
10,10,0,payment,47.23
20,5,15,payment,71.23
41,8,33,debt,128.81
79,14,65,debt,196.11
86,60,26,debt,261.69
72,48,24,existence,174.97
53,48,5,existence,187.99
40,1,39,debt,77.23
62,61,1,debt,147.24
37,33,4,existence,102.66
131,62,69,existence,352.68
131,27,104,existence,317.22
147,77,70,payment,276.69
133,100,33,payment,447.4
123,64,59,existence,277.03
39,5,34,debt,66.07
37,5,32,existence,74.51
157,32,125,existence,265.37
143,109,34,debt,336.36
152,81,71,existence,336.72
157,114,43,existence,307.84
53,20,33,debt,142.26
122,57,65,payment,260.25
103,68,35,existence,271.88
13,4,9,debt,39.49
47,35,12,payment,108.61
26,14,12,debt,95.71
139,137,2,debt,446.55
20,15,5,existence,63.36
127,83,44,debt,358.65
55,16,39,existence,127.47
102,22,80,debt,235.35
76,47,29,existence,150.74
116,28,88,existence,181.12
84,64,20,payment,224.88
33,4,29,existence,81.29
8,5,3,existence,19.75
93,56,37,payment,283.69
112,37,75,debt,286.35
33,32,1,existence,121.15
93,61,32,debt,245.88
17,5,12,debt,41.71
157,12,145,debt,218.3
97,16,81,debt,284.72
29,4,25,debt,65.75
7,3,4,payment,28.58
127,95,32,debt,429.62
6,2,4,payment,22.29
119,14,105,debt,266.05
143,130,13,debt,412.67
113,105,8,payment,305.31
107,42,65,existence,308.92
122,120,2,payment,422.26
157,151,6,debt,528.73
96,51,45,existence,244.78
20,4,16,existence,45.4
107,103,4,existence,298.9
13,11,2,existence,43.71
100,31,69,existence,215.11
1,1,0,payment,13.47
21,21,0,payment,73.37
101,58,43,existence,294.12
152,150,2,debt,377.74
72,58,14,debt,155.95
67,40,27,existence,169.62
134,102,32,existence,341.02
128,81,47,debt,289.05
8,1,7,payment,23.66
79,66,13,debt,248.56
16,2,14,debt,39.92
75,58,17,existence,150.49
3,3,0,payment,26.6
92,19,73,payment,135.33
88,1,87,debt,122.57
150,90,60,payment,338.01
4,4,0,existence,12.72
142,53,89,payment,372.26
77,17,60,debt,179.14
30,21,9,existence,82.6
88,78,10,debt,231.93
54,37,17,existence,171.49
152,119,33,debt,335.69
35,28,7,existence,79.32
105,67,38,payment,259.09
43,19,24,payment,99.5
82,80,2,payment,309.53
47,32,15,debt,135.13
104,56,48,payment,308.22
37,29,8,existence,81.6
146,125,21,payment,421.18
52,29,23,existence,96.17
157,82,75,payment,436.07
117,98,19,debt,345.12
62,49,13,debt,172.68
133,112,21,existence,366.8
35,29,6,existence,79.67
13,5,8,existence,29.43
135,95,40,existence,280.97
78,49,29,existence,169.58
52,48,4,payment,133.55
143,136,7,payment,549.85
19,2,17,existence,46.47
117,94,23,existence,353.59
119,10,109,payment,296.8
94,15,79,payment,178.22
90,77,13,existence,312.98
153,122,31,payment,424.05
107,20,87,existence,213.43
4,4,0,existence,13.79
61,7,54,debt,165.37
100,49,51,existence,178.19
85,34,51,payment,188.18
114,107,7,payment,418.87
133,77,56,existence,301.06
54,41,13,payment,145
80,8,72,existence,152.44
121,22,99,payment,226.98
77,18,59,debt,145.86
130,79,51,debt,424.74
130,63,67,existence,341.46
53,51,2,existence,174.9
156,33,123,payment,363.91
80,41,39,existence,215.21
138,7,131,debt,281.65
29,1,28,debt,60.8
69,42,27,existence,179.94
44,24,20,existence,105.81
108,3,105,payment,215.48
15,11,4,debt,59.64
43,4,39,debt,73.89
122,20,102,existence,284.76
69,62,7,existence,194.08
65,25,40,debt,155.26
55,40,15,payment,139.73
147,145,2,existence,489.33
4,4,0,payment,20.72
113,76,37,debt,277.16
44,40,4,existence,148.28
123,113,10,debt,394.36
39,11,28,payment,84.05
121,103,18,existence,238.63
69,68,1,debt,237.07
81,56,25,existence,237.46
12,6,6,debt,54.39
48,12,36,payment,110.19
4,2,2,payment,19.01
1,1,0,payment,9.95
105,5,100,payment,144.68
15,15,0,payment,58.05
151,12,139,existence,187.19
38,19,19,payment,124.11
10,3,7,existence,18.19
125,55,70,payment,338.04
92,88,4,debt,240.83
28,21,7,payment,69.52
73,24,49,debt,176.46
12,1,11,debt,36.03
50,46,4,existence,184
116,42,74,debt,215.74
8,5,3,existence,19.85
7,5,2,debt,39.54
22,8,14,payment,77.59
26,16,10,debt,81.76
116,18,98,existence,225.8
2,2,0,existence,6.02
45,7,38,debt,109.27
97,73,24,existence,295.02
53,44,9,debt,155.08
58,31,27,existence,100.3
113,7,106,debt,258.21
156,102,54,payment,464.46
56,41,15,existence,175.47
115,88,27,existence,333.26
61,28,33,payment,142.89
94,18,76,payment,257.19
110,93,17,existence,239.42
3,1,2,debt,29.5
156,96,60,debt,321.93
33,32,1,debt,133.75
72,46,26,payment,203.62
88,17,71,existence,206.93
23,8,15,payment,61.73
120,84,36,payment,407.92
150,104,46,payment,412.63
79,36,43,existence,181.81
108,20,88,debt,225.76
29,16,13,debt,99.52
2,1,1,payment,15.39
83,70,13,debt,217.47
21,1,20,payment,49.76
78,9,69,existence,112.34
16,14,2,existence,31.27
63,31,32,debt,154.21
44,36,8,debt,119.12
156,77,79,payment,348.08
150,16,134,debt,396.32
117,3,114,existence,174.41
56,8,48,payment,101.43
16,12,4,existence,35.9
83,37,46,existence,213.46
148,136,12,payment,371.36
87,45,42,existence,270.63
107,91,16,debt,247.09
123,36,87,payment,209.8
2,1,1,existence,3.68
37,7,30,existence,93.68
17,4,13,payment,54.58
116,104,12,debt,348.25
140,106,34,existence,493.89
77,36,41,existence,177.5
24,16,8,debt,68.08
34,23,11,payment,80.65
63,42,21,debt,159.49
133,76,57,existence,367.77
140,8,132,payment,207.91
61,44,17,existence,129.6
7,7,0,debt,29.98
115,69,46,debt,347.76
90,38,52,payment,249.13
2,2,0,debt,27.32
43,3,40,debt,90.53
62,31,31,debt,137.08
91,4,87,debt,140.99
119,57,62,existence,366.33
98,73,25,existence,173.38
126,57,69,payment,357.76
113,108,5,existence,411.9
8,1,7,debt,20.69
130,53,77,payment,211.59
69,68,1,debt,187.91
66,45,21,payment,159.49
145,84,61,existence,329.99
86,49,37,debt,188.24
32,14,18,payment,100.73
54,26,28,debt,139.2
7,4,3,debt,33.26
98,98,0,existence,269.39
146,97,49,debt,446.9
96,5,91,existence,151.09
12,5,7,payment,30.82
145,86,59,payment,461.16
88,6,82,existence,155.61
56,53,3,payment,146.47
20,14,6,debt,55.8
14,8,6,debt,55.65
117,79,38,payment,383.08
129,104,25,debt,379.29
71,51,20,payment,242.07
70,60,10,payment,193.29
97,2,95,debt,140.82
46,6,40,existence,107
41,6,35,debt,91.95
132,41,91,existence,309.13
103,52,51,existence,301.62
89,14,75,debt,246.1
142,17,125,existence,243.5
143,14,129,payment,365.69
136,105,31,existence,387.8
28,1,27,existence,54.11
7,2,5,payment,33.86
3,3,0,debt,33.28
62,38,24,existence,195.11
18,2,16,payment,35.74
65,49,16,existence,123.53
13,5,8,debt,42.13
77,29,48,existence,128.75
63,20,43,payment,179.93
115,27,88,existence,205.16
127,79,48,payment,404.38
110,89,21,payment,342.11
99,76,23,payment,322.72
147,125,22,payment,369.53
11,1,10,existence,22.26
47,28,19,payment,107.83
99,40,59,payment,251.58
104,98,6,debt,335.56
113,18,95,existence,221.66
43,26,17,payment,83.91
118,78,40,existence,281.91
148,97,51,payment,466.37
87,36,51,payment,174.03
101,8,93,existence,238.29
22,20,2,debt,103.74
8,8,0,existence,25.13
66,29,37,payment,121.8
14,4,10,payment,51.39
97,57,40,debt,196.53
102,58,44,payment,302.34
104,46,58,debt,297.26
83,74,9,debt,258.57
39,35,4,payment,126.88
144,77,67,payment,381.24
123,109,14,payment,297.49
47,40,7,existence,168.28
140,139,1,debt,481.97
107,79,28,existence,290.59
116,36,80,existence,189.83
22,16,6,payment,75.72
43,20,23,payment,106.99
85,61,24,payment,229.7
42,23,19,existence,110.31
139,104,35,debt,422.57
152,151,1,existence,500.99
7,7,0,existence,22.01
147,69,78,payment,448.88
51,41,10,payment,136.13
112,21,91,existence,157.02
154,59,95,existence,415.59
81,9,72,debt,182.01
82,37,45,existence,245.73
76,42,34,payment,248.59
135,88,47,debt,430.39
105,67,38,payment,280.71
154,26,128,existence,345.09
146,141,5,existence,413.65
134,129,5,existence,463.29
99,59,40,existence,182.19
68,53,15,debt,211.37
157,123,34,debt,448.65
31,24,7,payment,103.67
75,75,0,existence,240.75
115,28,87,debt,323.86
131,86,45,payment,378.26
52,22,30,existence,140.72
142,102,40,debt,462.1
66,62,4,debt,207.83
40,23,17,debt,134.15
113,11,102,existence,233.04
8,8,0,debt,31.64
131,124,7,existence,342.96
88,15,73,existence,142.85
5,4,1,existence,13.67
152,67,85,payment,264.66
74,70,4,existence,148.93
129,63,66,debt,299.93
26,24,2,payment,101.31
140,103,37,debt,388.37
76,38,38,existence,147.43
97,50,47,debt,288.75
65,46,19,payment,193.11
155,118,37,debt,418.55
125,53,72,existence,334.36
120,31,89,existence,252.54
49,31,18,debt,154.83
123,96,27,existence,283.48
63,17,46,payment,176.22
30,26,4,payment,108.96
110,77,33,payment,350.64
6,3,3,existence,11.59
140,20,120,existence,244.71
128,53,75,existence,261.39
114,75,39,payment,283.29
114,89,25,payment,276.37
124,60,64,payment,352.98
74,34,40,existence,147.87
146,16,130,existence,341.42
107,16,91,payment,206.34
36,2,34,debt,66.24
148,135,13,payment,335.31
38,17,21,debt,83.49
50,49,1,debt,135.59
118,108,10,debt,310.97
69,33,36,debt,159
56,18,38,debt,159.7
59,53,6,existence,152.99
78,24,54,payment,143.67
119,16,103,debt,323.28
46,2,44,payment,86
105,49,56,debt,229.38
157,118,39,debt,398.95
76,34,42,existence,186.35
151,146,5,debt,396.29
31,28,3,existence,70.42
62,50,12,existence,214.1
11,4,7,existence,24.09
85,12,73,debt,144.05
74,30,44,payment,163.75
54,52,2,existence,136.43
15,10,5,payment,52.79
46,20,26,existence,118.42
68,29,39,payment,144.11
112,57,55,debt,244.43
77,10,67,payment,159.73
52,18,34,payment,97.48
24,1,23,payment,68.92
133,32,101,existence,253.72
100,5,95,debt,250.46
93,76,17,payment,316.42
42,34,8,existence,116.44
157,30,127,payment,256.03
81,49,32,payment,197.01
98,28,70,debt,275.95
71,41,30,payment,246.21
84,10,74,existence,150.81
122,58,64,existence,332.22
124,89,35,existence,250.17
119,34,85,payment,349.08
127,103,24,payment,383.49
70,36,34,payment,226.47
74,11,63,existence,158.3
82,47,35,payment,286.75
87,79,8,payment,268.72
4,1,3,payment,23.72
145,2,143,payment,337.03
51,25,26,payment,165.01
48,46,2,debt,158.3
112,85,27,existence,277.76
31,1,30,existence,52.91
3,1,2,debt,21.97
16,6,10,payment,58.45
125,49,76,debt,377.49
92,8,84,existence,231.99
5,2,3,debt,35.97
109,108,1,existence,226.77
11,10,1,existence,30.39
155,32,123,existence,329.54
44,8,36,debt,110.2
1,1,0,existence,3.31
92,84,8,payment,265.09
68,60,8,existence,159.68
142,50,92,debt,386.91
21,16,5,existence,72.72
17,12,5,existence,50.94
155,29,126,payment,270.97
61,24,37,existence,97.76
66,43,23,payment,211.77
108,18,90,payment,285.1
152,81,71,existence,382.93
113,99,14,debt,246.09
128,56,72,debt,321.9
47,26,21,debt,131.04
21,12,9,payment,50.51
120,73,47,payment,381.89
121,22,99,payment,228.85
77,29,48,existence,134.78
84,14,70,debt,138.76
102,19,83,existence,134.31
25,10,15,debt,70.76
82,3,79,existence,151.24
98,29,69,existence,224.91
4,3,1,existence,10.04
25,9,16,debt,91.98
122,39,83,payment,247.52
154,40,114,debt,354.62
29,2,27,existence,69.62
78,44,34,debt,204.72
67,46,21,payment,170.82
38,30,8,debt,112.82
86,63,23,debt,285.82
40,12,28,payment,116.37
2,1,1,payment,18.31
5,3,2,payment,21.2
119,105,14,payment,282.04
105,30,75,debt,283.2
122,5,117,payment,272.08
66,31,35,payment,206.79
148,17,131,debt,328.7
121,58,63,debt,214.65
101,21,80,debt,187.35
59,53,6,payment,203.9
62,48,14,payment,164.52
29,15,14,existence,55.26
132,49,83,debt,306.3
69,58,11,existence,174.54
90,45,45,payment,257.8
134,2,132,payment,194.19
110,12,98,debt,185.81
146,58,88,debt,413.33
100,10,90,debt,195.33
89,45,44,debt,232.15
112,82,30,payment,323.73
104,60,44,payment,329.59
20,2,18,payment,52.19
35,5,30,existence,65.15
28,2,26,payment,87.02
104,37,67,payment,176.56
93,81,12,payment,266.19
66,42,24,existence,148.45
23,22,1,existence,61.94
34,7,27,debt,97.36
91,40,51,debt,281.79
92,17,75,existence,185.29
51,43,8,existence,96.44
30,17,13,debt,116.08
18,7,11,existence,39.62
121,112,9,debt,353.2
82,28,54,payment,169.17
88,81,7,debt,250.93
81,40,41,debt,227.32
11,2,9,existence,22.56
117,104,13,debt,398.41
57,38,19,existence,156.79
72,56,16,debt,214.06
142,121,21,payment,387.43
157,11,146,payment,270.61
121,81,40,existence,288.35
128,115,13,payment,363.52
59,58,1,existence,193.82
44,3,41,existence,86.14
20,5,15,debt,74.68
16,16,0,debt,73.42
58,32,26,payment,139.87
32,9,23,existence,78.07
144,94,50,existence,350.45
92,80,12,existence,291.5
125,111,14,existence,464.72
150,22,128,debt,232.12
75,60,15,payment,168.41
8,4,4,existence,14.32
124,123,1,debt,465.06
105,85,20,existence,321.26
77,21,56,payment,145.27
50,45,5,debt,149.29
78,57,21,existence,207.06
65,31,34,existence,104.42
110,53,57,payment,333.88
10,5,5,debt,36.41
73,29,44,debt,157.56
55,46,9,debt,146.69
150,72,78,debt,381.12
46,27,19,debt,132.25
118,4,114,existence,150.75
58,28,30,existence,171.49
19,8,11,payment,57.36
129,125,4,existence,415.83
138,10,128,existence,237.48
87,23,64,existence,143.15
75,36,39,payment,181.99
102,38,64,debt,234.16
71,56,15,existence,172.97
130,51,79,debt,225.26
51,43,8,debt,144.43
68,15,53,existence,131.25
53,6,47,debt,98.99
6,4,2,existence,17.05
20,4,16,existence,41.34
124,99,25,debt,412.64
132,3,129,existence,241.62
140,97,43,payment,409.71
127,33,94,existence,301.69
115,65,50,debt,351.46
33,31,2,existence,112.31
115,18,97,existence,171.18
17,2,15,debt,51.9
33,7,26,payment,62.91
35,34,1,existence,87.81
112,4,108,payment,294.56
29,1,28,existence,63.5
25,9,16,debt,84.05
30,12,18,debt,87.72
71,9,62,existence,140.71
22,18,4,existence,73.14
139,20,119,payment,271.86
48,16,32,payment,109.06
142,103,39,debt,366.72
60,9,51,existence,125.13
1,1,0,payment,20.11
145,42,103,existence,263.92
10,4,6,existence,26.85
71,50,21,existence,139.96
139,118,21,existence,337.56
95,33,62,existence,280
140,18,122,debt,379.46
154,74,80,existence,271.4
24,23,1,payment,98.08
5,2,3,payment,24.26
21,12,9,existence,57.78
40,32,8,payment,144.06
114,77,37,payment,296.48
65,8,57,payment,101.33
62,17,45,debt,123.12
141,18,123,payment,373.93
47,21,26,payment,139.07
62,32,30,debt,182.6
153,19,134,existence,375.13
140,63,77,debt,337.08
123,5,118,existence,242.17
90,19,71,debt,148.46
156,32,124,debt,452.46
71,58,13,payment,209.7
106,69,37,payment,335.6
137,30,107,existence,192.23
86,78,8,debt,226.15
53,7,46,payment,110.4
2,1,1,payment,14.93
3,3,0,debt,24.16
124,30,94,existence,311.61
28,24,4,payment,97.68
27,3,24,payment,75.96
51,48,3,debt,146.18
76,42,34,existence,235.58
123,70,53,payment,316.75
39,15,24,payment,78.47
68,65,3,payment,202.22
110,110,0,payment,294.11
129,69,60,payment,253.75
138,23,115,payment,230.33
55,33,22,payment,167.36
94,56,38,debt,220.33
12,9,3,existence,27.44
40,21,19,payment,84.21
14,14,0,debt,51.65
50,27,23,payment,118.06
78,26,52,payment,164.58
82,69,13,existence,259.46
81,14,67,payment,217.63
9,5,4,existence,22.82
135,109,26,payment,354.11
132,8,124,existence,294.83
24,21,3,debt,74.5
96,18,78,existence,204.61
69,15,54,debt,143.44
131,118,13,existence,355.15
66,38,28,debt,154.98
18,6,12,existence,40.75
31,4,27,payment,92.53
95,88,7,payment,302.85
81,36,45,existence,223.89
120,10,110,payment,163.43
36,22,14,payment,105.58
47,4,43,existence,103.94
36,13,23,debt,114.71
121,62,59,payment,397.56
126,78,48,debt,330.85
32,7,25,payment,79.59
82,66,16,existence,261.17
72,26,46,debt,175.88
31,12,19,payment,80.14
125,14,111,debt,235.29
83,74,9,payment,261.46
144,115,29,existence,345.9
82,1,81,payment,171.3
117,63,54,existence,286.16
96,58,38,existence,308.06
104,81,23,debt,237.54
37,15,22,debt,111.33
13,4,9,existence,29.36
49,7,42,existence,79.61
27,4,23,debt,74.2
66,45,21,payment,174.26
115,35,80,debt,284.02
53,18,35,payment,130.11
56,20,36,debt,96.78
86,31,55,existence,207.2
74,54,20,debt,185.58
90,68,22,existence,220.06
23,16,7,existence,45.28
24,6,18,existence,55.93
82,19,63,debt,166.53
153,41,112,debt,306.41
156,1,155,debt,266
7,3,4,debt,33.51
44,33,11,existence,102.58
90,25,65,payment,255.33
46,9,37,payment,100.86
21,7,14,debt,70.71
137,19,118,existence,191.5
24,11,13,payment,44.93
65,16,49,debt,172.15
21,2,19,existence,43.9
155,130,25,payment,521.01
34,15,19,payment,97.18
53,19,34,payment,150.77
21,6,15,debt,53.43
149,69,80,debt,344.74
132,63,69,payment,320.77
117,107,10,existence,375.14
41,10,31,debt,76.95
106,88,18,debt,350.35
78,65,13,payment,211.87
59,33,26,debt,178.03
74,36,38,debt,239.43
124,79,45,existence,376.71
46,1,45,payment,69.89
16,1,15,existence,38.84
150,59,91,existence,299.61
18,15,3,debt,78.08
114,47,67,existence,210.5
36,6,30,payment,83.54
82,82,0,existence,240.87
83,23,60,debt,229.13
24,17,7,existence,56.02
79,61,18,debt,245.42
8,3,5,payment,26.03
89,39,50,existence,146.92
130,43,87,payment,329.22
93,79,14,debt,241.63
101,66,35,existence,231.79
144,50,94,existence,228.45
46,36,10,debt,141.38
80,20,60,payment,151.1
61,15,46,existence,127.8
21,8,13,payment,52.46
146,46,100,debt,390.74
65,19,46,debt,172.06
44,36,8,debt,139.35
3,3,0,payment,15.92
38,20,18,debt,91.4
128,101,27,payment,343.17
16,8,8,existence,36.77
52,5,47,payment,148.27
15,8,7,payment,47.48
123,17,106,existence,163.03
39,22,17,existence,82.41
61,25,36,debt,136.05
110,106,4,debt,262.11
108,25,83,payment,260.75
104,10,94,payment,187.77
71,6,65,payment,167.06
98,21,77,payment,260.05
73,49,24,debt,221.03
53,6,47,existence,74.56
61,17,44,existence,111.38
33,10,23,existence,56.2
113,36,77,existence,246.04
150,52,98,payment,274.26
52,21,31,payment,95.24
81,40,41,payment,160.12
81,57,24,existence,144.19
69,40,29,debt,148.4
85,42,43,debt,227.51
143,72,71,debt,364.04
67,15,52,existence,140.4
121,31,90,debt,332.11
86,45,41,payment,161.8
9,6,3,payment,46.72
22,13,9,debt,70.03
68,32,36,existence,125.93
67,7,60,payment,184.2
77,48,29,debt,172.36
5,2,3,payment,25.58
79,12,67,payment,174.49
78,1,77,existence,178.48
61,24,37,existence,150.86
152,91,61,existence,418.92
53,40,13,debt,213.71
130,79,51,existence,269.69
43,38,5,existence,93.53
108,66,42,existence,289.96
151,104,47,existence,436.52
92,21,71,debt,223.65
71,8,63,payment,136.44
136,91,45,existence,337.24
110,106,4,debt,388.09
112,49,63,debt,229.92
83,1,82,debt,150.3
9,1,8,existence,13.3
63,10,53,existence,103.68
157,1,156,payment,309.56
25,10,15,debt,76.77
6,6,0,payment,32.36
26,10,16,debt,96.46
144,97,47,payment,310.29
47,45,2,payment,140.5
124,95,29,payment,411.53
127,106,21,debt,367.49
133,104,29,payment,340.56
81,66,15,debt,222.39
33,28,5,existence,85.65
92,56,36,existence,178.88
147,88,59,payment,441.68
114,52,62,debt,253.92
111,78,33,existence,226.13
50,49,1,debt,136.48
126,22,104,payment,256.34
143,34,109,existence,268.06
115,3,112,existence,189.22
59,37,22,payment,190.59
93,30,63,payment,182.64
147,42,105,existence,362.74
97,58,39,debt,226.79
155,47,108,payment,363.62
39,30,9,payment,136.34
85,74,11,debt,294.36
7,6,1,debt,34.47
52,4,48,debt,117.71
107,32,75,payment,251.32
76,22,54,existence,211.91
82,29,53,existence,238.82
131,107,24,payment,371.93
1,1,0,existence,3.55
28,20,8,debt,72.43
101,100,1,debt,382.2
133,123,10,existence,290.67
76,27,49,existence,206.9
134,40,94,payment,286.41
129,79,50,payment,399.76
134,51,83,payment,339.47
52,42,10,debt,119.17
151,112,39,payment,283.97
78,6,72,existence,164.59
37,13,24,debt,77.42
84,45,39,payment,192.25
19,19,0,payment,74.88
43,20,23,existence,103.52
84,10,74,existence,197.34
36,34,2,payment,113.74
11,10,1,existence,29.94
27,24,3,payment,101.14
110,103,7,existence,339.52
86,1,85,payment,176
152,77,75,existence,462.57
155,18,137,payment,349.54
116,4,112,existence,245.09
90,5,85,debt,142.55
131,106,25,existence,315.3
57,24,33,existence,162.05
65,20,45,debt,121.81
58,53,5,debt,157.22
54,1,53,debt,121.67
40,37,3,debt,148.74
23,15,8,debt,87.92
120,116,4,existence,317.34
136,75,61,debt,241.5
147,42,105,existence,418.65
116,28,88,payment,312.14
132,2,130,debt,335.98
49,13,36,debt,156.92
152,146,6,existence,422.07
100,9,91,payment,192.23
74,45,29,debt,169.02
67,19,48,existence,160.31
12,2,10,existence,19.76
138,47,91,debt,413.98
98,79,19,existence,341.31
45,37,8,existence,104.77
97,96,1,payment,221.2
92,79,13,existence,232.12
47,15,32,payment,99.78
89,21,68,debt,148.75
30,12,18,existence,71.01
24,17,7,debt,53.92
31,3,28,existence,53.23
112,108,4,existence,242.54
32,28,4,existence,107.69
78,34,44,payment,230.26
65,65,0,existence,172.73
104,64,40,debt,315.6
48,18,30,payment,128.55
121,99,22,existence,316.59
89,61,28,debt,286.55
83,82,1,debt,303.56
153,101,52,existence,472.29
122,85,37,debt,306.71
148,37,111,payment,386.86
16,3,13,debt,49.38
24,16,8,existence,52.43
154,19,135,payment,247.47
143,104,39,debt,380.31
124,27,97,existence,221.2
109,15,94,debt,221.09
137,29,108,debt,279.41
77,53,24,payment,267.24
8,3,5,debt,37.36
55,53,2,debt,174.24
154,27,127,existence,233.61
127,52,75,existence,233.08
11,1,10,debt,47.62
95,16,79,payment,195.06
38,10,28,existence,80.76
107,99,8,existence,258.88
109,57,52,debt,272.1
125,73,52,existence,344.49
110,1,109,debt,173.53
80,25,55,payment,150.42
151,109,42,debt,374.22
98,86,12,existence,271.6
89,80,9,debt,240.18
34,33,1,existence,103.58
26,2,24,payment,76.36
74,8,66,payment,170.93
19,5,14,debt,60.51
9,6,3,payment,30.02
46,5,41,debt,117.29
51,39,12,payment,178.19
105,46,59,payment,247.02
118,12,106,existence,248.05
4,3,1,existence,11.94
113,2,111,existence,202.39
108,44,64,existence,208.82
91,24,67,existence,203.76
43,23,20,debt,128.38
67,1,66,existence,79.4
1,1,0,existence,3.03
25,8,17,debt,82.54
122,11,111,debt,176.38
89,63,26,existence,161.12
129,90,39,payment,257.55
123,70,53,payment,374.62
39,9,30,debt,94.07
55,24,31,debt,163.93
54,12,42,payment,126.48
30,4,26,payment,61.38
52,18,34,existence,149.97
3,2,1,payment,23.58
137,84,53,existence,397.34
153,93,60,payment,330.73
98,21,77,payment,165.02
83,15,68,payment,222.68
143,21,122,payment,339.5
68,24,44,debt,178.11
141,16,125,debt,379.95
151,18,133,payment,398.97
9,4,5,payment,33.86
26,8,18,payment,70.69
78,75,3,debt,279.91
100,8,92,payment,147.49
112,10,102,payment,226.3
79,49,30,existence,226.69
101,91,10,debt,347.85
111,109,2,payment,366.62
43,8,35,debt,122.92
86,19,67,debt,186.43
57,15,42,existence,122.56
62,26,36,payment,116.9
155,9,146,existence,216.02
126,115,11,payment,353.73
6,1,5,payment,23.68
60,8,52,debt,157.62
38,15,23,existence,92.39
133,121,12,debt,431.62
84,17,67,payment,152.21
94,70,24,debt,311.95
82,81,1,debt,272.73
155,123,32,payment,470.4
70,68,2,payment,205.42
131,74,57,payment,307.69
134,34,100,payment,296.89
24,5,19,payment,45.65
21,4,17,existence,42.88
132,6,126,debt,177.73
46,13,33,debt,138.44
135,11,124,payment,269.21
36,31,5,existence,117.72
81,38,43,debt,261.12
137,12,125,payment,275.96
82,38,44,debt,176.49
48,29,19,payment,142.16
36,6,30,debt,108
20,6,14,existence,48.79
16,13,3,debt,62.94
126,103,23,payment,344.53
135,117,18,payment,282.08
51,18,33,payment,124.95
97,2,95,existence,123.63
98,88,10,payment,302.77
113,8,105,payment,161.05
72,3,69,debt,130.56
119,49,70,payment,257.01
32,19,13,existence,93.24
113,55,58,payment,328.36
126,1,125,existence,166.02
108,46,62,debt,205.59
119,11,108,debt,186.98
8,5,3,existence,19.27
94,74,20,payment,291.68
49,10,39,existence,76.63
35,31,4,debt,117.26
94,6,88,existence,222.55
50,7,43,existence,109.15
84,28,56,existence,223.7
148,145,3,payment,337.19
45,26,19,existence,134.13
9,7,2,payment,32.63
133,128,5,existence,276.96
111,28,83,payment,225.33
9,6,3,payment,38.7
70,38,32,payment,192.35
139,23,116,debt,227.26
75,62,13,existence,194.3
86,34,52,debt,237.67
116,106,10,payment,309.63
63,46,17,debt,200.79
118,9,109,existence,247.73
86,29,57,payment,241.41
11,7,4,payment,50.56
21,19,2,debt,72.29
87,1,86,debt,133.56
126,85,41,existence,325.24
117,74,43,existence,310.64
40,5,35,debt,79.85
74,63,11,debt,239.86
81,63,18,debt,246.89
1,1,0,payment,19.28
145,54,91,payment,364.4
92,24,68,debt,180.32
27,21,6,existence,55.47
24,7,17,debt,62.76
89,19,70,debt,200.24
29,3,26,existence,67.27
152,22,130,existence,347.49
85,8,77,payment,228.9
129,24,105,debt,205.96
22,17,5,debt,69.35
153,129,24,existence,287.99
115,57,58,payment,277.84
152,76,76,debt,431.06
74,21,53,existence,140.18
95,68,27,payment,285.76
133,32,101,debt,360.24
54,18,36,payment,139.31
115,11,104,payment,287.35
149,106,43,payment,344.28
15,6,9,payment,59.68
99,23,76,payment,273.34
119,81,38,payment,330.13
78,7,71,existence,198.17
94,70,24,payment,235.8
56,24,32,payment,103.34
92,13,79,existence,224.63
107,66,41,debt,305.35
119,4,115,debt,191.17
52,35,17,debt,169.12
120,24,96,payment,264.76
65,34,31,debt,166.27
75,33,42,payment,214.4
39,9,30,payment,84.14
82,24,58,existence,207.27
154,153,1,debt,387.34
122,99,23,debt,393.07
138,110,28,payment,403.06
1,1,0,debt,12.19
67,4,63,payment,93.82
44,4,40,payment,74.57
94,59,35,existence,279.55
24,16,8,debt,68.36
147,63,84,payment,432.5
59,46,13,existence,142.75
2,2,0,existence,6.42
37,21,16,payment,83.1
36,18,18,payment,106.35
76,58,18,payment,208.36
25,1,24,existence,31.87
20,7,13,debt,51.67
61,17,44,debt,193.46
147,129,18,debt,280.81
140,24,116,existence,243.42
106,12,94,debt,236.68
12,2,10,existence,31.44
55,54,1,debt,162.61
93,69,24,debt,272.12
19,5,14,debt,67.09
157,54,103,existence,396.36
71,65,6,payment,229.63
129,126,3,debt,421.76
40,32,8,payment,157.66
141,50,91,payment,260.96
139,81,58,payment,455.18
129,58,71,payment,278.92
14,3,11,existence,30.34
131,87,44,debt,393.21
60,19,41,existence,107.28
4,2,2,existence,7.43
77,72,5,debt,285.98
117,45,72,payment,266.37
14,5,9,payment,33.06
9,9,0,payment,37.79
108,3,105,debt,278.29
64,41,23,payment,152.07
52,8,44,existence,110.14
29,26,3,payment,80.11
32,25,7,debt,114.96
107,58,49,existence,339
110,45,65,debt,234.08
75,39,36,existence,201.48
154,111,43,payment,461.95
42,38,4,existence,157.57
38,34,4,existence,86.52
140,90,50,debt,396.26
79,31,48,existence,135.44
147,86,61,existence,352.31
92,66,26,debt,265.77
41,24,17,existence,88.48
83,76,7,debt,303.52
156,137,19,debt,609.3
17,3,14,debt,56.05
62,24,38,payment,177.52
22,10,12,debt,58.7
93,40,53,payment,164.38
84,12,72,existence,136.69
78,68,10,existence,164.77
108,90,18,debt,253.06
39,9,30,existence,109.9
30,7,23,payment,96.82
156,141,15,payment,532.06
54,39,15,payment,185
8,3,5,debt,28.3
95,84,11,existence,222.63
144,32,112,debt,312.35
85,5,80,payment,134.57
111,7,104,payment,187.29
99,15,84,debt,285.36
106,24,82,payment,297.25
77,39,38,existence,158.53
42,25,17,existence,87.7
144,42,102,debt,302.81
49,3,46,payment,127.11
120,104,16,payment,270.15
149,8,141,debt,284.93
55,29,26,payment,103.14
84,28,56,debt,236.23
40,22,18,debt,99.23
24,21,3,payment,66.94
46,9,37,debt,97.88
48,26,22,debt,127.93
28,22,6,payment,103.63
35,1,34,existence,80.35
78,64,14,debt,165.89
10,10,0,payment,43.35
142,38,104,payment,366.55
121,29,92,payment,220.99
36,12,24,debt,117.46
18,3,15,debt,42.17
50,41,9,payment,176.29
130,13,117,existence,187.57
85,7,78,existence,136.66
4,4,0,existence,15.39
99,60,39,existence,219.99
117,117,0,debt,334.08
93,4,89,debt,228.32
15,4,11,existence,23.12
95,75,20,payment,307.96
133,125,8,payment,402.83
105,16,89,debt,219.23
45,26,19,payment,117.7
122,99,23,payment,304.83
105,77,28,existence,214.8
89,32,57,payment,153.03
133,32,101,payment,314.98
150,4,146,payment,292.94
29,3,26,existence,35.95
65,35,30,existence,181.7
157,155,2,existence,551.44
53,15,38,debt,135.37
27,6,21,payment,79.91
36,2,34,debt,80.54
45,37,8,payment,149.12
31,17,14,debt,67.66
129,47,82,debt,320.62
80,34,46,existence,228.98
23,12,11,existence,60
129,92,37,existence,319.05
138,132,6,debt,388.39
15,13,2,existence,36.41
5,3,2,payment,28.33
89,19,70,payment,160.73
14,5,9,payment,47.07
87,87,0,payment,284.19
6,2,4,debt,42.17
134,47,87,debt,235.44
32,28,4,payment,100.55
27,13,14,debt,68.74
64,58,6,payment,159.75
50,4,46,debt,123.1
90,35,55,existence,137.25
138,24,114,existence,220.1
104,79,25,payment,273.27
42,25,17,debt,103.19
73,23,50,payment,148.15
74,49,25,payment,247.59
114,15,99,payment,258.66
59,14,45,debt,178.6
111,95,16,debt,248.13
55,34,21,existence,144.27
26,13,13,debt,58.94
24,21,3,existence,84.63
27,3,24,payment,55.68
24,23,1,payment,103.92
2,2,0,existence,7.47
32,4,28,debt,93.11
68,20,48,payment,148.17
4,2,2,debt,35.59
46,38,8,debt,161.38
66,48,18,debt,191.16
70,52,18,existence,181.59
3,1,2,existence,4.83
20,19,1,existence,45.38
134,119,15,payment,356.85
139,27,112,existence,192.49
108,97,11,debt,373.46
103,84,19,debt,315.4
140,122,18,payment,288.74
89,37,52,payment,220.36
74,54,20,debt,265.73
106,95,11,debt,333.91
52,27,25,existence,105.91
156,64,92,debt,412.51
75,69,6,existence,196.75
47,38,9,payment,136.45
16,7,9,debt,72.51
134,54,80,existence,336.17
10,6,4,debt,50.38
9,2,7,payment,37.27
78,16,62,payment,161.57
8,8,0,debt,39.97
127,124,3,debt,364.29
98,3,95,debt,149.34
140,83,57,payment,279.43
88,45,43,payment,198.99
135,43,92,debt,334.1
6,4,2,existence,17.76
123,110,13,existence,287.33
52,40,12,existence,115.89
30,7,23,existence,60.63
136,111,25,payment,362.63
57,56,1,existence,151.67
44,17,27,debt,104.2
60,22,38,debt,156.2
22,22,0,debt,95.84
135,129,6,existence,299.81
127,116,11,payment,316.92
154,139,15,payment,551.63
135,134,1,existence,321.55
57,14,43,payment,99.62
2,2,0,payment,16.63
123,110,13,payment,406.2
9,7,2,existence,23.81
82,58,24,existence,171.06
29,16,13,payment,59.1
131,117,14,existence,321.87
119,4,115,existence,202.61
135,122,13,payment,477.12
36,29,7,payment,122.72
90,19,71,debt,163.43
126,45,81,debt,246.38
45,41,4,existence,121.5
151,117,34,debt,322.48
104,88,16,debt,279.82
143,63,80,existence,337.56
150,145,5,debt,347.46
72,37,35,existence,137.87
118,29,89,debt,329.94
84,35,49,existence,185.22
28,14,14,payment,81.27
101,82,19,existence,187.6
39,22,17,payment,122.57
73,23,50,existence,132.11
83,34,49,debt,197.62
25,1,24,debt,69.55
33,17,16,existence,94.48
29,28,1,payment,94.37
42,11,31,payment,101.58
12,12,0,debt,51.91
83,44,39,debt,281.41
100,100,0,payment,345.36
102,20,82,payment,242.09
79,63,16,existence,268.8
142,118,24,debt,392.52
62,4,58,existence,140.66
29,5,24,debt,86.57
85,38,47,existence,204.57
147,34,113,existence,308.67
144,72,72,existence,388.94
50,2,48,payment,129.65
91,89,2,debt,371.85
16,10,6,debt,68.22
39,11,28,debt,115.58
58,1,57,debt,151.73
45,19,26,payment,126.87
87,45,42,payment,237.53
149,27,122,debt,365.05
37,28,9,payment,121.86
71,53,18,debt,237.46
32,15,17,existence,87.36
41,21,20,debt,88.83
61,49,12,payment,183.07
18,10,8,existence,34
85,11,74,payment,228.03
145,144,1,payment,468.84
80,15,65,existence,172.13
76,21,55,debt,164.02
53,16,37,existence,92.98
64,12,52,payment,118.33
133,69,64,debt,419.3
23,3,20,payment,62
104,101,3,payment,305.53
85,76,9,existence,309.25
3,3,0,existence,8.97
50,7,43,debt,128.55
81,13,68,existence,114.11
96,6,90,existence,124.87
148,95,53,debt,490.89
117,4,113,debt,240.15
125,97,28,existence,332.78
71,1,70,existence,129.57
74,26,48,payment,141.26
114,78,36,existence,258.97
23,5,18,debt,61.19
127,112,15,payment,368.44
149,106,43,existence,520.64
109,49,60,debt,267.32
72,26,46,existence,196.66
49,33,16,debt,132.26
90,14,76,debt,154.94
21,4,17,payment,51.8
105,49,56,payment,319.68
66,34,32,debt,184.42
104,53,51,payment,255.93
89,43,46,debt,250.76
47,47,0,existence,146.16
53,3,50,debt,96.32
47,7,40,payment,127.46
68,3,65,payment,122.58
125,123,2,debt,481.22
27,19,8,existence,54.85
155,53,102,existence,253.61
89,72,17,existence,174.35
73,50,23,payment,239.76
66,57,9,debt,138.73
155,45,110,debt,280.72
68,36,32,debt,208.77
25,11,14,payment,82.62
51,40,11,payment,185.31
116,58,58,debt,345.95
124,49,75,debt,313.38
58,12,46,existence,103.35
143,20,123,payment,298.62
120,20,100,debt,321.73
148,86,62,debt,308.83
110,35,75,payment,233.71
130,103,27,payment,287.88
130,25,105,payment,346.68
46,11,35,payment,118.96
149,130,19,payment,366.09
6,1,5,payment,28.91
156,74,82,existence,364.18
155,62,93,debt,300.46
121,60,61,existence,245.91
150,103,47,payment,332.65
38,35,3,payment,146.8
109,12,97,existence,266.81
152,148,4,existence,481.19
3,2,1,existence,9.08
138,62,76,existence,224.58
95,77,18,debt,286.68
75,48,27,debt,186.52
13,6,7,debt,45.07
77,54,23,debt,154.64
84,58,26,payment,292.49
43,12,31,payment,83.41
146,130,16,payment,366.13
24,14,10,payment,70.02
70,62,8,existence,236.28
75,42,33,debt,230.43
50,34,16,debt,108.72
154,142,12,payment,349.9
114,103,11,payment,249.5
1,1,0,payment,12.34
138,46,92,debt,357.95
1,1,0,debt,12.17
139,131,8,existence,510.17
42,9,33,payment,83.35
95,82,13,payment,223.67
144,14,130,existence,354.97
52,26,26,debt,133.72
29,18,11,payment,98.03
23,22,1,payment,96.43
109,96,13,existence,405.88
126,81,45,payment,335.05
85,1,84,payment,112.28
80,11,69,existence,147.68
18,5,13,payment,49.95
85,19,66,existence,214.29
50,23,27,existence,86.81
120,41,79,existence,311.07
141,3,138,existence,245.05
25,9,16,debt,53.5
60,48,12,debt,172.41
125,123,2,existence,359.3
139,9,130,debt,346.56
89,54,35,payment,223.37
124,27,97,existence,182.65
85,67,18,existence,257.25
1,1,0,payment,19.78
154,17,137,existence,202.87
65,2,63,existence,96.69
49,25,24,debt,118.96
146,73,73,payment,340.57
39,25,14,debt,103.23
66,47,19,existence,177.08
27,1,26,payment,76.25
123,102,21,payment,367.58
13,11,2,existence,31.15
30,30,0,debt,116.99
11,10,1,payment,47.74
8,2,6,existence,21.38
24,12,12,debt,97.87
5,4,1,existence,14.11
152,71,81,debt,268.66
156,69,87,debt,428.66
11,2,9,debt,38.94
97,12,85,debt,238.02
10,8,2,existence,26.89
157,82,75,payment,451.33
101,36,65,payment,259.03
125,124,1,existence,334.36
105,98,7,payment,300.09
112,13,99,existence,148.56
60,44,16,existence,162.91
71,34,37,payment,191.37
29,21,8,payment,98.45
41,12,29,payment,128.67
76,38,38,payment,237.29
19,18,1,existence,51.37
89,50,39,debt,270.16
86,27,59,payment,257.28
100,42,58,debt,207.98
141,34,107,existence,283.75
3,3,0,payment,15.79
59,30,29,existence,178.48
61,37,24,debt,170.15
91,38,53,debt,243.33
95,51,44,debt,206.53
105,66,39,payment,267.13
155,139,16,payment,436.29
90,7,83,debt,172.64
17,15,2,existence,40.88
46,1,45,existence,64.75
97,26,71,debt,206.73
23,14,9,existence,47.9
23,2,21,debt,54.72
133,45,88,payment,316.48
24,9,15,debt,59.33
62,15,47,debt,115.57
55,51,4,existence,180.98
109,100,9,existence,270
29,10,19,debt,77.25
144,16,128,existence,278.13
129,24,105,payment,280.99
137,22,115,payment,251.77
57,7,50,existence,110.61
3,1,2,payment,19.2
154,3,151,payment,307.76
122,106,16,existence,308.94
56,56,0,existence,131.04
132,14,118,payment,201.9
79,1,78,payment,203.07
85,48,37,payment,154.29
71,8,63,existence,183.82
108,42,66,debt,243.74
95,38,57,debt,241.94
82,2,80,existence,110.37
39,24,15,existence,109.61
117,6,111,payment,234.18
58,45,13,existence,164.13
145,94,51,debt,386.5
34,26,8,existence,68.98
85,67,18,debt,234.45
14,8,6,existence,35.29
53,49,4,existence,125.55
69,31,38,payment,159.78
55,50,5,payment,181.43
133,95,38,debt,434.01
86,15,71,payment,167.09
79,15,64,existence,161.67
70,45,25,debt,206.93
3,2,1,debt,24.09
46,30,16,debt,134.19
83,18,65,existence,131.69
13,5,8,debt,35.91
60,39,21,existence,169.24
30,21,9,debt,93.75
54,23,31,payment,99.17
102,17,85,debt,151.5
95,88,7,existence,251.04
70,36,34,debt,191.01
110,80,30,existence,312.25
29,8,21,existence,71.92
84,2,82,debt,159.38
32,5,27,payment,87.45
94,31,63,existence,183.58
107,27,80,debt,291.16
147,22,125,existence,230.47
89,48,41,existence,206.17
10,7,3,payment,33.52
96,57,39,payment,299.48
155,42,113,payment,259.5
106,32,74,existence,211.44
17,9,8,debt,52.84
114,61,53,existence,301.76
76,28,48,debt,155.93
82,9,73,existence,126.25
63,50,13,debt,178.94
123,52,71,debt,347.6
9,2,7,payment,37.92
97,69,28,payment,277.48
78,40,38,debt,169.09
1,1,0,payment,14.45
65,17,48,debt,166.51
136,13,123,debt,361.73
42,10,32,existence,109.91
126,110,16,existence,429.56
62,32,30,existence,147.78
89,36,53,existence,183.26
17,5,12,payment,50.3
62,46,16,existence,131.45
72,24,48,existence,187.34
125,60,65,existence,314.04
121,36,85,payment,305.87
82,3,79,debt,183.81
157,153,4,payment,424.25
120,67,53,existence,303.91
81,80,1,existence,269.35
84,4,80,existence,176.64
4,1,3,payment,24.42
157,108,49,debt,397.27
109,5,104,debt,291.59
144,122,22,payment,337.94
66,64,2,payment,161.35
33,22,11,debt,111.83
146,135,11,payment,364.43
121,97,24,debt,273.98
105,20,85,payment,218.55
15,6,9,payment,49.18
16,6,10,payment,47.93
54,19,35,existence,102.78
139,46,93,existence,249.36
79,11,68,existence,204.08
115,75,40,payment,303.49
35,10,25,debt,94.72
79,16,63,payment,216.9
126,96,30,payment,445.14
44,21,23,payment,139.79
66,1,65,payment,133.93
82,8,74,debt,218.49
111,53,58,debt,225.19
127,51,76,existence,234.99
26,22,4,debt,75.61
111,25,86,debt,289.17
107,88,19,debt,251.48
115,29,86,existence,205.98
128,32,96,payment,257.02
157,108,49,payment,515.76
138,124,14,debt,429.37
144,15,129,existence,202.58
105,17,88,payment,239.34
77,18,59,payment,145.86
152,46,106,debt,437.89
87,27,60,payment,210.4
152,143,9,existence,451.54
66,25,41,debt,128.61
72,56,16,debt,248.9
149,71,78,payment,272.35
39,29,10,debt,133.99
83,52,31,debt,184.63
108,94,14,existence,281.01
58,46,12,payment,163.24
89,78,11,payment,216.24
134,95,39,payment,362.8
17,2,15,payment,48.25
37,24,13,debt,122.18
74,74,0,existence,198.89
33,31,2,debt,137.08
128,50,78,payment,294.79
52,5,47,payment,95.22
79,58,21,existence,266.15
46,33,13,existence,86.21
130,95,35,existence,421.99
60,36,24,existence,157.24
65,2,63,payment,149.85
27,3,24,payment,42.75
55,20,35,debt,112.21
86,35,51,existence,222.93
13,1,12,existence,25.8
91,13,78,existence,226.57
135,50,85,payment,223.62
133,83,50,debt,454.58
54,35,19,existence,151.56
45,12,33,debt,127.58
26,5,21,payment,69.87
141,87,54,existence,433.75
90,9,81,debt,161.3
152,119,33,existence,437.19
26,21,5,payment,71.07
19,15,4,debt,53.99
50,18,32,debt,137.28
36,19,17,existence,83.18
22,8,14,existence,41.82
40,23,17,payment,112.86
72,2,70,payment,130.69
96,79,17,debt,268.35
62,22,40,payment,119.9
152,8,144,debt,268.66
136,130,6,existence,300.88
115,80,35,debt,365.54
74,41,33,existence,210.66
132,128,4,payment,308.37
127,24,103,debt,254.62
18,13,5,debt,52.03
127,101,26,payment,425.32
79,26,53,debt,198.22
27,10,17,debt,67.61
92,51,41,debt,193.98
116,83,33,debt,314.95
137,91,46,payment,273.5
107,13,94,existence,159.64
139,19,120,debt,217.59
51,31,20,payment,123.69
75,43,32,payment,169.61
120,108,12,payment,293.2
26,9,17,existence,77.41
106,102,4,payment,298.67
123,97,26,payment,303.98
40,15,25,debt,122.62
81,51,30,existence,232.61
78,61,17,debt,231.93
22,10,12,existence,54.65
139,107,32,payment,506.5
3,1,2,existence,6.27
25,14,11,payment,96.01
120,46,74,existence,346.19
44,23,21,debt,139.86
79,39,40,existence,209.59
16,13,3,debt,71.94
34,23,11,existence,95.08
102,77,25,existence,192.38
64,23,41,debt,156.16
27,26,1,debt,78.22
129,13,116,debt,329.12
98,69,29,existence,244.22
48,10,38,existence,96.62
101,56,45,payment,232.49
134,81,53,existence,369.47
151,82,69,existence,369.31
28,22,6,payment,76.91
86,48,38,existence,178.55
121,54,67,debt,368.11
25,17,8,payment,50.67
20,7,13,debt,81.22
100,79,21,debt,278.68
92,90,2,payment,281.21
15,10,5,payment,42.01
147,64,83,debt,248.75
68,36,32,existence,128.62
143,129,14,payment,342.87
93,16,77,existence,200.51
75,62,13,payment,197.54
102,75,27,debt,265.29
115,40,75,existence,284.01
77,50,27,existence,165.59
134,131,3,existence,339.39
69,32,37,existence,136.53
62,47,15,payment,183.79
40,20,20,existence,81.95
18,11,7,existence,43.54
113,30,83,existence,187.34
120,67,53,payment,324.96
76,7,69,debt,180.95
24,19,5,debt,103.21
54,41,13,debt,180.3
149,24,125,payment,257.09
34,29,5,existence,66.58
38,28,10,debt,96.28
4,3,1,existence,11.49
44,22,22,payment,127.06
114,59,55,existence,240.47
26,26,0,debt,121.14
42,21,21,payment,83.7
143,137,6,debt,366.94
18,14,4,debt,81.02
52,41,11,existence,163.86
118,115,3,existence,238.72
32,18,14,debt,80.46
136,62,74,existence,363.16
108,27,81,existence,183.74
44,24,20,debt,147.43
45,21,24,existence,82.55
120,116,4,existence,316.35
136,26,110,debt,207.41
73,52,21,debt,223.26
99,1,98,debt,175.4
53,50,3,payment,173.46
114,41,73,existence,275.45
107,14,93,debt,269.87
121,19,102,debt,205.48
108,25,83,payment,296.5
105,4,101,existence,153.84
89,19,70,debt,197.33
50,21,29,payment,139.31
52,47,5,existence,195.9
84,33,51,payment,254.31
8,5,3,debt,46.01
94,25,69,existence,221.17
39,6,33,existence,57.52
153,58,95,existence,374.94
1,1,0,existence,3.31
146,136,10,debt,360.03
126,20,106,existence,226.9
150,148,2,existence,457.79
38,24,14,payment,132.31
151,132,19,existence,533.28
72,13,59,debt,177.82
150,144,6,debt,363.68
10,10,0,existence,30.36
81,65,16,debt,284.35
148,122,26,payment,361.1
57,44,13,payment,127.63
78,12,66,existence,193.43
30,6,24,debt,68.71
95,82,13,debt,296.25
11,10,1,debt,52.84
127,63,64,payment,280.39
8,8,0,existence,22.83
46,14,32,payment,86.76
59,18,41,payment,162.85
138,99,39,debt,328.4
149,61,88,existence,218.52
32,10,22,existence,85.81
137,44,93,debt,271.79
115,58,57,existence,267.88
11,10,1,debt,48.39
37,14,23,payment,101.18
137,55,82,existence,368.34
64,63,1,payment,239.8
156,75,81,debt,328.74
9,7,2,payment,30.55
143,58,85,payment,277.3
104,95,9,debt,277.22
70,56,14,payment,152.08
118,31,87,existence,198.27
67,65,2,existence,163.4
137,80,57,payment,335.85
133,90,43,debt,279.47
61,20,41,debt,192.31
20,12,8,debt,75.03
116,14,102,existence,251.97
109,103,6,debt,332.1
21,18,3,debt,78.67
27,26,1,payment,72.55
36,33,3,existence,112.88
108,94,14,debt,338.03
51,46,5,debt,157.44
131,122,9,debt,408.62
92,25,67,debt,284.93
4,3,1,payment,17.08
47,36,11,existence,127.11
95,84,11,existence,222.32
146,106,40,debt,321.41
108,100,8,existence,386.65
31,30,1,payment,93.35
48,18,30,payment,155.07
131,10,121,existence,243.54
27,8,19,debt,89.26
145,52,93,payment,274.32
35,5,30,payment,77.67
31,27,4,existence,101.54
151,106,45,debt,358.04
84,13,71,payment,149.3
70,7,63,debt,188.57
88,76,12,payment,201.46
73,71,2,debt,240.15
63,39,24,debt,185.37
129,100,29,payment,367.38
134,68,66,debt,366.15
118,77,41,existence,350.38
57,27,30,payment,117.45
50,36,14,payment,185.99
57,6,51,existence,130.82
65,31,34,existence,164.27
67,11,56,debt,160.39
23,23,0,debt,78.2
131,120,11,debt,318.03
76,10,66,existence,139.37
156,2,154,debt,267.21
31,3,28,payment,87.48
49,16,33,payment,96.94
65,40,25,existence,210.11
148,28,120,existence,207.66
129,64,65,payment,407.84
142,33,109,existence,231.32
135,82,53,payment,333.49
10,4,6,payment,38.8
14,13,1,debt,78.76
68,3,65,debt,158.37
36,26,10,debt,104.56
85,11,74,debt,120.37
90,78,12,existence,258.26
156,59,97,existence,309.28
130,15,115,existence,237.42
147,138,9,payment,388.08
60,6,54,existence,79.16
132,30,102,debt,290.06
31,11,20,existence,53.13
29,4,25,existence,71.08
98,80,18,existence,331.44
143,109,34,payment,372.24
123,4,119,debt,232.61
151,42,109,debt,343.1
4,4,0,existence,13.23
75,12,63,payment,184.45
58,12,46,debt,167.88
65,33,32,debt,186.38
23,13,10,debt,87.85
134,88,46,payment,363.65
147,133,14,payment,398.61
154,144,10,existence,517.69
51,42,9,existence,181.63
78,55,23,debt,181.18
155,62,93,payment,438.8
61,7,54,existence,102.82
135,106,29,existence,356.09
14,13,1,debt,54.11
76,48,28,payment,181.48
3,1,2,payment,20.61
28,16,12,payment,85.16
129,110,19,existence,290.37
125,105,20,existence,310.02
157,84,73,existence,355.3
122,51,71,existence,324.57
141,118,23,payment,374.85
63,49,14,existence,176.79
80,27,53,existence,123.48
138,48,90,existence,268.08
95,29,66,existence,196.12
64,17,47,existence,149.96
129,27,102,debt,199.3
60,5,55,debt,103.94
80,42,38,existence,240.6
73,10,63,debt,145.3
139,41,98,payment,223.14
90,33,57,payment,169.75
122,60,62,payment,306.4
8,2,6,debt,20.34
18,2,16,payment,52.09
5,3,2,debt,33.25
146,117,29,existence,428.72
16,4,12,payment,53.06
23,7,16,payment,50.22
74,24,50,existence,157.05
106,78,28,debt,213.22
155,51,104,payment,452.68
54,39,15,payment,128.9
129,40,89,existence,264.11
142,134,8,existence,480.48
110,11,99,debt,301.25
82,65,17,debt,207.4
8,6,2,debt,26.54
21,13,8,debt,81.09
12,3,9,existence,26.32
37,6,31,existence,52.49
45,25,20,payment,120.36
81,4,77,debt,148.34
18,4,14,payment,56.62
150,104,46,existence,463.87
61,7,54,debt,135.87
84,68,16,debt,226.03
84,55,29,payment,210.78
133,23,110,debt,322.87
124,19,105,debt,203.69
119,94,25,existence,344.66
27,27,0,debt,96.22
100,100,0,debt,273.09
17,3,14,payment,40.9
149,105,44,debt,366.39
155,27,128,payment,232.31
51,43,8,existence,151.58
58,52,6,payment,147.21
7,2,5,existence,17.75
79,23,56,existence,125.55
16,2,14,payment,43.65
15,1,14,payment,41.07
136,122,14,debt,327.31
113,99,14,debt,308.36
142,7,135,debt,212.6
3,2,1,payment,16.21
143,132,11,debt,308.54
92,28,64,debt,163.72
97,68,29,existence,189.14
10,3,7,debt,40.43
33,5,28,debt,81.8
78,22,56,payment,222.11
45,9,36,debt,125.25
37,16,21,existence,98.31
93,37,56,debt,260.73
31,24,7,existence,86.57
70,57,13,debt,211.2
1,1,0,payment,11
86,65,21,payment,182.63
125,99,26,existence,269.49
62,53,9,existence,147.47
61,20,41,payment,104.4
151,22,129,debt,331.41
122,64,58,debt,296.43
10,5,5,existence,27.83
116,81,35,payment,250.81
14,4,10,existence,37.52
40,34,6,existence,101.81
151,124,27,payment,518.23
146,38,108,debt,395.25
107,79,28,existence,260.95
147,38,109,debt,308.27
137,43,94,existence,330.98
115,36,79,debt,217.26
31,22,9,payment,87.01
124,97,27,existence,374.59
2,2,0,existence,6.44
116,90,26,existence,264.59
107,69,38,debt,357.71
44,35,9,debt,170.99
153,147,6,payment,505.54
141,16,125,existence,303.11
13,4,9,payment,44.55
53,9,44,existence,131.84
16,12,4,existence,41.46
30,16,14,existence,76.77
85,74,11,debt,179.47
112,88,24,existence,300.57
116,5,111,existence,146.99
32,27,5,debt,114.67
41,23,18,debt,145.43
62,59,3,existence,154.29
97,35,62,debt,314.32
33,13,20,debt,79.4
33,31,2,existence,91.91
113,64,49,existence,357.92
9,8,1,debt,47.05
59,21,38,debt,138.98
100,96,4,existence,313.68
86,34,52,payment,217.04
3,3,0,payment,15.59
143,53,90,existence,361.57
110,104,6,debt,423.83
109,103,6,debt,326.33
24,9,15,existence,70.94
92,79,13,debt,281.13
120,72,48,existence,317.08
69,5,64,payment,127.99
24,4,20,payment,53.23
33,29,4,debt,85.01
130,32,98,debt,345.06
36,11,25,debt,97.41
113,43,70,debt,209.38
78,37,41,debt,181.62
122,18,104,existence,296.18
126,83,43,existence,302.03
22,21,1,payment,78.34
119,6,113,payment,235.42
31,23,8,payment,111.07
113,45,68,existence,272.59
42,23,19,debt,139.94
118,7,111,debt,160.16
2,2,0,debt,17.87
12,10,2,payment,41.87
18,8,10,existence,40.05
101,93,8,existence,245.68
57,11,46,existence,105.55
55,34,21,debt,172.61
153,115,38,existence,344.94
130,60,70,existence,314.86
130,55,75,existence,335.88
101,28,73,debt,193.38
50,36,14,existence,154.29
30,18,12,debt,72.36
12,5,7,debt,42.43
135,27,108,debt,284.47
53,4,49,existence,86.45
65,21,44,payment,123.22
153,56,97,existence,358.89
94,77,17,existence,213.45
115,105,10,debt,326.05
147,77,70,debt,397.07
103,18,85,payment,220.67
145,40,105,existence,218.13
3,3,0,existence,9.3
71,17,54,existence,132.17
154,43,111,existence,408.21
157,54,103,debt,403.83
61,16,45,debt,125.52
13,4,9,debt,56.04
78,2,76,payment,170.52
34,31,3,debt,138.86
123,56,67,debt,215.52
143,133,10,existence,290.22
22,19,3,payment,79.26
24,22,2,existence,81.72
12,6,6,payment,32.33
131,60,71,existence,396.9
27,6,21,existence,54.12
148,19,129,payment,284.13
69,3,66,existence,166.32
80,50,30,existence,141.11
31,1,30,debt,96.93
109,23,86,existence,146.67
10,3,7,debt,42.4
33,11,22,debt,83.65
43,40,3,payment,115.53
14,14,0,debt,71.41
67,1,66,debt,130.47
143,27,116,payment,229.12
1,1,0,payment,18.46
153,142,11,debt,504.31
61,19,42,debt,138.21
103,88,15,existence,257.97
143,75,68,debt,423.32
42,39,3,debt,143.48
83,49,34,debt,227.38
31,7,24,debt,75.9
67,2,65,payment,125.73
115,103,12,debt,351.2
63,30,33,existence,101.01
103,80,23,payment,291.98
33,28,5,existence,94.93
134,81,53,debt,304.92
149,58,91,debt,319.76
100,48,52,payment,227.82
17,2,15,existence,34.46
133,35,98,debt,268.81
80,61,19,payment,220.09
47,5,42,existence,67.76
12,6,6,payment,44.17
30,12,18,payment,109.11
94,38,56,payment,169.07
112,15,97,debt,274.68
131,129,2,debt,454.17
29,20,9,payment,74.86
131,50,81,payment,311.43
33,12,21,debt,95.32
33,24,9,payment,99.64
143,47,96,existence,325.2
5,4,1,payment,22.36
57,45,12,debt,126.45
118,45,73,payment,299.4
88,74,14,debt,282.77
157,156,1,existence,471.26
55,29,26,existence,111.28
98,72,26,payment,286.32
4,4,0,existence,9.87
25,6,19,debt,60.51
5,4,1,payment,26.95
55,42,13,debt,185.67
76,17,59,payment,206.76
15,5,10,debt,37.19
156,95,61,payment,422.31
67,4,63,existence,159.42
69,45,24,debt,157.69
148,80,68,debt,391.99
117,29,88,existence,268.78
32,6,26,existence,78.74
105,60,45,debt,350.79
21,1,20,payment,56.62
66,36,30,debt,212.12
53,14,39,payment,133.15
58,14,44,debt,120.74
140,4,136,debt,300.01
120,54,66,debt,314.12
90,51,39,debt,197.59
101,94,7,payment,260.25
91,47,44,debt,197.95
118,58,60,existence,345.8
24,17,7,existence,51.79
125,19,106,payment,272.39
127,64,63,debt,433.54
147,146,1,debt,530.13
3,3,0,payment,21.11
19,17,2,payment,73.19
61,44,17,payment,155.91
147,46,101,debt,355.13
154,56,98,existence,332.99
58,8,50,existence,90.35
108,11,97,payment,277.39
58,8,50,debt,181.8
43,34,9,payment,139.15
137,48,89,payment,266.71
11,1,10,payment,40.11
82,8,74,debt,219.28
22,9,13,existence,59.35
125,64,61,existence,343.3
152,7,145,payment,300.25
9,6,3,existence,22.06
84,18,66,payment,207.06
137,133,4,payment,332.76
64,41,23,debt,195.09
67,67,0,existence,172.2
156,79,77,payment,517.64
75,54,21,debt,208.68
153,64,89,existence,297.5
22,10,12,existence,55.81
117,52,65,existence,190.44
21,5,16,payment,59.87
105,93,12,debt,313.99
40,38,2,debt,115.51
59,42,17,debt,155.85
10,5,5,existence,28.65
59,34,25,payment,148.47
89,65,24,debt,264.89
127,3,124,debt,265.91
39,22,17,debt,122.03
148,100,48,payment,305.54
62,34,28,payment,160.6
78,62,16,payment,235.24
95,95,0,payment,263.54
63,26,37,debt,144.43
116,93,23,debt,372.97
76,16,60,existence,194.4
74,4,70,existence,111.47
116,72,44,existence,268.9
21,18,3,existence,76.88
149,44,105,payment,280.28
37,10,27,payment,83.32
154,44,110,existence,349.24
65,4,61,existence,130.84
73,20,53,existence,198.47
25,1,24,existence,59.03
99,81,18,existence,200.22
22,18,4,existence,51.11
133,123,10,payment,292
103,50,53,debt,200.7
128,121,7,payment,402.15
91,49,42,existence,247.54
30,3,27,debt,61.76
154,39,115,debt,331.07
130,27,103,debt,274.76
136,113,23,existence,464.88
14,4,10,debt,47.81
86,47,39,payment,204.69
106,46,60,existence,290.15
32,30,2,debt,126
12,12,0,debt,63.9
58,15,43,payment,119.91
92,71,21,existence,292.73
69,57,12,existence,120.42
61,28,33,debt,164.69
59,58,1,existence,215.82
146,34,112,debt,269.06
3,3,0,payment,25.37
84,84,0,payment,226.77
1,1,0,debt,19.89
120,91,29,debt,358.16
26,18,8,payment,90.59
154,129,25,payment,375.23
2,2,0,existence,4.6
17,9,8,debt,52.19
15,7,8,existence,23.43
4,4,0,existence,10.82
140,120,20,existence,339.61
126,35,91,debt,227.96
25,15,10,debt,76.19
69,12,57,debt,99.46
43,7,36,payment,80.71
43,25,18,debt,133.37
31,23,8,existence,75.77
156,54,102,debt,446.02
133,70,63,debt,233.68
66,17,49,existence,174.2
33,21,12,payment,78.49
5,4,1,payment,18.4
107,39,68,payment,177.18
143,88,55,debt,415.65
80,10,70,debt,217.24
145,139,6,debt,589.46
108,50,58,existence,265.12
110,29,81,debt,313.05
12,12,0,debt,51.95
52,25,27,existence,110.41
119,34,85,payment,300.17
104,44,60,existence,265.97
94,43,51,debt,237.91
130,7,123,debt,341.63
17,10,7,debt,66.59
47,24,23,payment,98.18
83,33,50,existence,167.3
143,119,24,existence,456.5
21,9,12,existence,40.06
124,119,5,payment,323.69
118,77,41,debt,354.58
45,42,3,existence,98.83
43,37,6,payment,138.16
53,16,37,existence,132.94
140,110,30,payment,424.16
137,8,129,payment,300.45
143,84,59,debt,352.31
16,16,0,payment,53.36
98,1,97,debt,179
26,10,16,payment,72.82
20,5,15,existence,49.87
64,51,13,payment,224.55
148,72,76,existence,329.22
133,69,64,existence,315.95
52,1,51,debt,101.57
126,66,60,payment,258.86
100,23,77,existence,142.22
148,18,130,existence,272.92
56,7,49,existence,123.86
143,120,23,payment,402.28
88,20,68,existence,192.6
24,5,19,existence,59.58
39,13,26,existence,82.45
79,13,66,payment,158.9
78,61,17,debt,248.77
72,64,8,existence,219.23
28,19,9,existence,69.67
58,14,44,payment,91.55
14,13,1,existence,35.21
13,3,10,debt,51.07
19,5,14,payment,44.38
135,76,59,debt,408.65
21,14,7,existence,47.05
60,57,3,payment,150.95
138,46,92,existence,302.39
114,91,23,debt,295.91
71,1,70,debt,143.03
48,36,12,debt,124.56
143,86,57,payment,294.91
114,113,1,existence,280.63
128,113,15,debt,329.29
123,32,91,existence,232.41
147,11,136,debt,349.25
96,93,3,existence,341.01
13,6,7,payment,43.43
38,6,32,debt,124.83
88,26,62,existence,218.96
14,8,6,debt,56.85
140,30,110,existence,306.24
12,7,5,payment,47.68
152,5,147,payment,225.11
44,21,23,debt,107.36
118,103,15,payment,265.25
73,70,3,existence,190.99
39,19,20,payment,101.54
46,34,12,debt,113.09
29,9,20,existence,45.79
59,14,45,existence,151
39,30,9,existence,98.54
10,7,3,existence,27.86
101,53,48,existence,242.69
7,3,4,payment,25.35
67,33,34,existence,147.47
119,61,58,debt,321.9
129,76,53,debt,332.52
107,52,55,payment,178.47
59,7,52,existence,135.33
96,28,68,existence,235.71
139,81,58,existence,426.79
77,5,72,payment,142.1
13,3,10,existence,30.24
72,62,10,payment,213.94
31,19,12,existence,52.21
1,1,0,existence,3.54
66,18,48,existence,119.74
28,24,4,existence,61.56
148,64,84,existence,407.99
79,59,20,payment,184.73
50,27,23,payment,169.34
32,3,29,payment,63.59
70,62,8,debt,227.34
127,75,52,existence,206.14
110,8,102,existence,278.28
108,56,52,debt,274.21
5,3,2,existence,15.49
6,5,1,existence,15.45
156,109,47,debt,374.47
15,8,7,existence,42.48
49,29,20,payment,163.57
85,69,16,payment,221.51
69,50,19,debt,163.77
54,45,9,debt,170.73
131,126,5,debt,446.8
103,47,56,existence,233.31
62,30,32,existence,142.61
102,12,90,debt,170.2
141,134,7,existence,416.3
95,12,83,debt,158.66
81,14,67,payment,166.16
87,14,73,payment,180.23
142,22,120,debt,242.16
59,45,14,existence,142.89
111,68,43,debt,350.66
34,32,2,existence,93.04
39,13,26,existence,79.17
110,102,8,existence,296.96
11,2,9,debt,49.48
108,108,0,payment,346.67
152,90,62,debt,470.5
34,23,11,payment,83.74
78,29,49,payment,177.9
100,91,9,debt,311.99
72,14,58,payment,175.79
62,56,6,payment,247.16
141,29,112,payment,293.45
52,50,2,existence,116.5
110,109,1,debt,357.65
73,47,26,payment,205.31
114,43,71,existence,333.62
75,19,56,payment,132.39
106,24,82,debt,169.82
15,1,14,existence,24.73
12,5,7,payment,38.81
144,48,96,debt,326.49
143,31,112,existence,321.69
155,61,94,payment,318.52
132,41,91,payment,348.51
150,113,37,debt,382.86
91,57,34,payment,240.72
5,4,1,debt,28.47
85,14,71,payment,142.05
110,58,52,debt,259.53
139,125,14,debt,354.94
89,75,14,debt,289.7
5,3,2,debt,34.63
126,115,11,payment,482.35
19,18,1,existence,49.54
130,26,104,debt,384.24
131,19,112,debt,346.23
74,16,58,payment,201.42
44,30,14,payment,93.97
3,3,0,debt,21.11
44,9,35,debt,109.14
11,7,4,debt,47.3
57,56,1,existence,222.01
131,35,96,payment,370.25
155,108,47,payment,448.66
57,46,11,debt,202.93
84,5,79,debt,136.89
14,1,13,debt,51.79
148,129,19,existence,445.97
80,66,14,existence,194.85
154,141,13,existence,443.24
64,10,54,payment,115.85
121,39,82,debt,226.61
10,3,7,existence,18.15
14,14,0,debt,70.72
129,115,14,existence,392.47
76,42,34,existence,175.78
53,7,46,payment,132.63
86,41,45,payment,261.46
21,3,18,debt,51.55
31,19,12,existence,100.31
6,4,2,existence,14.98
141,55,86,payment,402.73
140,26,114,existence,217.96
137,79,58,payment,363.15
9,9,0,debt,53.41
13,6,7,payment,45.33
121,107,14,payment,378.23
50,42,8,payment,162.85
5,2,3,existence,9.51
48,47,1,existence,147
21,18,3,existence,66.83
117,35,82,existence,231.81
117,33,84,debt,218.33
67,56,11,payment,187.64
77,70,7,debt,185.46
154,35,119,debt,313.28
55,22,33,debt,133.78
124,114,10,debt,449.76
89,13,76,payment,194.06
106,87,19,payment,339.25
23,17,6,payment,71.43
20,11,9,debt,73.11
6,6,0,debt,39.61
56,6,50,payment,99.56
88,84,4,debt,294.55
49,11,38,existence,105.91
146,42,104,debt,268.84
12,1,11,existence,26.65
104,46,58,existence,227.9
3,2,1,debt,32.75
125,104,21,debt,413.01
143,43,100,existence,330.96
15,1,14,payment,42.23
59,54,5,payment,162.5
82,42,40,debt,243.94
89,39,50,debt,215.16
38,32,6,payment,90.66
38,21,17,payment,76.47
15,5,10,debt,53.29
29,13,16,payment,93.21
124,113,11,payment,472.22
56,24,32,debt,170.16
58,17,41,debt,124.96
107,53,54,debt,209.31
72,54,18,payment,234.45
37,37,0,existence,114.48
138,115,23,existence,380.87
67,3,64,existence,133.32
100,28,72,payment,191.54
42,26,16,payment,107.19
62,11,51,payment,142.51
121,100,21,existence,344.55
18,14,4,debt,72.57
156,75,81,payment,337.75
36,16,20,payment,72.87
143,61,82,debt,328.97
9,4,5,existence,22.27
111,15,96,debt,306.88
118,82,36,debt,265.57
20,13,7,debt,77.23
52,22,30,payment,120.98
131,39,92,existence,306.02
102,81,21,payment,248.43
67,49,18,existence,202.75
40,3,37,payment,106.58
122,89,33,existence,357.9
7,2,5,existence,18.64
45,13,32,existence,119.53
57,52,5,existence,170.33
87,28,59,debt,226.95
39,14,25,payment,75.75
59,42,17,debt,179.45
154,68,86,debt,352.04
136,77,59,existence,395.9
47,44,3,debt,191.46
99,97,2,existence,279.65
54,15,39,existence,77.98
26,18,8,existence,57.59
1,1,0,debt,15.91
139,39,100,payment,275.3
59,43,16,existence,205.69
110,73,37,existence,267.22
13,12,1,debt,62.77
21,6,15,payment,57.51
104,101,3,existence,250.81
32,14,18,debt,96.29
65,5,60,payment,90.62
138,26,112,existence,257.71
12,5,7,payment,40.05
107,94,13,debt,263.11
104,61,43,existence,283.5
26,24,2,existence,75.08
71,71,0,existence,201.24
145,74,71,existence,300.85
136,51,85,debt,410.02
89,51,38,payment,309.63
3,3,0,debt,36.96
28,24,4,existence,68.94
155,33,122,payment,352.85
139,22,117,existence,364.93
33,19,14,debt,88.83
39,18,21,existence,99.85
94,78,16,payment,287.68
73,64,9,debt,259.63
143,103,40,debt,363.98
122,25,97,existence,178.22
33,13,20,existence,76.97
12,6,6,payment,38.24
50,36,14,existence,137.54
37,29,8,payment,131.85
110,43,67,payment,205.75
77,5,72,existence,146.58
37,15,22,debt,110.67
121,10,111,payment,164.98
139,138,1,debt,360.51
138,8,130,existence,208.47
54,7,47,payment,94.05
124,103,21,payment,395.29
130,70,60,existence,240.89
148,137,11,payment,358.54
70,60,10,existence,244.19
145,29,116,payment,339.52
38,1,37,debt,55.06
45,39,6,payment,172.35
156,106,50,existence,361.94
21,17,4,debt,86.26
115,9,106,existence,193.2
43,21,22,payment,120.12
15,11,4,existence,43.64
133,73,60,payment,374.64
60,57,3,existence,121.28
80,17,63,existence,168.31
78,28,50,debt,184.11
115,58,57,existence,230.26
58,21,37,existence,139
96,76,20,payment,270.96
96,43,53,existence,168.79
156,138,18,existence,486.45
143,137,6,debt,406.58
117,13,104,debt,217.43
93,40,53,existence,209.54
88,30,58,payment,200.85
34,12,22,debt,106.16
69,6,63,payment,192.57
81,7,74,debt,120.01
111,45,66,existence,178.97
7,5,2,debt,41.59
133,109,24,debt,355.46
38,4,34,existence,55.3
72,16,56,existence,145.9
76,69,7,payment,246.66
70,15,55,payment,208.14
69,30,39,payment,180.2
129,100,29,existence,260.54
63,6,57,payment,152.42
80,41,39,existence,189.41
86,67,19,payment,272.96
102,73,29,debt,264.95
26,9,17,payment,52.05
54,48,6,existence,168.97
79,37,42,existence,229
39,39,0,existence,117.01
151,45,106,payment,406.24
127,87,40,debt,271.94
74,68,6,payment,247.11
15,5,10,debt,39.7
105,28,77,payment,248.45
145,133,12,debt,473.81
75,8,67,payment,195.14
57,26,31,debt,123.59
2,2,0,debt,28.82
26,15,11,debt,79.22
45,16,29,existence,89.85
88,24,64,debt,177.07
100,80,20,existence,343.7
99,45,54,payment,172.08
157,34,123,existence,212.67
124,10,114,debt,272.07
54,51,3,payment,190.75
100,82,18,payment,320.59
24,18,6,existence,62.26
133,36,97,payment,267.48
57,30,27,debt,183.19
15,15,0,payment,58.96
72,11,61,payment,124.17
41,4,37,payment,99.21
151,136,15,payment,486.28
32,1,31,payment,65.4
106,65,41,payment,327.31
59,4,55,existence,78.11
1,1,0,payment,14.55
20,8,12,payment,52.83
134,20,114,payment,210.84
65,1,64,debt,151.98
30,28,2,payment,99.37
117,66,51,debt,223.62
49,2,47,debt,85.45
22,5,17,existence,52.76
32,15,17,debt,120.72
72,51,21,existence,191.59
154,77,77,existence,445.01
141,134,7,existence,432.61
65,18,47,payment,155.91
104,96,8,payment,286.3
132,9,123,debt,189.96
67,44,23,existence,172.97
18,4,14,payment,47.51
6,1,5,payment,30.7
59,44,15,payment,171.07
94,90,4,debt,308.51
55,40,15,existence,141.96
98,51,47,payment,231.01
126,82,44,existence,240.06
8,8,0,existence,23.26
113,1,112,existence,151.23
91,34,57,existence,235.63
92,9,83,debt,213.62
12,1,11,payment,42.05
92,72,20,payment,264.98
31,16,15,payment,74.68
37,15,22,payment,74.57
68,57,11,payment,199.48
136,116,20,payment,434.44
46,35,11,debt,123.98
104,58,46,existence,165.65
34,3,31,payment,52.84
150,12,138,debt,364.95
38,16,22,existence,93.64
6,3,3,existence,12.55
51,3,48,payment,106.26
63,22,41,debt,210.25
138,77,61,payment,365.35
97,32,65,existence,194.18
139,47,92,debt,276.58
149,28,121,payment,396.61
153,5,148,existence,279.35
126,73,53,payment,334.71
9,8,1,payment,33.57
92,16,76,payment,175.4
147,51,96,existence,399.18
157,15,142,payment,222.27
67,63,4,debt,194.82
56,31,25,payment,169.53
120,9,111,debt,302.04
108,1,107,payment,160.43
66,12,54,debt,171.51
58,34,24,debt,203.23
8,3,5,payment,27.86
80,13,67,debt,199.79
127,60,67,debt,217.23
71,6,65,payment,176.99
26,12,14,payment,63.56
64,62,2,debt,172.67
103,25,78,debt,305.74
32,18,14,debt,112.7
21,6,15,existence,56.13
37,36,1,debt,121.74
23,14,9,existence,44.99
117,28,89,existence,310.31
90,65,25,payment,248.52
110,20,90,debt,239.86
71,11,60,payment,190.36
140,140,0,debt,530.19
8,8,0,debt,36.09
150,142,8,payment,430.65
140,3,137,debt,231.93
34,20,14,existence,83.48
109,92,17,payment,404.71
52,11,41,existence,133.69
7,3,4,existence,13.67
102,94,8,existence,300.14
23,22,1,debt,97.26
73,58,15,debt,196.87
11,11,0,existence,38.5
126,10,116,payment,253.17
55,39,16,existence,127.72
42,32,10,existence,101.47
63,63,0,payment,198.52
75,8,67,existence,147.12
104,56,48,debt,207
76,10,66,payment,150.66
154,61,93,existence,389.37
130,77,53,existence,219.39
138,95,43,existence,349.32
102,9,93,debt,161.68
44,8,36,existence,86.53
130,121,9,existence,328.16
42,19,23,debt,130.95
36,8,28,debt,95.84
93,58,35,payment,241.86
63,2,61,existence,105.6
154,51,103,payment,429.4
13,6,7,payment,39.94
138,63,75,payment,394.93
15,13,2,debt,57.36
46,22,24,debt,117.34
124,14,110,existence,213.04
45,17,28,payment,91.19
150,69,81,existence,221.01
79,54,25,payment,252.79
91,39,52,existence,269.84
126,3,123,debt,191.45
48,23,25,existence,134.33
82,13,69,payment,186.69
17,13,4,existence,54.54
29,13,16,payment,88.96
134,121,13,payment,295.9
140,2,138,existence,341.08
36,4,32,debt,110.16
113,20,93,debt,250.99
77,13,64,payment,142.04
34,27,7,payment,120.38
75,5,70,payment,193.56
156,122,34,existence,497.42
34,34,0,payment,104.66
156,30,126,existence,356.64
122,113,9,existence,363.17
145,22,123,debt,290.6
28,16,12,debt,89.16
21,18,3,debt,79.2
122,93,29,debt,375.91
59,24,35,existence,131.86
8,8,0,existence,20.87
93,18,75,payment,170.09
72,19,53,payment,199.84
92,59,33,existence,285.81
24,15,9,debt,94.68
3,3,0,payment,20.67
60,41,19,existence,136.58
85,64,21,existence,176.52
49,15,34,existence,85.31
11,7,4,payment,33.74
48,34,14,existence,152.97
95,56,39,existence,231.29
118,3,115,payment,307.29
7,3,4,debt,21.52
51,8,43,debt,139.79
128,87,41,existence,326.03
48,35,13,debt,177.36
135,48,87,payment,235.58
88,43,45,payment,270.28
14,1,13,payment,48.5
75,15,60,payment,195.63
31,17,14,payment,64.9
155,81,74,debt,408.74
112,59,53,payment,228.89
16,7,9,existence,28.37
30,25,5,existence,77.74
142,75,67,existence,249.77
154,88,66,existence,307.51
69,65,4,payment,178.67
136,69,67,existence,247.02
51,34,17,payment,160.6
49,17,32,existence,111.07
102,24,78,existence,158.5
146,73,73,debt,376.34
92,18,74,debt,190.76
102,14,88,payment,239.05
78,59,19,debt,191.87
47,21,26,debt,141.9
132,41,91,debt,314.31
25,17,8,payment,85.7
108,14,94,existence,266.48
139,76,63,debt,376.75
27,12,15,existence,63.6
29,14,15,debt,82.62
6,3,3,existence,18.2
49,41,8,debt,139.53
114,42,72,payment,195.41
79,60,19,payment,237.91
98,22,76,debt,215.84
157,53,104,debt,285.25
71,31,40,existence,195.93
130,36,94,debt,376.18
113,79,34,payment,248.5
36,30,6,payment,124.42
101,1,100,payment,262.08
27,13,14,debt,68.21
150,48,102,existence,381.67
32,21,11,payment,117.21
98,67,31,existence,224.79
138,84,54,debt,378.93
65,5,60,debt,143.33
60,8,52,debt,114.97
132,53,79,debt,280.48
16,9,7,payment,62.14
59,16,43,existence,129.87
92,70,22,payment,274.59
134,102,32,debt,306.32
11,10,1,debt,51.23
77,64,13,debt,241.18
100,64,36,existence,178.28
48,28,20,payment,102.41
133,104,29,payment,314.73
8,2,6,debt,31.55
156,93,63,payment,462.33
131,26,105,debt,317.76
127,11,116,payment,221.51
123,74,49,existence,361.18
36,19,17,payment,87.45
145,92,53,debt,473.63
76,66,10,debt,210.54
119,70,49,payment,325.46
54,14,40,payment,149.09
62,29,33,debt,137.35
50,21,29,payment,122.6
76,64,12,payment,162.01
103,41,62,existence,279.31
153,98,55,payment,357.21
76,27,49,payment,165.68
53,31,22,payment,158.48
39,30,9,debt,120.08
147,91,56,payment,446.62
140,37,103,debt,234.19
122,25,97,existence,195.29
156,134,22,debt,454.72
68,22,46,payment,160.82
14,2,12,existence,29.48
18,16,2,payment,59.83
31,17,14,debt,79.21
60,35,25,existence,146.19
71,35,36,payment,171.5
153,147,6,payment,524.79
107,94,13,debt,243.35
72,64,8,payment,196.82
119,44,75,payment,299.57
46,41,5,debt,164.7
35,34,1,debt,120.75
22,19,3,debt,87.31
124,45,79,debt,318.21
107,82,25,existence,197.19
54,22,32,payment,114.58
54,35,19,debt,144.04
9,2,7,debt,30.95
6,5,1,payment,21.36
63,40,23,payment,165.13
74,34,40,payment,177.98
6,2,4,payment,28.88
125,53,72,debt,298.61
120,3,117,debt,272.67
12,10,2,debt,37.66
133,50,83,existence,278.9
105,8,97,payment,186.71
9,8,1,existence,26.69
134,57,77,existence,337.82
68,58,10,payment,256.79
51,28,23,debt,115.84
84,45,39,debt,173.1
101,12,89,payment,244.25
64,50,14,payment,209.06
61,4,57,debt,132.32
148,16,132,existence,306.82
75,52,23,existence,154.93
76,36,40,payment,186.06
114,3,111,payment,209.22
147,63,84,payment,414.09
150,117,33,existence,399.6
60,18,42,debt,169.37
78,40,38,debt,250.17
28,8,20,payment,52.22
135,42,93,debt,352.53
10,9,1,payment,41.81
86,6,80,existence,180.04
2,2,0,payment,11.61
126,99,27,payment,352.67
94,68,26,debt,335.41
36,33,3,existence,97.32
55,10,45,existence,133.51
60,17,43,debt,130.04
20,20,0,payment,54.69
73,58,15,payment,180.84
98,4,94,debt,199.35
44,8,36,debt,104.37
34,28,6,existence,73.49
44,27,17,debt,100.32
37,4,33,debt,70.28
90,28,62,debt,151.83
154,38,116,payment,313.65
147,2,145,debt,323.24
8,7,1,existence,27.58
63,40,23,payment,205.57
23,16,7,debt,70.63
133,76,57,existence,280.6
129,61,68,existence,247.09
3,2,1,existence,8.2
121,14,107,debt,181.68
76,53,23,payment,181.73
49,18,31,debt,125.24
114,95,19,payment,365.06
126,49,77,debt,275.41
45,11,34,debt,145.53
97,67,30,debt,284.91
18,10,8,existence,37.48
52,5,47,existence,106.29
129,76,53,payment,400.32
14,2,12,debt,54.91
83,19,64,debt,153.63
108,13,95,existence,222.71
116,54,62,payment,227.67
56,50,6,existence,175.03
30,15,15,payment,54.85
20,9,11,payment,44.93
131,18,113,payment,287.91
152,113,39,existence,451.3
144,78,66,existence,465.28
6,1,5,existence,13.5
140,45,95,debt,283.83
152,22,130,existence,300.03
12,9,3,debt,46.65
45,18,27,payment,109.07
16,13,3,debt,49.85
21,19,2,existence,77.08
19,13,6,debt,74.1
10,2,8,existence,17.87
6,4,2,debt,35.87
140,137,3,existence,435.7
43,25,18,existence,73.09
136,79,57,existence,394.08
36,9,27,payment,106.81
111,30,81,existence,184.22
89,20,69,payment,147.89
24,6,18,existence,38.17
146,70,76,existence,354.37
64,15,49,debt,182.61
40,39,1,existence,121.72
78,20,58,existence,125.47
34,16,18,payment,76.45
62,8,54,debt,167.26
97,6,91,debt,231.79
51,17,34,existence,95.25
96,19,77,existence,198.02
2,2,0,existence,7
150,129,21,payment,567.04
107,36,71,payment,198.96
79,18,61,payment,171.03
2,1,1,payment,13.07
61,47,14,payment,137.79
23,20,3,debt,67.52
98,52,46,existence,227.45
90,74,16,debt,188.64
107,101,6,payment,269.88
63,29,34,debt,123.13
135,37,98,payment,262.14
96,58,38,debt,204.04
37,16,21,payment,112.45
94,1,93,debt,172.57
8,5,3,payment,34.48
75,61,14,payment,253.75
74,23,51,debt,136.37
119,28,91,existence,278.22
79,78,1,payment,306.1
29,23,6,payment,111.69
70,57,13,debt,210.87
135,121,14,debt,448.38
123,117,6,existence,269.81
81,72,9,payment,291.61
78,55,23,existence,185.87
59,3,56,existence,78.96
3,3,0,debt,35.87
25,14,11,payment,57.88
89,38,51,debt,186.71
105,51,54,debt,273.43
49,3,46,debt,97.68
26,22,4,payment,95.84
85,61,24,payment,285.65
134,43,91,debt,323.33
83,8,75,existence,145.01
143,41,102,payment,326.14
98,55,43,debt,179.03
27,14,13,payment,59.79
47,44,3,existence,153.46
63,22,41,existence,168.58
89,89,0,debt,302.85
134,124,10,debt,391.65
69,66,3,existence,265.72
53,44,9,payment,130.52
45,8,37,debt,87.44
57,28,29,payment,140.57
4,4,0,payment,25.51
90,69,21,payment,298.39
135,56,79,payment,233.25
44,23,21,existence,92.63
122,56,66,payment,327.09
27,17,10,existence,47.55
96,69,27,existence,187.92
65,33,32,debt,179.11
31,26,5,debt,118.34
14,12,2,existence,35.94
127,87,40,payment,312.5
102,85,17,existence,381.54
28,21,7,debt,81.27
126,85,41,debt,385.49
127,38,89,payment,339.82
140,45,95,existence,249
38,16,22,debt,93.38
135,87,48,debt,383.26
32,25,7,debt,103.55
15,1,14,debt,36.14
23,3,20,debt,44.63
68,31,37,existence,150.54
79,56,23,debt,171.6
50,8,42,payment,119.24
39,21,18,existence,93.82
3,2,1,existence,6.9
76,73,3,debt,200.67
121,12,109,debt,238.16
93,4,89,payment,210.07
65,19,46,existence,162.46
98,36,62,existence,160.88
16,13,3,existence,42.75
88,45,43,debt,270.28
133,45,88,existence,335.5
72,58,14,debt,225.14
110,97,13,existence,311.32
145,15,130,existence,283.17
22,3,19,debt,68.96
36,21,15,payment,103.25
50,40,10,existence,157.18
87,79,8,payment,187.01
107,61,46,payment,298.8
111,31,80,existence,230.09
14,10,4,existence,38.09
140,53,87,payment,250.22
26,17,9,debt,74.78
142,44,98,debt,346.55
123,77,46,debt,391.12
40,34,6,existence,95.07
84,76,8,existence,253.63
97,78,19,debt,300.86
82,75,7,payment,201.56
18,8,10,existence,50.85
80,78,2,debt,274.89
71,42,29,existence,192.45
117,21,96,debt,220.99
45,38,7,debt,168.73
66,60,6,payment,218.96
32,3,29,existence,66.5
109,101,8,existence,235.92
155,27,128,payment,340.54
118,26,92,debt,344.26
106,6,100,payment,153.79
60,48,12,payment,172.51
153,95,58,payment,344.23
141,75,66,payment,365.36
86,46,40,debt,271.77
124,90,34,payment,350.3
56,46,10,existence,195.49
1,1,0,debt,13.59
66,47,19,payment,205.28
141,128,13,debt,432.46
145,139,6,existence,395.87
117,103,14,debt,369.42
66,51,15,existence,154.59
78,19,59,existence,156.5
139,28,111,debt,398.43
76,3,73,debt,156.83
19,19,0,debt,80.69
157,139,18,payment,440.21
125,58,67,payment,218.71
13,11,2,existence,30.1
136,100,36,payment,419.21
22,4,18,existence,41.44
67,53,14,debt,248.76
5,2,3,existence,9.05
11,7,4,existence,18.44
129,65,64,existence,376.54
41,27,14,debt,123.38
84,57,27,debt,201.51
115,102,13,debt,297.43
98,31,67,debt,198.37
134,1,133,debt,279.12
68,55,13,existence,224.34
16,14,2,debt,74.29
41,35,6,existence,136.35
138,13,125,debt,296.02
27,16,11,existence,48.21
40,17,23,debt,102.87
75,70,5,existence,150.73
22,10,12,debt,79.07
123,74,49,existence,359.14
110,30,80,debt,317.13
69,45,24,debt,153.12
53,33,20,existence,116.5
10,7,3,payment,33.72
110,60,50,debt,257.87
40,23,17,debt,94.06
72,50,22,existence,154.98
14,3,11,existence,28.29
41,22,19,payment,109.87
78,43,35,payment,232.05
94,51,43,debt,274.24
96,64,32,payment,262.91
134,8,126,payment,225.66
120,40,80,payment,311.99
148,52,96,debt,388.73
21,7,14,payment,53.69
44,33,11,debt,177.8
154,126,28,debt,400.71
63,34,29,existence,172.12
58,8,50,payment,102.66
91,10,81,existence,180.54
110,51,59,payment,200.66
153,116,37,payment,401.56
42,24,18,existence,87.26
44,10,34,payment,122.96
14,6,8,debt,60.82
21,8,13,debt,62.39
128,105,23,payment,325.14
24,17,7,payment,80.47
95,27,68,existence,201.25
31,3,28,existence,41.29
78,38,40,payment,218.79
10,2,8,debt,23.85
85,37,48,debt,180.6
73,47,26,debt,156.15
153,8,145,debt,363.27
4,1,3,debt,30.1
150,6,144,existence,194.24
107,75,32,existence,215.41
141,136,5,debt,372.68
118,52,66,existence,207.61
152,110,42,existence,464.79
77,57,20,payment,219.47
42,36,6,existence,117.67
23,20,3,existence,67.2
134,12,122,payment,239.1
37,35,2,debt,95.13
39,32,7,debt,126.96
90,33,57,payment,234.93
2,1,1,existence,4.1
76,71,5,payment,205.97
137,116,21,existence,375.57
37,31,6,payment,81.29
32,10,22,debt,77.91
22,10,12,existence,38.94
155,11,144,existence,316.47
16,2,14,debt,54.77
61,41,20,payment,179.82
35,14,21,payment,83.5
66,11,55,existence,174.7
144,27,117,payment,214.48
88,69,19,payment,279.52
71,50,21,debt,193.17
28,9,19,payment,72.06
96,37,59,existence,245.82
42,4,38,existence,86.61
97,80,17,debt,343.81
69,66,3,debt,213.37
129,125,4,payment,384.51
100,19,81,existence,216.4
74,16,58,existence,155.88
116,1,115,debt,147.82
59,53,6,debt,171.9
77,43,34,payment,156.58
18,14,4,payment,65.59
44,9,35,payment,67.32
32,26,6,debt,110.77
123,44,79,debt,296.09
7,5,2,existence,20.89
152,53,99,debt,270.86
8,2,6,debt,46.54
74,11,63,debt,131.54
92,14,78,debt,235.52
109,7,102,debt,204.56
53,22,31,existence,98.84
67,39,28,payment,195.4
145,18,127,debt,249.75
151,3,148,existence,290.73
119,110,9,existence,371.86
57,30,27,existence,112.17
92,71,21,existence,210.4
141,7,134,payment,205.04
34,7,27,debt,92.69
146,130,16,debt,445.51
153,27,126,debt,351.97
156,131,25,existence,353.86
56,53,3,debt,131
24,6,18,payment,79.58
9,1,8,debt,40.96
106,95,11,existence,323.28
61,58,3,payment,151.2
156,119,37,existence,484.76
61,14,47,existence,120.94
143,120,23,payment,445.59
21,15,6,payment,74.17
137,128,9,payment,460.03
53,5,48,existence,118
7,6,1,existence,15.05
147,112,35,payment,351.67
81,36,45,debt,190.39
64,54,10,payment,217.81
34,29,5,debt,97.93
13,8,5,existence,24.5
42,14,28,debt,89.91
31,21,10,debt,86.02
40,3,37,payment,88.42
140,17,123,payment,228.47
112,78,34,payment,269.62
43,27,16,existence,89.05
81,27,54,existence,202.09
131,130,1,payment,387.81
37,31,6,debt,146.54
135,57,78,existence,230.26
34,4,30,payment,78.18
127,57,70,debt,244.1
46,18,28,debt,151.33
24,18,6,existence,79.5
122,110,12,debt,325.76
103,40,63,existence,256.86
9,3,6,existence,16.77
46,18,28,payment,118.25
40,17,23,payment,112.05
8,5,3,payment,27.46
38,36,2,existence,118.6
98,66,32,existence,300.43
101,29,72,debt,221.63
21,7,14,existence,32.59
18,11,7,payment,51.32
2,2,0,debt,31.26
29,6,23,debt,76.03
143,5,138,existence,291.23
139,106,33,debt,413.04
68,11,57,payment,198.51
126,60,66,debt,400.7
8,6,2,payment,22.88
142,32,110,debt,307.2
50,45,5,existence,184.48
149,61,88,debt,402.38
154,50,104,debt,289.85
45,12,33,existence,93.08
132,29,103,existence,295.52
60,5,55,existence,98.3
49,15,34,existence,130.82
16,12,4,debt,57.76
157,41,116,existence,416.24
131,66,65,payment,264.6
20,4,16,debt,57.02
23,18,5,existence,56.38
114,37,77,debt,224.21
107,1,106,existence,207.41
113,105,8,existence,281.12
50,44,6,existence,121.75
123,51,72,payment,307.89
75,22,53,existence,183.22
146,84,62,payment,412.97
57,7,50,debt,142.98
146,120,26,existence,341.36
128,81,47,debt,392.25
74,33,41,payment,226.34
146,7,139,debt,292.23
14,2,12,existence,31.68
87,81,6,existence,221.33
112,66,46,payment,330.36
147,142,5,debt,467.57
6,2,4,debt,21.12
102,43,59,debt,267.47
6,5,1,payment,25.55
157,31,126,payment,274.24
137,86,51,debt,380.59
43,11,32,payment,95.72
33,12,21,payment,85.13
70,52,18,existence,202.57
60,36,24,debt,120.95
27,9,18,payment,78.24
84,42,42,existence,171.88
124,26,98,payment,280.8
81,1,80,payment,174.19
27,21,6,existence,84.85
45,11,34,existence,122.77
17,17,0,payment,64.07
4,4,0,debt,19.46
32,19,13,existence,97.51
68,15,53,payment,135.21
62,57,5,existence,169.9
105,11,94,payment,189.46
59,24,35,debt,184.11
10,8,2,debt,49.48
69,51,18,payment,148.91
65,38,27,payment,208.66
111,50,61,payment,292.08
61,61,0,payment,227.21
84,29,55,existence,196.86
34,1,33,payment,78.42
33,28,5,payment,101.2
41,40,1,debt,156.63
108,37,71,existence,282.75
21,13,8,debt,76.12
38,18,20,existence,100.43
136,45,91,debt,389.55
68,58,10,debt,200.63
91,41,50,debt,179.75
140,26,114,existence,295.63
117,46,71,debt,382.74
52,23,29,existence,147.62
141,43,98,payment,339.54
52,39,13,existence,144.53
137,93,44,debt,370.77
26,3,23,debt,90.42
128,112,16,existence,259.18
117,65,52,debt,384.27
30,16,14,existence,86.88
24,12,12,payment,82.46
153,24,129,debt,238.71
42,41,1,existence,85.89
9,5,4,existence,26.88
138,138,0,payment,453.53
78,23,55,existence,144.93
47,34,13,debt,155.81
95,44,51,existence,149.8
137,23,114,existence,230.13
26,17,9,payment,52.82
154,75,79,existence,396.78
96,46,50,payment,212.28
109,23,86,debt,270.38
3,3,0,payment,14.68
126,19,107,payment,290.92
101,28,73,existence,195.43
25,11,14,payment,82.84
110,63,47,payment,286.9
15,12,3,debt,56.9
1,1,0,debt,17.88
50,19,31,existence,140.47
31,11,20,existence,47.82
24,18,6,payment,65.36
129,93,36,payment,398.75
136,57,79,payment,432.15
155,134,21,existence,440.1
107,59,48,existence,306.47
145,93,52,existence,365.34
78,17,61,debt,131.71
139,12,127,payment,266.6
94,31,63,debt,146.56
75,54,21,payment,198.73
133,44,89,debt,200.31
105,102,3,existence,241.06
139,120,19,debt,500.84
113,4,109,payment,217.26
154,61,93,debt,425.32
144,45,99,existence,241.99
105,84,21,payment,312.29
109,18,91,existence,290.69
116,34,82,debt,310.42
81,74,7,existence,246.15
114,36,78,debt,246.48
72,8,64,payment,185.66
103,19,84,debt,239.96
75,13,62,debt,145.8
103,5,98,existence,148.78
145,41,104,existence,368.96
23,11,12,existence,54.68
107,84,23,payment,354.94
60,29,31,debt,149.58
98,67,31,payment,254.44
5,5,0,debt,24.91
11,1,10,existence,19.95
154,85,69,debt,377.14
77,67,10,debt,263.81
73,68,5,debt,197.61
49,2,47,existence,69.99
147,143,4,debt,465.13
107,15,92,debt,267.14
109,105,4,debt,320.13
24,1,23,payment,58.42
124,112,12,payment,344.68
140,98,42,debt,476.96
30,2,28,debt,89.99
64,14,50,debt,99.99
124,25,99,payment,291.6
112,105,7,debt,382.05
35,29,6,payment,119.83
35,34,1,payment,124.04
37,8,29,existence,69.75
81,1,80,existence,194.18
49,44,5,existence,147.99
118,60,58,debt,301.02
99,96,3,debt,278.97
23,8,15,payment,52.57
19,3,16,debt,64.95
114,53,61,debt,306.93
157,69,88,payment,480.24
130,93,37,debt,407.27
30,16,14,existence,58.57
122,71,51,existence,286.33
109,9,100,payment,274.7
117,57,60,existence,218.39
30,12,18,existence,47.14
57,32,25,existence,141.3
70,47,23,existence,242.65
136,62,74,existence,265.27
152,87,65,payment,403.6
152,11,141,payment,211.5
2,2,0,existence,4.64
87,45,42,existence,215.73
4,2,2,payment,18.68
37,13,24,existence,88.23
122,13,109,existence,255.29
42,12,30,payment,75.4
73,5,68,existence,147.47
140,54,86,debt,415.66
111,57,54,debt,337.83
31,20,11,debt,68.75
6,1,5,payment,21.77
74,60,14,existence,174.03
116,44,72,payment,328.86
128,84,44,payment,336.73
108,6,102,existence,158.69
146,23,123,existence,368.79
137,38,99,existence,321.77
145,86,59,payment,346.36
71,13,58,debt,136.58
17,8,9,existence,32.23
12,5,7,debt,56.13
31,9,22,debt,95.52
120,58,62,debt,307.69
14,12,2,payment,48.4
117,105,12,existence,339.61
47,34,13,existence,150.51
157,27,130,debt,444.99
126,30,96,payment,280.48
142,30,112,payment,233.51
157,127,30,existence,530.35
74,67,7,payment,222.46
152,89,63,debt,494.52
81,75,6,debt,267.39
6,4,2,existence,16.13
13,1,12,debt,38.06
49,22,27,payment,130.84
74,36,38,payment,136.73
14,13,1,debt,34.78
38,27,11,existence,79.58
62,46,16,existence,137.35
140,128,12,existence,330.79
122,70,52,payment,264.2
118,24,94,payment,209.4
119,13,106,payment,290.09
93,27,66,payment,248.95
6,6,0,existence,21.28
139,82,57,existence,272.55
75,69,6,debt,215.6
127,107,20,existence,310.04
39,15,24,debt,125.68
120,30,90,payment,232.82
70,26,44,existence,121.3
90,77,13,debt,208.91
75,19,56,debt,215.59
155,85,70,existence,317.86
37,17,20,existence,87.93
65,15,50,debt,184.48
88,35,53,payment,177.23
13,12,1,existence,34.82
124,16,108,debt,187.72
113,78,35,debt,301.22
69,54,15,payment,197.62
25,5,20,payment,76.06
61,18,43,existence,160.34
85,48,37,debt,222.82
27,7,20,existence,53.04
109,78,31,payment,260.49
19,6,13,debt,43.02
148,140,8,existence,384.24
55,10,45,existence,99.91
110,24,86,existence,243.87
40,1,39,payment,109.76
53,16,37,existence,102.37
90,50,40,existence,256.93
68,37,31,debt,194.31
110,91,19,payment,308.22
3,3,0,existence,8.6
139,122,17,debt,428.53
130,89,41,existence,223.46
134,17,117,existence,282.08
2,1,1,payment,11.81
121,44,77,existence,314.58
78,64,14,existence,223.49
39,32,7,existence,127.87
86,59,27,existence,173.28
107,80,27,debt,398.68
142,59,83,existence,295.74
56,1,55,existence,103.37
111,40,71,payment,222.51
27,25,2,payment,88.36
67,18,49,payment,177.93
25,21,4,existence,70.87
39,16,23,payment,119.69
56,14,42,payment,160.69
108,13,95,existence,194.54
15,6,9,payment,47.89
87,24,63,debt,218.86
67,63,4,payment,183.65
4,1,3,existence,5.59
121,11,110,existence,204.72
6,6,0,debt,43.26
150,20,130,debt,288.34
129,78,51,debt,392.44
96,70,26,payment,322.8
64,31,33,debt,201.64
81,5,76,existence,104.9
119,10,109,debt,194.4
5,1,4,debt,35.43
60,16,44,existence,95.28
40,33,7,payment,112.75
143,54,89,payment,372.84
4,1,3,existence,8.51
149,63,86,debt,303.51
62,45,17,payment,141.58
22,2,20,existence,54.15
35,9,26,payment,82.27
156,112,44,debt,400.58
130,74,56,payment,346.17
93,82,11,existence,208.9
136,13,123,debt,363.55
49,16,33,existence,136.05
14,4,10,debt,53.81
101,17,84,existence,257.13
102,2,100,debt,277.5
57,1,56,payment,112.4
94,87,7,debt,341.95
65,14,51,payment,150.05
86,52,34,existence,175.5
130,77,53,payment,290.83
49,24,25,debt,118.58
14,12,2,existence,38.02
58,27,31,debt,183.87
63,38,25,existence,141.63
4,2,2,existence,10.26
71,16,55,payment,181.97
153,86,67,debt,452.87
151,115,36,existence,442.6
54,28,26,existence,160
1,1,0,payment,14.95
147,61,86,existence,236.96
126,124,2,existence,446.04
28,19,9,existence,77.26
6,3,3,payment,28.34
64,19,45,payment,124
109,22,87,payment,219.8
134,107,27,debt,382.36
131,76,55,existence,251.41
64,17,47,payment,126.68
156,91,65,existence,402.03
56,17,39,debt,158.98
149,32,117,debt,422.19
102,80,22,debt,240.2
130,74,56,existence,298.59
22,15,7,debt,71.14
145,103,42,existence,323.43
104,9,95,existence,148.42
9,2,7,payment,40.14
18,8,10,existence,32.91
120,20,100,existence,191.69
32,5,27,existence,50.51
34,21,13,payment,82.82
75,38,37,payment,248.37
128,30,98,existence,236.39
107,2,105,existence,214.86
157,41,116,debt,280.81
49,1,48,debt,109.56
107,73,34,existence,255.85
83,11,72,payment,223.16
79,15,64,payment,136.75
133,24,109,existence,287.61
37,18,19,existence,97.63
40,24,16,payment,128.66
30,19,11,existence,67.71
47,26,21,debt,122.12
66,7,59,existence,99.25
93,81,12,debt,374.01
18,17,1,payment,69.23
106,104,2,existence,364.74
154,57,97,debt,323.79
68,61,7,existence,185.7
153,104,49,debt,374.29
13,8,5,existence,41.44
10,6,4,payment,32.67
138,125,13,existence,325.21
11,3,8,payment,41.46
7,4,3,existence,15.4
41,14,27,payment,90.37
131,4,127,debt,306.72
115,39,76,payment,197.98
84,3,81,debt,142.53
120,120,0,existence,366.73
42,2,40,existence,93.69
121,59,62,payment,213.64
4,1,3,debt,34.42
16,6,10,debt,64.01
99,87,12,debt,317.15
68,55,13,debt,226.35
130,69,61,existence,258.2
144,64,80,payment,298.98
87,77,10,debt,300.07
44,23,21,existence,96.15
156,104,52,debt,487.22
69,8,61,payment,164.15
37,35,2,payment,118.84
53,26,27,debt,135.33
102,50,52,debt,207.53
123,55,68,debt,356.15
35,4,31,debt,54.97
114,51,63,debt,187.88
115,21,94,debt,215.07
81,26,55,payment,247.92
105,38,67,payment,233.94
96,66,30,debt,275.71
146,110,36,payment,354.84
120,79,41,debt,282.37
125,65,60,debt,339
37,22,15,debt,126.18
59,2,57,existence,93.47
20,20,0,debt,92.53
60,24,36,payment,169.14
5,5,0,debt,42.33
79,3,76,debt,198.63
19,4,15,debt,50.65
90,75,15,existence,240.47
60,38,22,payment,125.15
79,13,66,debt,170.02
153,82,71,payment,337.54
79,43,36,existence,185.37
14,3,11,payment,43.9
147,131,16,payment,507.17
145,126,19,existence,399.85
77,1,76,payment,117.69
154,13,141,payment,360.96
130,5,125,debt,193.47
108,6,102,existence,138.28
15,13,2,debt,61.72
54,54,0,debt,191.45
5,2,3,payment,23.68
142,20,122,existence,379.57
9,6,3,existence,20.91
134,80,54,debt,330.46
12,6,6,existence,35.37
151,37,114,payment,326.85
102,57,45,debt,255.2
54,49,5,payment,175.63
78,32,46,debt,152.53
79,10,69,existence,156.84
128,80,48,payment,397.12
122,120,2,debt,396.32
145,39,106,debt,218.77
26,14,12,payment,77.8
57,12,45,existence,136.88
23,17,6,payment,59.15
3,2,1,existence,9.14
86,48,38,payment,255.8
103,22,81,debt,248.46
107,63,44,existence,289.49
153,135,18,existence,348.63
138,23,115,payment,325.2
127,100,27,payment,327.48
37,2,35,debt,106.99
29,18,11,debt,82.41
95,9,86,payment,172.1
31,12,19,existence,73.26
90,88,2,debt,256.63
136,46,90,debt,330.62
112,22,90,existence,166.77
52,43,9,payment,158.51
3,3,0,existence,6.39
57,42,15,debt,126.42
126,18,108,debt,259
64,28,36,debt,193.83
7,2,5,payment,18.56
155,53,102,payment,365.3
34,31,3,existence,129.36
7,4,3,debt,30.69
50,11,39,payment,137.75
25,6,19,existence,60.13
71,69,2,payment,228.56
87,69,18,existence,300.86
10,7,3,debt,48.16
115,95,20,payment,242.84
48,2,46,debt,130.73
83,62,21,debt,236.11
85,24,61,debt,261.85
114,23,91,payment,207.9
137,25,112,payment,343.88
1,1,0,payment,9.77
48,2,46,payment,124.36
138,82,56,debt,418.52
137,74,63,existence,297.14
26,8,18,debt,78.06
128,80,48,existence,326.4
132,99,33,debt,337.96
144,114,30,debt,356.69
53,26,27,existence,147.01
24,20,4,existence,53.02
123,13,110,debt,341.23
61,38,23,payment,184
62,16,46,debt,164.21
21,3,18,debt,61.46
142,87,55,payment,404.92
98,91,7,existence,313.01
28,27,1,payment,103.27
152,90,62,payment,450.65
131,4,127,debt,224
103,30,73,debt,185.94
127,83,44,debt,255.03
11,7,4,debt,57.09
84,32,52,payment,190.96
99,99,0,payment,280.92
39,20,19,existence,77.58
122,7,115,debt,312.86
97,52,45,existence,197.2
70,43,27,debt,199.67
76,38,38,payment,178.22
143,42,101,debt,291.55
85,59,26,existence,240.32
101,47,54,existence,185.64
99,54,45,payment,218.88
38,27,11,payment,81.79
105,57,48,debt,206.13
44,19,25,debt,95.6
142,16,126,existence,193.3
116,40,76,payment,290.71
42,42,0,payment,156.71
64,50,14,debt,218.58
156,102,54,existence,429.38
118,37,81,debt,250.68
18,14,4,payment,54.96
26,1,25,debt,62.7
66,29,37,payment,174.74
108,9,99,payment,260.15
63,56,7,payment,220.58
2,2,0,existence,5.13
43,34,9,existence,100.48
68,50,18,debt,218.59
30,17,13,existence,96.04
46,12,34,existence,109.9
77,3,74,payment,167.09
53,16,37,existence,109.03
107,14,93,existence,277.49
93,9,84,debt,172.34
107,93,14,debt,218.83
93,1,92,payment,234.3
91,53,38,payment,282.17
19,12,7,debt,82.92
120,42,78,debt,234.9
102,60,42,debt,275.04
60,44,16,existence,139.62
105,92,13,payment,341.31
29,5,24,debt,60.15
17,15,2,debt,46.46
82,9,73,payment,190.1
72,13,59,debt,147.74
35,14,21,payment,108.22
142,14,128,debt,324.5
157,75,82,existence,475.99
80,53,27,existence,219.33
149,56,93,existence,372.07
46,3,43,debt,91.59
8,5,3,existence,18.03
26,25,1,debt,98.78
138,13,125,payment,199.65
130,113,17,existence,329.31
119,32,87,debt,305.51
12,6,6,debt,53.86
67,1,66,existence,125.42
85,46,39,existence,274.32
39,25,14,payment,97.84
22,17,5,existence,47.4
151,69,82,existence,261.61
61,38,23,debt,143.43
4,2,2,payment,25.15
151,13,138,existence,347.69
68,53,15,existence,147.23
114,77,37,existence,352.83
42,8,34,debt,117.54
11,3,8,payment,28.81
86,8,78,payment,176.59
21,18,3,existence,46.3
5,4,1,debt,24.77
40,27,13,debt,111.32
1,1,0,debt,11.65
30,25,5,payment,103.59
28,15,13,payment,94.19
53,41,12,debt,132.31
60,52,8,payment,204.27
96,77,19,payment,235.02
102,37,65,existence,178.39
82,54,28,existence,200.9
4,2,2,debt,27
71,46,25,debt,238.41
15,11,4,debt,40.95
97,8,89,debt,220.04
133,101,32,existence,380.05
83,79,4,existence,267.33
63,53,10,payment,188.69
36,27,9,payment,111.4
38,13,25,existence,85.46
13,3,10,payment,42.66
56,6,50,existence,105.37
121,48,73,debt,245.26
152,29,123,debt,300.69
52,26,26,payment,148.63
17,8,9,existence,28.26
89,19,70,payment,198.02
22,9,13,payment,51.62
150,23,127,existence,291.95
80,77,3,payment,282.31
151,131,20,payment,465.7
80,20,60,existence,184.53
25,6,19,payment,46.11
21,13,8,payment,67.28
47,34,13,existence,148.43
71,70,1,payment,206.11
21,15,6,debt,68.98
41,12,29,payment,94.77
87,36,51,payment,204.2
54,27,27,existence,130.64
50,34,16,existence,85.5
97,93,4,debt,252.89
85,74,11,existence,245.8
101,31,70,existence,212.84
7,6,1,payment,27.53
79,17,62,payment,122.36
89,31,58,existence,183.1
119,37,82,existence,261.73
148,119,29,payment,367.08
38,2,36,existence,80.75
104,42,62,debt,191.62
143,13,130,existence,360.4
131,17,114,existence,324.6
30,14,16,existence,76.85
7,1,6,payment,18.85
24,9,15,payment,55.69
31,10,21,debt,80.64
28,25,3,debt,121.52
87,18,69,debt,149.54
45,30,15,debt,139.32
18,14,4,existence,52.15
126,46,80,debt,286.46
97,13,84,debt,223.77
134,64,70,payment,383.3
44,43,1,payment,145.78
9,8,1,payment,44.06
62,55,7,payment,179.05
54,29,25,debt,153.41
35,16,19,debt,99.19
149,138,11,existence,394.76
1,1,0,payment,19.49
114,69,45,debt,361.71
40,4,36,payment,71.26
100,87,13,debt,295.46
95,73,22,payment,340.62
120,76,44,payment,242.81
69,57,12,existence,172.66
141,75,66,debt,413.02
126,50,76,existence,215.96
30,30,0,debt,119.93
76,24,52,payment,198.79
78,64,14,existence,257.68
137,65,72,existence,297.93
37,1,36,existence,87.17
114,31,83,payment,203.23
59,53,6,payment,165.06
124,89,35,existence,361.88
138,129,9,payment,534.01
147,98,49,debt,358.36
101,56,45,existence,227.07
44,35,9,existence,112.74
70,4,66,payment,154.08
4,4,0,debt,32.37
3,3,0,existence,8.84
73,46,27,payment,186.99
142,81,61,debt,255.1
38,38,0,debt,115.09
36,28,8,existence,126.16
46,2,44,payment,121.73
123,16,107,existence,302
92,17,75,existence,162.15
16,13,3,payment,44.2
135,92,43,existence,309.24
114,100,14,existence,343.57
84,8,76,debt,163.23
153,19,134,debt,225.75
61,44,17,debt,206.69
153,89,64,existence,295.91
86,74,12,payment,205.04
75,68,7,payment,174.92
100,81,19,debt,261.24
96,6,90,payment,237.2
111,28,83,payment,189.05
25,4,21,debt,76.64
8,7,1,debt,51.22
134,1,133,existence,283.06
126,65,61,debt,391.56
2,1,1,debt,16.84
129,10,119,debt,329.75
65,9,56,payment,115.41
3,3,0,debt,22.25
116,38,78,existence,233.22
137,85,52,debt,406.86
129,55,74,debt,405.49
153,8,145,debt,355.18
88,47,41,payment,247.12
31,14,17,existence,65.24
129,127,2,payment,322.75
6,3,3,payment,28.8
56,37,19,existence,153.68
45,16,29,debt,99.29
13,13,0,payment,58.66
132,51,81,existence,253.2
122,47,75,payment,226.36
20,2,18,existence,48.97
128,65,63,payment,369.93
147,56,91,existence,319.54
46,45,1,debt,103.03
90,17,73,payment,211.06
51,39,12,payment,183.09
104,38,66,payment,238.04
128,18,110,existence,227.14
68,19,49,payment,128.86
44,33,11,debt,127.56
70,67,3,existence,182.57
102,79,23,payment,288.08
68,24,44,debt,185.07
120,100,20,payment,273.9
131,116,15,payment,324.4
39,38,1,payment,136.49
103,82,21,payment,204.54
130,107,23,existence,344.04
29,21,8,payment,86.46
134,114,20,debt,437.56
26,25,1,payment,79.44
11,5,6,debt,41.37
85,40,45,existence,264.01
149,42,107,existence,356.07
122,63,59,existence,320.9
68,13,55,payment,110.19
116,24,92,payment,177.61
40,9,31,payment,77.37
40,29,11,payment,102.12
108,40,68,debt,252.07
46,14,32,debt,90.71
151,29,122,existence,269.39
93,17,76,payment,223.01
121,84,37,payment,317.41
113,96,17,debt,429.09
81,26,55,debt,210.18
136,59,77,payment,255.28
146,44,102,payment,352.68
54,24,30,existence,152.62
93,84,9,debt,304.58
96,67,29,payment,252.07
93,10,83,debt,250.13
59,58,1,payment,173.58
100,34,66,payment,197.23
38,17,21,payment,67.37
74,24,50,existence,145.32
26,26,0,debt,100.76
16,1,15,existence,28.19
50,40,10,existence,131.16
135,113,22,payment,331.22
72,65,7,existence,210.21
8,7,1,existence,19.76
20,15,5,debt,75.18
106,3,103,debt,158.03
93,80,13,debt,273.96
131,92,39,debt,321.76
51,23,28,payment,154.67
150,140,10,payment,454.41
24,17,7,existence,64.4
141,108,33,existence,332.52
91,61,30,existence,232.95
48,29,19,existence,110.27
33,32,1,existence,82.22
146,143,3,existence,478.21
130,96,34,existence,392.27
16,11,5,existence,32.15
118,3,115,existence,238.18
13,5,8,debt,41.67
125,95,30,debt,349.36
74,27,47,existence,197.67
14,12,2,payment,57.69
56,55,1,debt,198.89
6,4,2,payment,22.44
6,1,5,existence,15.54
88,69,19,debt,184.89
150,70,80,payment,434.84
31,29,2,payment,108.12
104,1,103,debt,221.81
155,12,143,existence,352.73
148,6,142,debt,382.8
65,2,63,payment,167.63
76,29,47,debt,216.43
137,18,119,payment,254.59
136,120,16,existence,470.34
55,19,36,debt,123.82
43,35,8,debt,117.46
3,2,1,payment,21
146,46,100,debt,319.67
136,96,40,existence,395.61
91,15,76,existence,221.01
49,44,5,debt,167.99
148,113,35,payment,375.06
95,72,23,payment,249.15
116,21,95,existence,254.8
105,105,0,payment,296.07
2,1,1,payment,16.73
33,23,10,debt,119.36
83,68,15,existence,213.32
134,40,94,debt,318.91
123,38,85,debt,222.52
75,74,1,debt,253.32
69,6,63,payment,123.17
142,93,49,debt,272.51
80,43,37,debt,228.35
128,96,32,debt,342.05
138,3,135,payment,364.5
68,64,4,existence,224.36
60,1,59,existence,126.78
142,92,50,payment,325.5
109,34,75,payment,252.92
84,84,0,debt,263.37
38,14,24,existence,77.58
147,86,61,payment,336.6
85,58,27,debt,237.68
97,33,64,payment,239.5
101,21,80,existence,266.49
103,1,102,existence,251.99
31,28,3,existence,101.27
87,70,17,debt,282.64
155,114,41,debt,506.33
65,28,37,debt,166.16
13,7,6,payment,46.41
58,9,49,debt,128.96
25,17,8,debt,86.85
157,157,0,debt,515.22
112,77,35,debt,321.28
82,45,37,existence,136.91
34,20,14,existence,89.38
152,117,35,payment,523.78
71,62,9,payment,205.18
125,58,67,existence,339.69
132,54,78,existence,273.03
109,47,62,debt,270.38
72,13,59,debt,167.2
6,2,4,existence,10.57
135,57,78,existence,219.87
63,47,16,debt,146.36
74,22,52,payment,215.73
27,8,19,payment,67.18
95,37,58,existence,192.01
72,63,9,debt,258.9
103,100,3,debt,334.22
54,41,13,existence,145.68
140,106,34,existence,338.34
99,21,78,debt,191.26
21,12,9,existence,56.18
52,25,27,existence,141.97
27,9,18,existence,50.33
39,27,12,payment,103.22
138,101,37,existence,317.62
146,145,1,debt,415.81
56,5,51,existence,88.65
84,42,42,existence,180.17
15,10,5,existence,40.28
111,101,10,debt,299.2
28,3,25,debt,65.45
56,47,9,payment,194.26
44,16,28,existence,102.47
116,34,82,debt,239.1
146,29,117,debt,323.29
84,69,15,debt,257.96
75,72,3,existence,250.85
100,62,38,existence,306.61
29,2,27,debt,52.14
109,97,12,payment,283.89
9,5,4,existence,20.11
134,5,129,debt,198.33
150,92,58,existence,294.28
87,68,19,existence,267.82
88,52,36,debt,270.19
156,68,88,existence,430.66
103,2,101,payment,185.71
105,21,84,existence,259.04
69,29,40,existence,135.6
76,57,19,existence,148.92
144,49,95,existence,381.61
102,57,45,debt,240.99
87,63,24,payment,207.13
141,32,109,debt,415.48
146,50,96,debt,378.4
112,50,62,debt,262.41
43,30,13,payment,117.71
33,18,15,payment,113.15
151,40,111,debt,231.7
92,82,10,payment,290.69
66,27,39,debt,161.17
48,19,29,debt,91.3
73,13,60,debt,124.28
40,20,20,payment,131.2
12,5,7,existence,28.96
139,36,103,existence,342.26
14,11,3,payment,57.03
156,64,92,existence,292
37,7,30,debt,87.15
55,11,44,payment,145.9
12,7,5,existence,28.76
3,1,2,payment,21.71
1,1,0,payment,15.09
94,72,22,existence,258.87
140,139,1,debt,475.51
3,2,1,existence,10.05
29,13,16,payment,70.98
19,8,11,debt,79.54
157,34,123,debt,284.71
64,29,35,payment,135.49
24,22,2,existence,69.33
63,59,4,payment,170
72,42,30,payment,253.71
96,87,9,payment,297.23
42,33,9,debt,130.18
129,13,116,debt,206.89
39,25,14,payment,122.37
29,11,18,payment,65
126,105,21,payment,395.85
128,115,13,debt,489.76
149,35,114,existence,299.72
50,24,26,existence,126
49,22,27,debt,150.66
9,5,4,payment,36.84
136,94,42,debt,419.31
103,96,7,debt,380.97
23,10,13,payment,57.84
46,38,8,existence,101.32
139,93,46,debt,271.12
101,54,47,existence,178.46
13,3,10,existence,29.2
123,9,114,debt,292.07
127,34,93,existence,337.23
96,14,82,payment,185.52
77,31,46,debt,179.07
27,22,5,payment,96.76
64,41,23,debt,153.54
91,86,5,payment,344.01
76,49,27,debt,231.89
68,38,30,debt,141.93
6,5,1,debt,42.63
20,11,9,debt,65.92
102,60,42,existence,179.69
135,113,22,debt,398.07
53,43,10,debt,208.32
38,26,12,debt,103.62
90,25,65,payment,242.23
27,6,21,existence,42.14
155,38,117,payment,369.9
152,50,102,payment,259.59
127,20,107,existence,271.38
25,9,16,existence,71.1
32,11,21,payment,66.3
45,33,12,existence,96.21
53,15,38,existence,82.95
67,7,60,existence,150.1
114,38,76,debt,298.58
85,81,4,existence,221.48
87,67,20,payment,250.05
104,40,64,debt,212.02
20,11,9,existence,59.02
96,87,9,payment,272.43
101,13,88,existence,172.02
61,20,41,debt,143.44
88,73,15,debt,180.58
2,2,0,debt,16.3
103,37,66,debt,297.25
9,1,8,debt,43.22
130,16,114,debt,248.97
35,10,25,existence,98.79
69,65,4,payment,173.15
72,42,30,debt,161.49
40,39,1,payment,146.69
79,28,51,existence,232.31
16,3,13,existence,41.05
139,139,0,debt,479.96
27,25,2,payment,104.51
89,67,22,debt,266.22
42,25,17,payment,153.52
155,118,37,payment,433.56
148,25,123,payment,242.06
81,9,72,payment,165.83
86,70,16,payment,237.03
117,53,64,payment,356.72
128,60,68,debt,376.43
35,19,16,existence,60.16
87,18,69,existence,180.36
62,38,24,payment,126.65
88,10,78,payment,205.52
61,25,36,debt,168.56
118,107,11,payment,360.12
95,35,60,existence,237.36
148,69,79,debt,342.14
15,1,14,existence,25.51
35,12,23,debt,76.22
129,118,11,payment,345.92
94,88,6,existence,288
85,36,49,payment,225.3
27,2,25,payment,73.29
142,56,86,existence,242.95
34,30,4,existence,67.28
128,113,15,payment,424.5
60,11,49,existence,146.27
5,5,0,existence,11.47
130,70,60,debt,352.69
44,12,32,payment,123.46
99,21,78,debt,264.04
121,96,25,debt,287.97
153,153,0,debt,456.64
38,33,5,existence,112.02
79,69,10,payment,184.59
105,88,17,payment,375.49
96,94,2,debt,261.91
2,2,0,existence,6.2
64,4,60,existence,87.67
87,51,36,debt,200.57
48,23,25,existence,127.39
129,63,66,existence,386.76
88,5,83,payment,178.88
61,31,30,debt,152.37
30,27,3,existence,64.68
125,100,25,payment,313.79
72,53,19,debt,258.14
141,5,136,existence,298.48
92,77,15,debt,286.22
102,61,41,payment,205.33
26,20,6,payment,95.19
92,90,2,debt,352.98
66,57,9,existence,196.9
4,3,1,payment,27.91
140,71,69,existence,372.95
21,19,2,debt,60.88
90,81,9,payment,330.04
40,3,37,payment,65.3
124,7,117,payment,234.18
60,28,32,existence,119.55
109,92,17,existence,261.44
13,1,12,debt,58.52
106,100,6,debt,347.67
20,4,16,existence,40.99
17,15,2,debt,65.12
45,20,25,debt,128.4
72,2,70,payment,115.47
13,4,9,payment,42.25
88,73,15,payment,208.87
43,9,34,payment,119.75
40,13,27,debt,116.28
76,2,74,payment,133.54
95,51,44,debt,221.93
69,60,9,payment,192.05
3,3,0,existence,10.24
19,17,2,payment,63.13
32,7,25,debt,99.52
93,25,68,existence,177.16
12,8,4,existence,33.15
43,25,18,debt,148.7
110,48,62,existence,311.98
106,25,81,debt,246.97
47,24,23,existence,97.49
134,81,53,payment,417.89
155,135,20,payment,505.61
97,60,37,debt,246.5
55,34,21,existence,126.38
113,79,34,existence,208.37
94,12,82,debt,196.69
89,56,33,existence,232.67
140,24,116,debt,346.19
13,11,2,existence,39.14
85,60,25,debt,283.18
119,102,17,existence,302.31
114,9,105,existence,181.41
72,23,49,payment,125.95
26,21,5,payment,93.75
79,72,7,payment,258.59
3,2,1,payment,23.23
135,125,10,payment,292.17
144,33,111,payment,411.84
99,73,26,payment,301.27
121,57,64,debt,236.89
136,100,36,debt,372.32
87,20,67,debt,174.04
151,125,26,debt,520.19
119,13,106,existence,168.32
152,90,62,existence,446.34
135,80,55,payment,410.69
62,16,46,existence,97.43
104,46,58,debt,328.95
28,22,6,existence,72.02
74,6,68,payment,178.67
86,82,4,debt,238.14
141,103,38,debt,339.38
72,34,38,payment,158.77
5,2,3,payment,20.53
16,12,4,existence,34.87
74,71,3,debt,285.11
86,21,65,payment,222.53
51,23,28,payment,140.43
50,12,38,existence,131.44
109,27,82,debt,249.29
11,6,5,debt,43.88
73,6,67,payment,161.44
137,6,131,payment,317.02
29,15,14,existence,66.22
4,4,0,payment,21.68
9,2,7,payment,30.74
94,7,87,debt,241.84
112,56,56,payment,305.86
28,3,25,debt,58.84
101,11,90,debt,178.11
17,17,0,payment,52.17
69,18,51,existence,177.53
44,43,1,debt,177.39
50,41,9,payment,107.56
48,33,15,existence,133.65
57,14,43,payment,114.37
9,5,4,existence,17.69
46,36,10,payment,126.8
2,2,0,existence,6.8
129,107,22,payment,355.95
133,94,39,existence,309.36
25,16,9,existence,67.86
18,4,14,existence,43.39
72,25,47,debt,236.23
81,25,56,payment,245.8
13,8,5,debt,57.58
126,73,53,payment,416.75
138,119,19,payment,496.11
91,80,11,payment,222.37
142,108,34,debt,337.93
76,23,53,debt,190.06
71,9,62,debt,134.54
89,21,68,debt,203.23
81,66,15,debt,221.55
145,20,125,debt,376.54
125,107,18,debt,265.23
124,118,6,debt,359.76
133,45,88,payment,243.8
134,64,70,existence,230.02
112,79,33,existence,210.76
90,85,5,payment,207.68
29,24,5,existence,83.58
76,39,37,existence,188.58
135,130,5,existence,348.8
20,9,11,existence,50.42
137,133,4,existence,484.15
114,91,23,debt,369.79
156,4,152,existence,308.09
139,6,133,payment,291.82
26,26,0,payment,105.35
75,62,13,debt,168.13
26,7,19,existence,71.12
126,76,50,existence,251.29
123,9,114,payment,285.31
29,2,27,payment,77.65
157,20,137,payment,383.92
17,10,7,debt,58.38
78,19,59,existence,114.13
67,40,27,payment,183.36
107,20,87,existence,292.11
54,26,28,payment,135.88
109,107,2,payment,254.93
141,81,60,debt,291.44
93,51,42,payment,224.83
42,40,2,existence,117.1
107,34,73,payment,232.26
88,58,30,existence,177.02
97,81,16,existence,251.78
93,16,77,debt,240.11
30,15,15,existence,64.83
135,119,16,debt,329.38
151,78,73,debt,325.28
49,31,18,payment,168.35
46,29,17,existence,117.79
38,4,34,payment,103.12
37,7,30,existence,91.73
27,6,21,debt,84.34
9,5,4,existence,28.91
139,122,17,existence,405.61
84,60,24,debt,213.58
49,45,4,payment,133.08
153,47,106,existence,283.94
122,71,51,payment,336.73
91,60,31,debt,242.59
148,41,107,payment,340.55
43,37,6,payment,119.18
15,11,4,payment,50.34
138,2,136,existence,223.5
154,97,57,payment,415.19
3,3,0,debt,36.03
21,15,6,payment,56.32
49,48,1,payment,153.02
117,35,82,payment,310.7
23,16,7,payment,50.15
136,104,32,existence,389.81
74,46,28,payment,258.1
150,102,48,existence,396.04
128,9,119,existence,189.33
1,1,0,debt,20.08
106,5,101,debt,273.37
152,143,9,existence,527.77
157,26,131,payment,284.07
73,27,46,debt,204.11
36,22,14,debt,110.65
10,8,2,existence,24
99,11,88,payment,238.6
93,62,31,debt,222.33
83,61,22,existence,251.98
80,59,21,existence,221.78
7,2,5,debt,43.06
6,6,0,existence,16.26
82,75,7,debt,270.57
22,22,0,debt,90.96
17,8,9,existence,28.99
153,111,42,existence,340.9
36,19,17,existence,84.24
53,50,3,payment,184.17
130,124,6,payment,337.75
25,11,14,debt,100.58
40,28,12,payment,138.79
68,68,0,debt,215.59
96,80,16,debt,335.69
40,36,4,existence,102.88
80,66,14,debt,266.68
31,28,3,existence,60.86
89,81,8,existence,293.31
89,87,2,existence,242.69
59,46,13,payment,166.79
104,96,8,existence,263.03
14,9,5,payment,46.42
42,10,32,debt,133.3
116,30,86,payment,326.22
151,146,5,debt,436.73
77,33,44,debt,161.43
93,53,40,debt,223.2
65,23,42,payment,117.84
128,86,42,existence,380.48
109,96,13,debt,378.11
110,14,96,debt,212.34
131,48,83,existence,213.44
81,30,51,payment,168.12
101,99,2,existence,290.94
150,21,129,payment,305.95
102,24,78,debt,193.58
64,22,42,payment,145.14
27,21,6,existence,82.78
22,6,16,existence,43.31
47,11,36,payment,98.21
4,2,2,payment,22.66
91,35,56,payment,213.48
150,67,83,debt,343.35
90,45,45,debt,217.35
2,1,1,debt,30.81
121,26,95,debt,196.37
118,97,21,existence,309.01
129,30,99,payment,252.73
80,77,3,payment,248.23
38,13,25,payment,95.69
9,4,5,payment,37.85
134,108,26,payment,352.01
153,64,89,existence,311.61
98,2,96,debt,156.8
9,9,0,payment,27.25
98,14,84,debt,225.11
20,6,14,payment,41.92
5,5,0,debt,38.28
108,14,94,existence,252.6
73,14,59,existence,95.8
49,27,22,payment,154.56
77,26,51,payment,175.12
15,11,4,existence,38.58
133,70,63,debt,356.84
69,67,2,existence,219.35
110,11,99,debt,202.44
53,39,14,existence,152.32
17,16,1,payment,65.43
132,114,18,existence,395.65
10,8,2,payment,31.23
131,23,108,debt,323.62
70,42,28,payment,169.38
136,102,34,existence,308.14
36,34,2,debt,87.98
53,5,48,debt,80.47
146,10,136,payment,258.21
75,59,16,debt,184.93
19,15,4,payment,69.72
152,70,82,existence,403.97
102,34,68,existence,261.08
55,42,13,debt,139.09
150,15,135,debt,380.85
105,88,17,debt,256.28
99,56,43,existence,192
122,107,15,payment,365.4
121,8,113,existence,189.4
41,36,5,payment,157.31
94,11,83,existence,224.35
124,70,54,debt,305.81
155,134,21,payment,404.15
24,14,10,payment,63.18
121,91,30,payment,256.35
95,11,84,payment,174.32
121,14,107,existence,227.98
121,121,0,debt,372.95
3,1,2,existence,6.2
58,15,43,payment,99.9
62,39,23,payment,124.36
131,70,61,existence,321.33
121,86,35,payment,392.83
30,10,20,existence,73.79
134,120,14,existence,358.75
142,43,99,existence,284.19
136,35,101,existence,254.13
60,3,57,payment,128.65
27,21,6,payment,83.77
31,8,23,payment,81.54
137,89,48,existence,368.66
60,33,27,payment,172.28
46,21,25,existence,121.78
51,25,26,debt,143.87
104,13,91,payment,150.74
14,8,6,existence,37.85
73,64,9,debt,187.42
90,88,2,existence,303.83
61,30,31,payment,188.67
123,56,67,debt,299.76
50,8,42,debt,152.47
104,102,2,debt,349.61
75,20,55,existence,156.89
112,3,109,existence,275.61
8,8,0,existence,17.96
17,10,7,debt,72.68
131,3,128,payment,287.66
93,3,90,existence,129.66
96,6,90,debt,247.79
75,34,41,payment,196.56
27,19,8,existence,88.97
91,87,4,debt,314.4
62,5,57,existence,76.76
25,13,12,debt,83.29
61,49,12,payment,123.96
22,21,1,existence,45.02
78,10,68,payment,147.14
28,28,0,payment,82.57
138,47,91,existence,313.86
19,19,0,debt,73.87
147,92,55,existence,408.04
29,23,6,existence,61.89
17,17,0,existence,36.09
151,93,58,existence,306.24
95,39,56,debt,184.47
144,129,15,payment,466.96
42,39,3,existence,108.51
120,76,44,payment,334
13,6,7,existence,37.15
78,9,69,existence,126.78
155,29,126,payment,338.93
12,10,2,payment,45.39
155,107,48,payment,504.53
24,8,16,payment,67.5
150,2,148,debt,319.38
66,41,25,payment,176.62
84,71,13,existence,289.71
72,27,45,existence,154.02
77,32,45,payment,181.87
12,7,5,payment,41.84
37,13,24,debt,122.68
130,41,89,debt,372.61
29,3,26,existence,57.21
103,92,11,existence,301.79
32,29,3,payment,106.97
43,8,35,debt,108.39
70,14,56,existence,141.14
69,44,25,existence,201.16
125,80,45,existence,345.33
80,28,52,existence,222.96
8,4,4,debt,40.45
134,16,118,debt,221.32
106,46,60,existence,175.34
116,112,4,existence,302.47
87,41,46,debt,158.17
136,86,50,debt,305.36
56,33,23,existence,132.79
99,76,23,existence,260.72
56,43,13,payment,158.61
80,52,28,existence,221.55
121,24,97,debt,262.63
99,29,70,payment,260.78
103,49,54,debt,282.02
140,66,74,existence,327.51
110,3,107,existence,186.58
34,14,20,existence,62.94
93,36,57,payment,244.6
66,5,61,payment,138.4
109,94,15,existence,340.07
151,55,96,existence,360.19
16,9,7,debt,57.09
112,46,66,debt,286.23
80,41,39,existence,206.26
155,12,143,debt,328.75
104,29,75,payment,271.26
96,65,31,debt,215.68
7,3,4,payment,28.47
139,53,86,debt,441.79
120,56,64,existence,215.56
2,2,0,debt,19.03
26,20,6,debt,64.3
104,54,50,debt,230.02
74,29,45,payment,198.33
6,1,5,debt,23.24
149,34,115,payment,329.47
75,7,68,debt,180.1
138,68,70,existence,330.34
11,7,4,payment,45.72
96,52,44,existence,246.88
150,46,104,payment,260.77
144,123,21,debt,296.26
48,42,6,debt,172.53
157,72,85,payment,484.22
51,12,39,existence,122.62
66,20,46,debt,214.84
156,104,52,debt,467.26
17,16,1,debt,72.32
107,9,98,debt,254.04
85,9,76,existence,187.82
157,41,116,debt,415.97
33,5,28,debt,77.27
123,117,6,debt,347.02
97,32,65,existence,249.91
65,24,41,payment,182.55
106,70,36,debt,254.86
55,4,51,payment,107.89
127,106,21,existence,357.68
151,21,130,existence,335.93
13,1,12,payment,38.92
7,3,4,debt,39.19
43,21,22,payment,104.88
38,8,30,existence,59.41
66,49,17,existence,167.5
126,121,5,existence,321.73
60,31,29,debt,156.4
78,22,56,existence,137.13
146,124,22,payment,477.86
83,65,18,existence,252.16
29,5,24,debt,86.72
7,6,1,debt,31.64
67,31,36,payment,129.18
13,2,11,debt,46.05
77,15,62,debt,152.08
142,51,91,payment,248.14
154,151,3,payment,424.55
44,30,14,payment,110.77
69,52,17,debt,171.03
50,34,16,payment,112.54
141,119,22,payment,292.94
27,5,22,debt,71.98
23,13,10,payment,73.28
155,26,129,payment,219.81
90,51,39,existence,261.87
12,7,5,payment,47.89
73,50,23,existence,179.94
52,42,10,payment,177.79
57,20,37,payment,155.02
97,66,31,debt,300.81
33,12,21,payment,79.9
133,110,23,payment,405.42
11,9,2,debt,59.36
25,14,11,existence,69.06
63,13,50,debt,134.54
106,11,95,payment,159.39
95,41,54,payment,207.16
37,23,14,existence,87.24
100,7,93,debt,215.53
85,28,57,existence,138.05
128,128,0,payment,492.16
92,31,61,payment,199.95
116,10,106,existence,222.23
95,81,14,payment,313.37
157,88,69,debt,391.44
42,40,2,debt,105.36
107,68,39,debt,251.01
141,69,72,payment,267.7
5,2,3,debt,29.16
138,20,118,debt,335.21
67,9,58,existence,161.05
100,24,76,existence,218.43
11,10,1,payment,48.7
104,4,100,payment,274.05
37,25,12,existence,103.93
86,23,63,debt,220.43
118,16,102,payment,223.28
69,61,8,existence,201.02
124,77,47,payment,413.73
76,24,52,existence,166.38
67,32,35,debt,223.77
148,113,35,payment,377.57
155,60,95,payment,334.94
85,10,75,existence,126.8
83,59,24,payment,201.37
100,83,17,existence,321.43
126,20,106,payment,291.04
106,9,97,existence,222.98
105,26,79,debt,223.26
10,3,7,existence,16.27
130,74,56,payment,400.82
28,16,12,payment,73.54
93,41,52,existence,285.34
21,11,10,debt,54.38
149,9,140,payment,260.37
49,32,17,debt,155.99
40,19,21,debt,99.52
153,152,1,existence,345.62
3,2,1,payment,19.5
82,5,77,payment,175.19
30,18,12,existence,60.68
142,17,125,existence,351.9
126,64,62,payment,244.36
127,18,109,existence,321.34
84,80,4,debt,274.93
49,15,34,existence,81.53
68,34,34,existence,145.18
156,118,38,payment,433.93
12,2,10,existence,22.47
30,10,20,debt,74.14
84,26,58,existence,231.75
37,18,19,debt,81.41
136,78,58,existence,348.29
129,3,126,existence,244.36
100,42,58,payment,297.19
87,58,29,debt,229.33
51,37,14,payment,186.2
52,24,28,existence,125.75
116,9,107,debt,285.47
132,32,100,payment,370.28
72,5,67,debt,141.93
22,22,0,existence,72.27
15,6,9,debt,45.17
33,26,7,debt,125.39
129,18,111,existence,305.58
87,61,26,payment,285.86
157,66,91,payment,360.41
149,78,71,debt,370.13
46,37,9,existence,97.68
47,34,13,debt,148.6
155,21,134,payment,303.74
76,45,31,existence,143.57
139,124,15,payment,500.61
41,28,13,existence,123.23
93,23,70,payment,197.1
53,51,2,payment,157.42
87,7,80,payment,165.97
54,54,0,existence,197.97
38,18,20,debt,110.03
13,6,7,existence,36.72
15,4,11,debt,42.86
4,4,0,debt,33.98
64,31,33,debt,183.96
30,28,2,existence,95.88
30,19,11,payment,65.9
82,16,66,existence,208.32
91,65,26,payment,258.09
39,37,2,payment,137.8
83,59,24,existence,228.24
81,32,49,debt,228.39
149,41,108,debt,234.85
82,22,60,payment,195.37
130,47,83,existence,276.13
24,7,17,payment,61.42
55,15,40,payment,165.59
112,65,47,debt,234.49
67,20,47,existence,146.52
41,31,10,payment,109.03
113,83,30,debt,310.85
124,62,62,payment,315.67
152,53,99,debt,400.52
9,9,0,existence,17.01
58,25,33,debt,110.81
43,30,13,payment,158.99
149,49,100,payment,319.43
61,12,49,debt,192.54
20,1,19,payment,62.79
5,2,3,existence,11.36
16,10,6,payment,53.74
9,5,4,payment,28.85
152,23,129,debt,413.22
101,97,4,debt,368.84
1,1,0,debt,30.33
71,28,43,debt,213.99
8,6,2,debt,47.48
31,23,8,debt,108.49
109,1,108,existence,142.1
58,50,8,debt,149.25
64,11,53,existence,145.8
32,10,22,existence,73.85
77,15,62,debt,221.05
131,19,112,payment,248.44
40,23,17,debt,136.7
107,99,8,payment,230.34
10,10,0,payment,43.53
64,17,47,payment,173.88
93,91,2,payment,303.99
138,77,61,debt,295.45
11,6,5,debt,46.79
33,5,28,debt,107.11
149,133,16,payment,293.47
132,12,120,payment,203.93
35,20,15,existence,110.75
98,43,55,debt,215.13
49,36,13,existence,137.12
54,29,25,payment,137.98
105,69,36,existence,310.89
11,4,7,existence,30.93
150,148,2,debt,527.22
108,28,80,debt,234.05
54,10,44,debt,151.99
66,52,14,payment,182.59
131,121,10,existence,283.72
155,87,68,existence,406
17,15,2,existence,43.2
136,120,16,payment,441.27
108,16,92,existence,146.57
98,73,25,debt,325.87
34,12,22,existence,51.11
87,17,70,payment,159.69
147,49,98,payment,434.77
94,82,12,payment,294.15
11,8,3,payment,47.85
141,140,1,payment,392.85
31,4,27,existence,58.56
44,33,11,debt,106.32
137,98,39,payment,419.05
13,9,4,debt,69.37
27,16,11,existence,75.84
64,11,53,existence,95.54
10,6,4,existence,32.55
44,26,18,debt,122.31
82,4,78,existence,149.42
36,5,31,payment,59.62
99,8,91,payment,181.6
157,99,58,debt,344.15
67,53,14,existence,168.95
104,82,22,existence,350.56
122,108,14,payment,308.08
76,63,13,payment,230.51
117,76,41,debt,244.62
88,10,78,debt,162.78
11,3,8,debt,54.49
104,93,11,debt,366.68
79,50,29,debt,240.21
111,100,11,payment,402.61
14,10,4,payment,45.77
118,82,36,payment,266.32
94,90,4,existence,194.63
150,64,86,existence,396.52
56,37,19,existence,120.82
51,47,4,debt,176.27
155,138,17,payment,533.5
11,3,8,debt,48.53
114,74,40,payment,352.14
122,46,76,debt,363.97
4,3,1,existence,8.18
127,20,107,debt,195.27
119,47,72,payment,281.34
9,3,6,payment,30.72
104,19,85,debt,249.26
17,12,5,payment,56.2
78,29,49,existence,166.63
70,1,69,payment,163.01
47,40,7,existence,122.63
154,79,75,existence,426.66
55,3,52,existence,130.67
3,2,1,existence,8.53
12,8,4,payment,37.08
85,16,69,existence,167.43
72,49,23,existence,211.46
26,21,5,debt,105.21
135,95,40,existence,335.79
156,32,124,debt,433.28
97,76,21,payment,228.9
102,74,28,existence,186.78
32,28,4,debt,94.16
88,52,36,debt,222.86
151,40,111,payment,271.37
143,17,126,existence,310.36
16,6,10,payment,43.64
128,105,23,payment,366.73
57,34,23,existence,106.11
114,41,73,debt,226.28
29,22,7,existence,89.75
114,36,78,existence,296.92
15,7,8,payment,54.96
94,54,40,existence,293.62
77,31,46,payment,210.55
149,10,139,existence,231.25
37,9,28,payment,110.69
6,1,5,payment,28.79
34,17,17,payment,117.39
119,62,57,payment,301.08
55,32,23,existence,98.53
83,79,4,debt,267.91
82,59,23,debt,184.66
142,45,97,payment,389.19
59,28,31,debt,135.95
74,50,24,debt,248.29
97,30,67,payment,264.63
59,50,9,payment,157.86
40,6,34,payment,76.45
27,13,14,debt,59.52
133,23,110,existence,236.01
73,15,58,payment,189.81
78,34,44,debt,214.25
74,62,12,payment,168.06
101,100,1,debt,336.53
148,86,62,existence,302.31
150,90,60,existence,300.79
125,90,35,payment,334.09
138,99,39,debt,445.82
16,4,12,debt,48.53
110,34,76,existence,182.78
149,77,72,existence,401.54
31,10,21,payment,70.15
68,19,49,debt,146.48
77,35,42,existence,200.73
109,75,34,existence,285.46
24,21,3,payment,76.22
8,4,4,debt,43.07
139,31,108,existence,346.46
134,108,26,payment,404.41
36,15,21,existence,89.92
68,18,50,payment,125.98
77,14,63,existence,108.96
82,26,56,payment,170.49
54,49,5,payment,194.24
136,52,84,existence,369.35
13,10,3,debt,58.99
17,15,2,debt,58.32
138,44,94,existence,398.42
75,16,59,debt,207.73
98,19,79,payment,217.65
139,52,87,existence,294.11
17,7,10,debt,70.99
74,55,19,existence,247.5
155,55,100,debt,434.13
122,25,97,payment,222.67
61,3,58,debt,112.02
139,31,108,debt,247.61
38,28,10,debt,102.53
34,34,0,debt,128.75
71,58,13,existence,150.94
2,1,1,payment,10.23
83,73,10,debt,212.45
144,115,29,existence,462.54
25,3,22,existence,59.73
106,105,1,debt,388.13
45,19,26,existence,91.76
54,41,13,debt,134.03
42,7,35,payment,102.37
40,20,20,existence,81.97
117,115,2,existence,406.18
116,70,46,existence,296.34
62,35,27,existence,139.66
146,50,96,existence,264.13
55,2,53,payment,129.28
65,29,36,payment,187.38
39,35,4,payment,103.96
65,30,35,payment,157.36
119,103,16,existence,282.14
117,10,107,payment,278.8
28,9,19,existence,51.99
12,11,1,payment,40.38
85,63,22,debt,212.04
147,10,137,existence,233.91
108,90,18,existence,342.63
34,6,28,existence,61.87
17,11,6,payment,54.96
57,40,17,debt,176.06
77,49,28,debt,240.89
139,19,120,existence,233.91
23,3,20,debt,61.79
105,57,48,debt,234.03
156,24,132,debt,352.98
100,38,62,existence,176.53
90,87,3,existence,302.67
42,17,25,payment,136.43
153,139,14,payment,437.14
15,3,12,existence,26.57
69,44,25,debt,197.08
20,15,5,existence,51.97
28,16,12,payment,92.63
81,46,35,payment,175.04
138,123,15,payment,422.69
135,73,62,existence,343.85
63,22,41,debt,200.93
151,140,11,payment,322.25
57,43,14,debt,186.96
92,77,15,payment,301.72
123,11,112,debt,239.59
38,6,32,payment,83.5
57,18,39,existence,115.24
114,81,33,payment,337.01
146,24,122,debt,387.25
72,47,25,payment,222.73
152,88,64,debt,353.98
146,111,35,debt,355.86
99,28,71,payment,222.85
67,59,8,payment,216.99
118,88,30,existence,369.09
27,12,15,payment,58.34
149,111,38,existence,378.43
1,1,0,existence,3.07
43,36,7,payment,105.99
113,7,106,debt,188.67
126,107,19,debt,420.41
7,5,2,payment,30.98
151,96,55,existence,453.6
87,66,21,payment,267.16
145,90,55,existence,403.59
71,1,70,payment,157.7
106,97,9,existence,292.03
74,29,45,debt,171.85
128,115,13,existence,309.47
142,5,137,debt,328.53
4,2,2,existence,9.31
122,51,71,payment,235.81
70,70,0,existence,186.55
125,34,91,payment,345.28
22,1,21,debt,59.55
50,19,31,debt,162.4
139,50,89,payment,269.34
9,9,0,payment,45.14
22,22,0,debt,99.46
139,37,102,payment,228.62
46,14,32,payment,127.89
3,2,1,debt,35.9
149,39,110,existence,396.3
85,21,64,debt,186.33
72,58,14,payment,202.92
156,32,124,existence,420.37
87,55,32,existence,245.75
15,11,4,existence,40.5
134,6,128,debt,263.22
152,27,125,payment,218.07
152,86,66,existence,334.97
141,71,70,debt,282.38
63,6,57,debt,108.35
89,79,10,existence,276.47
103,82,21,existence,319.18
117,69,48,debt,320.84
44,28,16,existence,111.54
116,9,107,existence,242.55
27,5,22,existence,35.81
110,86,24,debt,280.77
153,87,66,debt,437.86
5,2,3,existence,11.93
115,62,53,payment,253.8
88,78,10,debt,191.87
74,50,24,payment,233.76
9,3,6,debt,41.14
67,50,17,debt,171.32
13,7,6,payment,43.91
143,1,142,existence,194.3
49,5,44,payment,79.58
64,21,43,payment,122.82
52,40,12,existence,163.68
16,10,6,existence,38.1
95,22,73,debt,246.23
95,13,82,existence,212.67
121,59,62,payment,259.5
2,1,1,debt,19.45
20,7,13,payment,49.24
109,65,44,payment,289.95
117,53,64,payment,312.53
64,13,51,payment,121.39
105,94,11,payment,295.94
40,10,30,debt,101.56
119,18,101,payment,195.08
150,120,30,existence,443.69
133,133,0,payment,403.15
1,1,0,debt,11.46
44,9,35,existence,71.06
30,8,22,payment,71.7
61,27,34,payment,119.17
57,31,26,payment,158.72
99,8,91,debt,157.03
132,31,101,existence,245.9
9,7,2,existence,25.39
112,92,20,existence,311.77
116,7,109,debt,166.46
9,6,3,debt,35.19
157,9,148,debt,405.17
19,19,0,existence,44.22
70,57,13,debt,240.81
93,58,35,debt,263.71
82,57,25,debt,185.75
67,43,24,debt,148.74
7,3,4,payment,26.63
7,4,3,existence,12.44
29,12,17,payment,94.92
47,33,14,existence,129.52
88,73,15,existence,209.83
131,58,73,existence,252.66
153,126,27,existence,472.33
121,40,81,payment,200.74
104,40,64,payment,262.62
94,80,14,existence,284.15
15,2,13,debt,51.89
93,1,92,debt,136.7
56,1,55,existence,73.86
60,26,34,payment,144.05
32,25,7,existence,79.66
101,93,8,payment,242.34
54,51,3,existence,160
94,10,84,debt,183.12
101,87,14,existence,228.2
117,43,74,payment,238.32
75,35,40,debt,227.54
38,13,25,payment,80.7
34,18,16,payment,80.35
89,54,35,existence,233.52
91,45,46,debt,221.28
120,83,37,existence,372.37
69,54,15,payment,222.12
58,37,21,debt,192.33
98,67,31,debt,262.12
76,28,48,debt,164.08
70,34,36,payment,219.29
56,16,40,payment,101.52
12,6,6,debt,47.3
123,54,69,payment,237.04
93,70,23,existence,317.43
16,9,7,existence,31.11
64,32,32,debt,218.92
5,5,0,existence,14.77
67,47,20,payment,240.87
48,8,40,debt,135.48
134,42,92,existence,212.18
14,13,1,debt,69.07
157,106,51,debt,531.23
106,2,104,debt,235.95
107,74,33,existence,205.75
93,45,48,payment,260.09
61,30,31,debt,162.42
109,28,81,existence,168.86
110,67,43,debt,248.19
22,22,0,debt,83.88
75,51,24,payment,209.51
126,59,67,payment,254.96
121,40,81,payment,224.91
141,140,1,payment,368.31
146,136,10,debt,570.35
118,56,62,debt,372.28
3,3,0,existence,8.46
23,9,14,existence,62.26
33,15,18,existence,86.82
83,65,18,existence,183.27
27,3,24,debt,83.77
9,4,5,debt,29.65
153,5,148,payment,308.63
41,37,4,existence,119.54
4,2,2,debt,19.66
19,2,17,debt,51.34
67,17,50,existence,115.97
59,36,23,debt,166.1
17,15,2,payment,46.95
13,13,0,payment,49.04
128,56,72,debt,264.49
153,116,37,debt,278.42
96,66,30,debt,352.3
117,79,38,existence,347.22
104,37,67,debt,218.17
11,1,10,payment,37.86
52,24,28,payment,138.67
83,8,75,payment,220.34
130,48,82,debt,311.01
45,7,38,existence,100.69
128,116,12,payment,373.57
125,15,110,debt,227.98
149,20,129,debt,297.01
7,1,6,payment,25.9
53,49,4,existence,160.72
85,82,3,existence,266.04
79,73,6,existence,216.54
9,6,3,payment,39.06
141,103,38,payment,289.54
54,46,8,existence,166.91
124,23,101,debt,243.02
156,135,21,debt,453.15
102,7,95,debt,151.64
142,37,105,existence,305.67
120,48,72,existence,220.74
117,30,87,debt,203.02
117,22,95,debt,258.49
107,51,56,payment,243.54
22,16,6,debt,97.18
19,5,14,debt,60.75
13,11,2,debt,47.11
132,99,33,existence,272.28
5,2,3,payment,20.09
22,12,10,existence,39.64
152,5,147,existence,310.24
115,90,25,payment,329.24
39,3,36,payment,92.89
35,10,25,debt,91.02
60,22,38,existence,157.1
18,2,16,debt,36.58
51,40,11,payment,138.93
114,110,4,debt,329.77
144,103,41,existence,315.9
9,2,7,debt,51.41
92,43,49,payment,272.02
54,17,37,existence,144.42
114,63,51,payment,349.69
2,1,1,payment,17.52
117,3,114,debt,170.64
140,4,136,debt,221.78
103,48,55,debt,196.53
38,29,9,payment,125.34
114,44,70,debt,296.18
56,2,54,debt,121.19
70,18,52,payment,150.9
34,1,33,payment,91.85
88,8,80,payment,205.31
25,1,24,existence,29.21
88,79,9,debt,311.41
82,39,43,existence,230.57
73,24,49,payment,132.28
82,55,27,existence,152.56
98,24,74,debt,209.38
53,39,14,debt,159.74
27,18,9,debt,73.24
63,37,26,payment,174.24
138,96,42,existence,317.01
57,28,29,payment,113.05
6,2,4,payment,27.97
103,61,42,debt,222.93
11,3,8,existence,18.72
23,12,11,debt,60.79
87,22,65,existence,221.04
78,3,75,existence,178.75
155,113,42,debt,299.28
31,3,28,existence,38.89
136,111,25,existence,413.9
100,14,86,debt,203.75
157,91,66,payment,425.75
9,8,1,debt,45.14
4,4,0,existence,11.39
146,121,25,payment,462.81
47,42,5,existence,139.8
98,80,18,debt,235.95
72,19,53,existence,130.45
40,29,11,existence,111.69
11,6,5,existence,29.41
104,19,85,debt,251.46
142,41,101,existence,315.15
7,3,4,debt,30.47
74,46,28,debt,207.13
103,39,64,existence,304.94
56,44,12,debt,150.89
134,6,128,payment,252.13
125,83,42,debt,296.49
111,48,63,debt,240.9
124,25,99,payment,310.25
132,84,48,debt,344.75
52,36,16,existence,155.82
127,49,78,debt,333.05
89,39,50,debt,214.07
31,9,22,payment,89.05
50,15,35,existence,93.97
101,34,67,existence,282.94
82,6,76,payment,221.38
84,11,73,existence,167.67
153,33,120,debt,350.26
121,32,89,debt,255.24
136,23,113,debt,267.9
23,19,4,debt,78.22
6,6,0,debt,34.67
130,60,70,payment,259.59
155,118,37,debt,442.24
10,7,3,payment,36.09
20,14,6,payment,58.91
76,38,38,existence,126.51
157,61,96,debt,299.42
85,82,3,payment,211.06
74,19,55,payment,146.67
89,55,34,payment,224.76
136,52,84,existence,413.18
152,75,77,existence,358.97
7,1,6,existence,17.16
65,41,24,payment,159.36
121,100,21,existence,313.55
64,41,23,existence,131.35
119,34,85,payment,275.73
5,3,2,existence,16.78
32,29,3,debt,111.86
116,57,59,existence,314.43
69,10,59,existence,171.36
18,17,1,debt,62.55
21,2,19,existence,34.46
104,63,41,existence,261.98
2,2,0,existence,5.22
106,104,2,existence,339.56
94,14,80,debt,197.79
116,92,24,debt,261.03
30,29,1,payment,122.61
140,84,56,payment,392.35
77,39,38,debt,191.94
96,44,52,existence,236.23
54,22,32,debt,132.47
33,27,6,existence,97.28
142,37,105,existence,352.95
43,23,20,debt,136.35
37,11,26,payment,104.36
143,21,122,existence,191.56
59,16,43,existence,91.59
48,35,13,debt,147.1
59,2,57,payment,122.42
29,29,0,existence,80.85
11,5,6,payment,36.81
52,13,39,payment,97.15
36,20,16,payment,90.21
147,140,7,debt,406.25
1,1,0,existence,2.63
89,89,0,existence,289.92
116,85,31,debt,332.86
29,26,3,payment,108.6
43,37,6,existence,135.98
47,37,10,payment,109.09
82,78,4,existence,287.5
135,128,7,payment,334.29
96,55,41,debt,312.18
73,8,65,payment,189.09
32,25,7,payment,109.19
9,7,2,existence,26.42
108,48,60,debt,209.63
146,1,145,debt,229.85
6,1,5,existence,10.51
18,12,6,debt,76.11
130,58,72,payment,343.73
56,44,12,existence,159.47
121,32,89,existence,259.48
17,11,6,debt,58.56
83,45,38,payment,235.1
82,44,38,payment,195.08
74,41,33,existence,128.47
58,54,4,existence,162.63
141,136,5,payment,375.46
10,5,5,debt,35.58
46,39,7,payment,139.91
83,14,69,payment,128.6
68,24,44,existence,142.57
94,29,65,payment,176.57
92,61,31,payment,301.15
92,35,57,debt,140.25
107,89,18,debt,315.31
79,26,53,existence,168.05
117,117,0,payment,459.27
63,54,9,debt,179.94
100,83,17,debt,297.42
14,3,11,existence,25.34
17,9,8,existence,45.85
13,1,12,payment,31.98
38,35,3,debt,105.33
86,56,30,debt,163.36
108,2,106,debt,243.87
13,7,6,existence,32.06
101,37,64,existence,203.18
63,3,60,debt,119.85
54,28,26,payment,120.88
81,73,8,debt,193.84
64,11,53,payment,166.04
74,14,60,debt,166.18
141,131,10,payment,414.52
53,35,18,debt,187.56
70,25,45,existence,151.72
40,34,6,existence,94.49
136,5,131,existence,253.27
75,22,53,existence,113.59
91,51,40,payment,288.68
120,114,6,payment,364.8
67,1,66,payment,145.7
66,19,47,debt,166.07
77,20,57,existence,135.94
28,1,27,payment,71.61
115,53,62,payment,242.03
55,35,20,payment,142.7
83,59,24,debt,188.13
140,122,18,payment,424.6
118,83,35,existence,322.16
102,38,64,debt,286.55
87,65,22,debt,220.43
32,23,9,debt,99.01
131,49,82,payment,371.18
80,18,62,debt,180.57
67,1,66,payment,159.52
97,86,11,existence,267.99
88,70,18,payment,279.02
29,17,12,debt,108.54
119,107,12,payment,376.68
104,98,6,debt,317.38
154,133,21,payment,447.38
37,9,28,existence,75.53
111,24,87,existence,199.83
154,132,22,payment,475.74
68,5,63,payment,117.77
70,13,57,existence,106.53
113,59,54,debt,281.25
31,30,1,debt,105.85
66,32,34,payment,199.17
66,11,55,debt,182.95
1,1,0,payment,13.41
127,38,89,existence,206.24
28,28,0,existence,82.02
3,3,0,existence,10.26
104,65,39,payment,291.36
149,108,41,debt,320.89
46,42,4,existence,125.67
39,29,10,debt,164.91
154,140,14,payment,441.69
24,2,22,payment,54.38
94,81,13,debt,306.12
41,31,10,existence,94.92
60,59,1,payment,178.76
117,83,34,debt,326.18
105,11,94,existence,272.62
95,3,92,debt,178.31
76,45,31,existence,156.82
122,1,121,existence,220.91
154,65,89,existence,318.86
96,7,89,debt,261.74
44,5,39,debt,115.3
14,1,13,payment,34.59
25,7,18,existence,64.79
18,7,11,existence,46.03
50,16,34,payment,135.54
101,35,66,payment,277.95
13,3,10,debt,50.25
45,32,13,debt,136.92
146,130,16,payment,544.38
100,26,74,existence,231.28
126,4,122,debt,239.91
146,13,133,payment,277.64
110,39,71,payment,307.05
131,16,115,payment,314.09
8,1,7,payment,29.81
45,3,42,debt,117.81
110,93,17,existence,350.8
145,32,113,payment,342.63
124,119,5,debt,334.61
20,18,2,existence,69.66
45,33,12,debt,168.8
122,17,105,payment,181.07
93,54,39,payment,290.17
77,15,62,debt,189.01
147,44,103,debt,333.56
142,5,137,existence,346.65
44,31,13,existence,101.59
10,3,7,payment,36
103,62,41,debt,284.81
146,120,26,payment,393.55
58,29,29,payment,136.56
5,5,0,payment,23.04
111,70,41,payment,215.79
111,34,77,payment,269.52
139,55,84,debt,323.7
128,29,99,payment,293.04
25,5,20,payment,64.89
90,74,16,existence,188.72
147,46,101,existence,237.2
44,32,12,payment,112.92
56,7,49,payment,139.07
112,29,83,debt,237.56
119,86,33,debt,333.49
124,89,35,payment,328.58
118,97,21,payment,322.81
27,11,16,payment,82.36
17,6,11,debt,65.51
60,15,45,existence,165.32
144,18,126,debt,337.8
120,77,43,debt,273.03
108,86,22,payment,266.31
1,1,0,payment,17.18
28,6,22,existence,45.01
134,80,54,payment,371.78
98,58,40,existence,245.26
145,97,48,debt,372.61
78,3,75,payment,116.19
97,30,67,existence,269.48
38,18,20,debt,132.44
83,43,40,debt,244.13
143,120,23,existence,443.27
131,77,54,existence,391.92
81,6,75,debt,192.02
98,96,2,debt,297.78
56,51,5,existence,177.29
6,2,4,existence,17.32
102,97,5,payment,366.71
27,18,9,existence,54.24
156,129,27,debt,540.59
12,2,10,debt,52.7
101,16,85,debt,190.43
48,20,28,payment,121.41
62,35,27,debt,158.17
67,41,26,existence,132
62,50,12,existence,181.18
66,21,45,debt,184.14
142,106,36,existence,410.17
127,21,106,debt,181.37
106,76,30,existence,190.75
144,127,17,existence,383.21
71,33,38,payment,142.29
89,68,21,debt,295.11
149,96,53,debt,289.45
128,110,18,existence,322.12
36,11,25,payment,78.12
70,45,25,debt,145.24
2,1,1,existence,5.34
70,70,0,debt,265.89
82,42,40,payment,241.26
123,110,13,debt,470.91
153,67,86,payment,273.04
82,35,47,debt,213.02
33,16,17,existence,90.5
124,43,81,payment,346.61
18,15,3,existence,52.86
50,49,1,debt,165.72
120,78,42,debt,388.05
86,63,23,existence,172.42
15,7,8,payment,39.93
40,21,19,debt,109.38
133,69,64,debt,350.43
2,2,0,existence,5.48
67,7,60,existence,156.96
115,74,41,debt,311.86
20,15,5,existence,54.81
58,48,10,debt,199.15
149,98,51,debt,400.41
124,80,44,existence,399.72
135,97,38,debt,435.87
24,24,0,debt,72.94
36,5,31,existence,68.6
81,56,25,debt,184.26
88,22,66,existence,147.13
14,11,3,payment,40.63
85,35,50,debt,175.92
19,19,0,existence,64.96
42,2,40,payment,73.97
49,14,35,debt,115.89
57,36,21,existence,117.09
101,48,53,debt,301.3
23,1,22,existence,56.6
3,1,2,existence,6.58
136,85,51,existence,299.25
5,4,1,debt,40.8
109,77,32,payment,193.21
29,28,1,payment,100.05
7,1,6,payment,30.61
8,8,0,payment,32.71
111,15,96,payment,259.36
111,6,105,debt,196.69
116,89,27,existence,325.72
44,16,28,existence,105.48
103,103,0,debt,235.03
73,55,18,payment,205.15
18,13,5,debt,83.84
41,18,23,payment,113.28
154,12,142,debt,372.46
120,80,40,debt,366.56
30,20,10,payment,94.66
89,64,25,existence,235.99
145,109,36,debt,369.16
76,9,67,debt,171.32
90,19,71,existence,172.9
154,46,108,debt,317.37
26,13,13,payment,72.15
22,8,14,existence,39.07
29,26,3,payment,72.58
21,10,11,debt,68.8
78,30,48,existence,218.44
145,113,32,debt,343.62
53,50,3,payment,199.48
143,86,57,debt,461.04
110,66,44,existence,253.41
62,28,34,debt,147.71
147,7,140,debt,301.89
136,66,70,debt,231.58
142,70,72,debt,287.11
30,7,23,payment,80.45
145,23,122,payment,305.53
11,2,9,debt,47.44
157,145,12,debt,363.18
112,64,48,debt,253.5
13,11,2,payment,40.59
142,98,44,payment,435.94
150,124,26,payment,344.23
11,8,3,debt,43.25
10,7,3,debt,39.64
77,64,13,existence,177.02
132,26,106,existence,298.71
58,49,9,existence,170.95
53,10,43,payment,78.47
15,3,12,payment,51.26
47,16,31,debt,89.21
155,129,26,payment,499.37
103,82,21,debt,340.58
119,100,19,existence,360.99
117,115,2,payment,317.06
136,118,18,existence,287.44
32,21,11,existence,91.25
24,14,10,debt,77.68
136,107,29,debt,376.31
11,8,3,debt,51.12
90,77,13,payment,251.57
132,22,110,existence,182.66
119,86,33,payment,333.67
136,15,121,existence,341.59
121,71,50,debt,260.51
55,46,9,payment,174.3
113,97,16,payment,299.53
119,49,70,payment,349.45
91,29,62,payment,187.1
10,2,8,debt,43.73
68,47,21,debt,172.51
128,19,109,existence,304.57
117,73,44,payment,246
40,39,1,debt,139.94
18,8,10,existence,28.4
129,24,105,debt,341.9
139,69,70,payment,234.61
86,81,5,payment,220.33
110,13,97,debt,237.75
117,101,16,payment,348.25
121,6,115,existence,270.57
105,90,15,existence,305.97
92,53,39,debt,227.39
5,5,0,existence,14.95
71,62,9,payment,270.15
157,16,141,existence,306.32
138,68,70,debt,428.79
15,10,5,payment,52.06
140,133,7,debt,428.28
61,43,18,debt,216.59
95,84,11,payment,302.35
17,17,0,payment,70.04
154,62,92,existence,323.92
59,43,16,existence,142.92
132,29,103,existence,185.22
47,15,32,debt,126.7
41,21,20,existence,107.1
12,7,5,debt,54.83
38,35,3,existence,95.09
51,42,9,payment,142.21
79,40,39,debt,167.45
118,43,75,existence,258.9
82,8,74,payment,165.15
90,14,76,payment,170.79
51,3,48,payment,106.79
33,22,11,existence,74.43
57,23,34,debt,158.43
123,85,38,existence,277.77
142,62,80,payment,324.07
84,2,82,payment,190.81
3,1,2,existence,6.57
81,17,64,debt,122.17
113,49,64,debt,277.05
131,118,13,debt,346.32
57,18,39,payment,141.45
75,14,61,existence,151.33
105,37,68,existence,237.14
117,61,56,debt,319.33
99,78,21,debt,220.71
106,48,58,payment,306.74
129,109,20,existence,371.85
2,1,1,debt,28.72
97,29,68,debt,154.62
26,5,21,payment,42.44
64,55,9,payment,191.95
49,36,13,existence,145.37
132,8,124,existence,279.25
49,32,17,existence,145.38
155,139,16,payment,464.27
10,7,3,payment,47.29
118,117,1,payment,368.18
113,99,14,existence,264.61
128,11,117,payment,288.82
13,1,12,payment,42.73
28,11,17,debt,95.73
37,6,31,payment,55.35
123,109,14,payment,352.04
115,66,49,existence,204.58
6,6,0,debt,40
47,39,8,existence,107.77
82,45,37,payment,224.93
79,58,21,payment,204.31
106,99,7,existence,332.07
134,66,68,payment,228.41
113,94,19,debt,331.56
7,4,3,debt,43.01
70,19,51,payment,164
16,16,0,existence,39.09
66,27,39,payment,197.26
87,7,80,payment,191.86
15,14,1,debt,66.06
89,35,54,existence,221.94
34,32,2,payment,100.87
3,2,1,payment,20.9
93,76,17,existence,314
92,89,3,existence,181.36
32,4,28,debt,77.67
22,22,0,payment,80.09
141,115,26,payment,309.05
65,26,39,existence,179.13
123,7,116,existence,290.92
94,57,37,payment,296.4
121,31,90,existence,270.58
102,20,82,debt,282.73
94,23,71,debt,217.36
4,4,0,debt,34.52
44,38,6,existence,116.12
39,28,11,existence,76.47
68,51,17,payment,171.91
55,19,36,existence,101.15
10,10,0,existence,25.91
29,22,7,existence,92.39
133,35,98,payment,374.21
60,35,25,debt,138.13
65,49,16,existence,197.96
103,83,20,payment,365.22
44,30,14,debt,111.9
100,45,55,existence,295.32
6,4,2,existence,11.19
24,4,20,debt,64.23
37,16,21,payment,90.16
79,69,10,existence,292.06
39,9,30,debt,85.93
51,40,11,payment,184.81
26,14,12,debt,83.88
10,2,8,debt,47.97
137,8,129,debt,348.53
4,3,1,payment,20.43
88,4,84,debt,161.94
4,2,2,payment,20.81
32,2,30,debt,71.93
101,67,34,existence,336.32
28,17,11,payment,61.1
155,81,74,debt,391.25
7,4,3,debt,45.38
150,132,18,existence,350.06
116,88,28,existence,252.32
55,40,15,payment,153.09
83,47,36,payment,255.72
95,93,2,existence,273.01
146,111,35,existence,443.5
90,43,47,debt,253.78
99,76,23,payment,285.62
39,38,1,payment,119.41
36,15,21,existence,110.46
149,81,68,debt,304.56
109,1,108,existence,136.48
121,119,2,payment,287.63
63,63,0,debt,190.37
154,46,108,payment,251.07
37,15,22,debt,110.16
93,91,2,existence,226.56
116,3,113,payment,186.89
104,27,77,payment,224.77
100,80,20,existence,279.82
42,12,30,debt,124.29
42,27,15,payment,117.85
150,90,60,payment,470.19
119,83,36,payment,251.39
92,82,10,payment,318.76
43,10,33,debt,141.24
114,75,39,payment,295.08
111,57,54,payment,354.22
31,4,27,payment,83.51
143,118,25,existence,344.15
68,30,38,payment,199.5
41,29,12,payment,116.36
50,13,37,payment,136.1
11,8,3,debt,41.05
20,10,10,existence,52.47
111,40,71,debt,259.53
39,20,19,debt,97.62
140,85,55,debt,296.81
151,137,14,existence,355
131,102,29,debt,388.55
46,29,17,payment,132.84
146,137,9,existence,332.07
26,18,8,payment,82.99
144,101,43,payment,406.03
70,14,56,payment,189.67
19,18,1,payment,63.96
129,31,98,debt,246.75
107,33,74,payment,250.19
13,13,0,payment,62.22
26,24,2,payment,86.11
140,62,78,payment,390.82
80,44,36,payment,141.1
94,48,46,debt,244.4
19,16,3,debt,62.78
36,25,11,existence,85.03
14,6,8,debt,42.5
147,9,138,payment,372.07
155,23,132,existence,275.25
150,83,67,debt,275.47
84,56,28,debt,280.59
59,12,47,existence,122.52
113,95,18,debt,342.93
45,9,36,debt,132.25
61,49,12,existence,123.33
73,7,66,debt,141.37
157,132,25,debt,468.25
115,76,39,existence,271.97
92,63,29,existence,253.45
21,13,8,debt,68.01
157,69,88,existence,428.98
73,20,53,payment,171.66
49,15,34,payment,131.63
14,10,4,debt,48.94
137,12,125,debt,218.55
89,27,62,payment,185.19
71,67,4,existence,211.57
58,37,21,debt,174.55
4,1,3,existence,8.69
70,20,50,existence,157.1
47,12,35,existence,132.05
91,52,39,payment,227.13
34,2,32,debt,84.96
59,43,16,payment,140.43
125,51,74,payment,278.4
58,48,10,existence,176.47
24,20,4,existence,62.81
48,14,34,payment,125.38
27,3,24,payment,56.41
60,38,22,payment,144.35
32,10,22,existence,84.71
108,18,90,payment,199.57
108,50,58,payment,352.12
103,2,101,debt,201.31
71,11,60,existence,178.17
51,32,19,debt,138.51
44,9,35,debt,92.97
140,61,79,debt,284.9
58,12,46,existence,106.5
106,91,15,payment,336.86
118,42,76,debt,348.58
150,97,53,payment,342.76
106,11,95,debt,176.93
86,40,46,existence,177.49
108,17,91,payment,222.5
147,62,85,payment,389.42
93,10,83,debt,183.81
139,100,39,existence,438.5
76,19,57,debt,201.63
22,9,13,existence,45.83
49,46,3,payment,122.87
58,55,3,debt,189.12
40,35,5,payment,123.31
62,36,26,payment,167.12
150,104,46,existence,302.56
33,21,12,debt,106.45
21,6,15,payment,57.75
134,1,133,existence,182.46
57,56,1,existence,169
87,39,48,existence,154.27
22,9,13,existence,44.31
140,54,86,existence,277.21
54,27,27,debt,175.91
108,102,6,debt,326.52
43,6,37,payment,76.45
45,28,17,payment,137.31
132,70,62,debt,398.8
89,82,7,existence,309.17
93,63,30,payment,248.49
118,31,87,payment,271.32
32,1,31,debt,67.1
77,14,63,payment,152.22
140,53,87,debt,404.93
16,3,13,existence,43.13
148,98,50,debt,431.31
121,2,119,debt,263.6
62,50,12,payment,178.49
103,102,1,existence,318.56
73,61,12,debt,257.09
67,62,5,payment,259.29
101,59,42,existence,284.41
110,82,28,debt,413.78
132,55,77,debt,360.59
121,52,69,existence,318.56
84,27,57,existence,174.95
144,139,5,existence,488.84
52,9,43,payment,141.26
48,37,11,debt,150.63
34,34,0,debt,125.42
49,13,36,debt,99.82
93,44,49,payment,259.45
10,3,7,debt,26.4
150,49,101,existence,372.04
120,101,19,payment,273.34
50,30,20,payment,157.04
22,20,2,existence,56.36
109,46,63,existence,186.11
5,3,2,debt,33.06
122,4,118,existence,294.36
73,71,2,payment,277.55
95,57,38,existence,207.27
145,122,23,debt,380.72
140,68,72,existence,405.5
82,46,36,payment,163.67
111,78,33,existence,258.9
54,16,38,payment,106.11
15,5,10,debt,53.71
30,26,4,payment,99.37
121,90,31,payment,275.98
147,34,113,debt,246.33
40,3,37,payment,93.45
145,127,18,debt,526.31
11,10,1,debt,47.81
12,3,9,existence,27.53
24,7,17,debt,81.32
92,38,54,payment,274.62
134,63,71,payment,329.98
130,50,80,existence,292.37
150,47,103,existence,257.6
57,53,4,existence,109.46
71,60,11,debt,244.64
8,7,1,existence,15.25
137,65,72,payment,399.14
12,5,7,existence,29.63
21,16,5,existence,49.68
155,71,84,payment,481.43
58,53,5,debt,230.16
23,11,12,payment,65.65
74,33,41,existence,201.46
91,33,58,debt,193.67
77,8,69,existence,185.95
52,22,30,debt,136.12
89,21,68,existence,195.24
2,2,0,debt,29.41
138,82,56,debt,450.64
97,24,73,debt,177.26
62,53,9,existence,169.64
63,7,56,debt,157.64
50,11,39,existence,86.48
7,3,4,payment,31.32
42,32,10,existence,109.18
107,64,43,existence,282.13
150,16,134,payment,280.05
55,3,52,debt,136.71
11,3,8,debt,49.96
39,32,7,existence,120.28
27,26,1,debt,91.28
81,42,39,payment,142.03
35,21,14,existence,68.17
52,49,3,debt,195.96
20,12,8,debt,55.43
9,5,4,payment,39.41
65,65,0,debt,237.41
151,21,130,existence,260.55
73,64,9,existence,164.63
64,32,32,debt,184.23
131,117,14,debt,317.96
79,65,14,payment,243.55
134,31,103,existence,380.08
35,8,27,debt,96.52
87,30,57,payment,192.01
19,14,5,payment,51.18
15,5,10,payment,55.15
141,137,4,debt,492.84
144,71,73,debt,409.23
131,25,106,debt,284.64
82,67,15,existence,204.46
2,1,1,existence,5.84
86,56,30,debt,256.54
18,17,1,payment,62.62
94,47,47,existence,272.67
132,1,131,debt,236.58
30,21,9,existence,83.01
78,63,15,existence,185.45
13,3,10,debt,39.77
100,12,88,payment,267.67
76,73,3,payment,256.26
87,59,28,debt,199.16
5,3,2,existence,14.87
43,26,17,existence,112.69
85,64,21,existence,249.37
120,88,32,payment,402.87
114,48,66,payment,215.83
82,49,33,payment,242.26
89,28,61,debt,191.76
100,61,39,payment,294.52
61,17,44,payment,188.06
149,59,90,debt,282.27
115,66,49,debt,251.47
115,111,4,existence,291.6
18,8,10,debt,58.85
11,1,10,debt,41.42
79,29,50,payment,179.38
74,20,54,payment,150.86
150,124,26,existence,448.79
36,16,20,payment,117.85
53,26,27,payment,155.14
26,14,12,existence,42.61
27,10,17,existence,42.66
129,12,117,debt,236.36
124,54,70,payment,308.77
113,65,48,payment,303.23
75,41,34,existence,170.68
126,125,1,debt,426.83
112,65,47,debt,320.62
150,76,74,payment,296.96
65,38,27,debt,165.53
124,118,6,debt,354.26
35,5,30,debt,101.5
153,88,65,payment,300.06
14,6,8,existence,41.21
32,2,30,existence,52.72
75,20,55,payment,151.45
71,27,44,existence,158.44
111,88,23,debt,303.23
14,8,6,existence,31.77
105,95,10,debt,276.58
11,9,2,existence,29.5
109,72,37,debt,289.56
103,70,33,payment,286.1
140,33,107,debt,302.06
11,11,0,debt,48.7
97,41,56,payment,302.86
34,27,7,debt,88.83
7,6,1,payment,29.28
19,8,11,payment,61.28
33,5,28,existence,58.81
129,31,98,existence,339.17
132,131,1,debt,443.44
107,104,3,payment,295.59
155,45,110,debt,402.15
28,18,10,existence,58.94
43,7,36,existence,116.14
98,78,20,debt,321.52
37,16,21,debt,104.37
138,124,14,existence,353.12
79,79,0,debt,246.15
13,10,3,payment,40.65
137,24,113,debt,272.1
82,31,51,payment,235.43
59,2,57,existence,116.3
62,8,54,payment,105.07
55,42,13,existence,195.53
70,48,22,debt,189.47
55,15,40,debt,167.88
120,107,13,payment,285.81
54,36,18,debt,170.32
73,31,42,debt,195
125,73,52,payment,357.69
29,18,11,payment,98.97
69,47,22,payment,181.87
137,131,6,debt,389.35
38,3,35,debt,89.84
124,42,82,payment,384.77
28,6,22,payment,65.4
7,5,2,debt,48.96
116,102,14,payment,321.64
46,17,29,payment,117.58
71,6,65,payment,165.22
64,54,10,existence,151.02
75,53,22,debt,246.91
38,2,36,payment,98.06
17,7,10,debt,59.77
15,8,7,existence,25.96
134,10,124,payment,316.65
79,29,50,existence,133.66
101,95,6,existence,344.9
62,20,42,debt,116.91
18,1,17,payment,35.26
148,69,79,existence,373.44
146,145,1,existence,420.29
60,28,32,payment,188.09
59,54,5,existence,181.16
26,14,12,payment,64.32
130,12,118,existence,170.79
18,4,14,existence,32.22
124,85,39,payment,256.62
151,20,131,existence,368.15
39,35,4,payment,117.87
44,19,25,payment,105.33
56,9,47,payment,127.64
35,1,34,payment,65.81
61,35,26,payment,130.62
66,62,4,existence,206.43
107,64,43,existence,248.94
22,2,20,debt,76.42
47,44,3,existence,119.99
132,119,13,debt,378.1
124,53,71,debt,299.35
83,56,27,payment,289.38
57,44,13,existence,159.09
44,16,28,existence,85.53
112,54,58,payment,237.75
155,110,45,existence,464.56
4,3,1,existence,12.12
22,20,2,payment,74.74
73,42,31,payment,207.11
82,8,74,payment,206.65
39,22,17,payment,88.53
59,3,56,debt,133.49
76,9,67,existence,189.71
99,14,85,payment,259.52
98,17,81,debt,171.28
25,22,3,existence,64.49
49,30,19,payment,140.32
104,102,2,debt,278.57
131,2,129,payment,294.82
44,2,42,debt,94.85
100,99,1,payment,269.23
145,10,135,payment,274.97
66,31,35,existence,158.37
114,60,54,payment,334.86
146,82,64,payment,408.14
34,22,12,payment,102.55
15,12,3,debt,65.59
27,11,16,payment,75.08
17,11,6,existence,41.13
41,38,3,existence,93.8
30,4,26,debt,65.92
112,41,71,payment,235.64
2,1,1,debt,30.55
125,27,98,existence,238.14
73,15,58,debt,160.9
119,52,67,existence,247.53
10,8,2,debt,37.99
80,20,60,payment,152.37
85,2,83,payment,153.32
149,44,105,debt,411.34
13,11,2,debt,62.94
144,68,76,debt,380.96
6,2,4,existence,16.06
13,10,3,payment,43.14
14,6,8,debt,62.11
48,26,22,existence,133.57
98,62,36,debt,264.5
149,77,72,existence,413.3
125,96,29,existence,281.18
153,62,91,existence,428.12
91,18,73,existence,208.46
37,24,13,payment,135.56
118,69,49,payment,349.22
78,33,45,existence,139.31
40,39,1,existence,133.99
133,120,13,debt,437.99
90,44,46,payment,169.59
33,32,1,payment,117.42
22,22,0,debt,58.42
25,19,6,existence,68.01
42,42,0,payment,104.65
123,117,6,payment,469.58
60,51,9,payment,230.66
82,57,25,debt,199.5
48,1,47,payment,111.45
37,8,29,payment,77.72
70,43,27,debt,209.5
156,128,28,debt,424.57
115,8,107,payment,190.12
117,57,60,debt,235.97
38,32,6,payment,100.35
59,50,9,debt,214.93
3,3,0,payment,18.64
89,54,35,payment,271.56
134,24,110,payment,244.33
142,29,113,debt,299.02
5,2,3,debt,38.7
10,4,6,existence,23.91
77,28,49,debt,219.82
141,39,102,debt,258.33
94,91,3,debt,273.29
132,29,103,existence,217.38
59,35,24,debt,155.45
60,43,17,debt,195.74
36,26,10,payment,99.18
113,5,108,debt,269.46
85,30,55,payment,194.09
26,11,15,existence,53.41
141,69,72,payment,341.6
116,30,86,debt,270.34
84,41,43,existence,244.56
108,39,69,payment,224.34
17,1,16,payment,49.05
92,4,88,payment,120.71
79,12,67,debt,199.1
32,31,1,debt,85.37
7,2,5,existence,10.65
37,18,19,debt,96.12
10,1,9,payment,32.4
111,7,104,debt,199.83
52,45,7,existence,144.32
74,41,33,payment,219.08
78,76,2,existence,218.93
72,65,7,existence,252.12
97,75,22,payment,304.78
36,13,23,payment,75.54
84,19,65,debt,150.51
125,27,98,payment,269.98
93,93,0,existence,198.97
11,11,0,debt,59.61
136,23,113,existence,296.37
153,66,87,debt,289.88
52,34,18,payment,119.51
19,17,2,debt,77.46
56,23,33,existence,125.77
115,72,43,payment,289.4
19,5,14,existence,50.39
145,136,9,existence,451.76
52,28,24,debt,120.97
151,115,36,payment,488.04
22,19,3,payment,74.92
11,7,4,existence,23.59
26,6,20,debt,87.15
22,19,3,existence,75.61
5,3,2,payment,29
1,1,0,debt,25.5
67,15,52,existence,130.69
33,5,28,existence,63.39
54,2,52,payment,80.61
93,39,54,existence,244.55
58,10,48,payment,148.24
106,23,83,payment,195.18
35,25,10,debt,92.63
4,3,1,debt,24.68
55,49,6,existence,179.47
149,27,122,payment,318.16
74,29,45,debt,208.34
21,13,8,existence,41.05
103,98,5,existence,361
34,14,20,debt,103.72
8,8,0,debt,53.78
30,27,3,payment,114.53
40,37,3,debt,147.14
18,7,11,debt,56.84
57,50,7,payment,177.06
130,113,17,existence,451.62
73,4,69,payment,124.83
36,25,11,payment,112.55
28,18,10,payment,71.48
121,110,11,debt,249.36
105,15,90,payment,246.54
62,13,49,existence,118.95
100,8,92,payment,190.2
2,1,1,debt,16.74
35,32,3,existence,101.74
94,42,52,payment,229.59
62,13,49,existence,103.92
136,129,7,existence,395.79
47,29,18,payment,122.73
82,6,76,payment,196.81
148,121,27,debt,485.98
126,114,12,payment,324.51
93,49,44,existence,262.92
83,21,62,debt,225.29
99,26,73,existence,210.78
123,67,56,payment,345.9
134,123,11,payment,279.11
52,2,50,payment,123.3
102,67,35,debt,214.75
18,9,9,existence,54.26
74,49,25,existence,138.88
124,101,23,debt,360.58
70,26,44,payment,216.89
59,26,33,existence,133.49
88,24,64,debt,144.67
29,21,8,payment,95.08
142,120,22,payment,429.13
84,25,59,existence,184.99
46,28,18,existence,81.13
27,22,5,payment,81.24
36,21,15,payment,87.42
52,41,11,debt,162.12
110,58,52,payment,239.25
148,83,65,debt,371.54
109,57,52,existence,212.41
132,39,93,payment,362.06
108,21,87,existence,224.95
39,3,36,existence,50.35
26,13,13,existence,72.92
46,25,21,payment,111
1,1,0,payment,10.64
61,37,24,debt,119.57
63,40,23,payment,182.01
104,32,72,payment,281.13
3,2,1,debt,32.23
98,8,90,debt,203.15
109,80,29,payment,366.6
79,53,26,payment,169.99
49,49,0,existence,110.87
12,8,4,debt,54.26
40,32,8,existence,98.95
106,17,89,payment,278.67
106,16,90,existence,158.1
109,92,17,debt,268.35
154,14,140,debt,225.41
86,25,61,existence,184.56
42,38,4,debt,128.28
26,17,9,payment,67.28
73,73,0,existence,211.8
138,13,125,payment,283.86
21,6,15,existence,37.36
104,59,45,debt,226.44
57,30,27,existence,125.15
92,23,69,debt,218.63
136,64,72,payment,334.65
131,118,13,debt,360.97
63,18,45,debt,174.14
122,110,12,existence,314.77
130,120,10,debt,354.75
82,58,24,payment,234.83
66,56,10,debt,202.63
150,93,57,existence,430.48
95,84,11,debt,259.8
75,1,74,existence,177.84
2,2,0,debt,28.08
63,25,38,payment,191.46
99,5,94,existence,202.07
60,2,58,debt,167
140,101,39,existence,377.63
33,8,25,debt,66.15
14,5,9,payment,41.86
31,26,5,payment,78.72
125,104,21,payment,387.49
32,29,3,debt,135.02
126,64,62,debt,245.8
67,30,37,existence,106.39
156,151,5,debt,503.08
73,73,0,debt,222.24
82,2,80,existence,174.11
22,17,5,debt,78
40,14,26,payment,120.26
29,5,24,payment,53.57
75,46,29,existence,134.78
153,33,120,payment,326.1
6,1,5,existence,14.39
106,74,32,existence,235.4
49,32,17,existence,149.59
47,30,17,existence,135.45
62,13,49,debt,145.9
37,31,6,existence,65.36
69,29,40,payment,155.5
93,4,89,debt,160.56
20,19,1,payment,69.94
114,102,12,existence,344.42
13,11,2,payment,42.8
89,59,30,existence,283.91
118,88,30,debt,344.94
36,8,28,debt,66.66
123,117,6,existence,405.13
148,7,141,debt,226.27
143,66,77,existence,283.03
26,3,23,debt,59.62
119,39,80,debt,263.59
146,40,106,existence,331.93
26,15,11,payment,72.37
145,57,88,existence,393.86
6,2,4,existence,11.34
85,36,49,payment,273.19
49,16,33,existence,119.12
105,88,17,debt,350.52
139,85,54,existence,414.83
129,114,15,payment,333.58
140,125,15,payment,330.75
48,35,13,existence,157.46
56,20,36,existence,92.77
127,119,8,payment,355.38
152,152,0,existence,519.09
144,42,102,payment,309.82
102,4,98,payment,257.88
41,20,21,payment,132.26
73,29,44,payment,185.08
100,59,41,payment,273.07
51,45,6,debt,119.18
30,17,13,debt,86.07
53,49,4,existence,181.66
13,3,10,existence,34.62
111,3,108,payment,174.9
142,53,89,debt,279.32
114,69,45,debt,223.42
45,12,33,debt,117.19
114,78,36,payment,297.53
63,47,16,debt,211.04
96,32,64,payment,158.3
118,3,115,payment,306.11
61,21,40,existence,111.91
118,74,44,existence,257.98
157,118,39,payment,451.33
7,7,0,debt,49.71
37,6,31,debt,90.57
63,56,7,existence,169.73
138,70,68,payment,387.27
70,27,43,debt,187.57
25,24,1,payment,97.59
37,28,9,payment,102.21
88,60,28,debt,260.59
134,38,96,existence,368.28
67,27,40,payment,190.46
86,37,49,debt,258.07
132,26,106,debt,275.83
58,44,14,payment,189.63
45,10,35,payment,71.89
22,5,17,existence,60.13
72,6,66,existence,92.53
145,3,142,existence,349.97
42,34,8,debt,111.37
106,24,82,payment,266.78
51,21,30,existence,99.35
15,7,8,existence,40.16
16,12,4,payment,44.37
99,11,88,debt,231.49
71,61,10,payment,205.32
128,48,80,debt,314.25
135,66,69,payment,314.34
150,66,84,debt,491.34
31,17,14,existence,90.45
70,48,22,payment,217.04
67,42,25,existence,176.21
31,25,6,debt,124.18
95,38,57,existence,275.65
51,5,46,debt,87.55
47,8,39,existence,82.67
74,29,45,existence,166.55
148,143,5,debt,324.53
82,51,31,existence,214.45
142,34,108,existence,254.84
44,14,30,debt,98.56
80,3,77,existence,180.54
37,18,19,payment,86.84
95,39,56,debt,228.7
71,26,45,existence,123.55
104,16,88,payment,229.47
148,70,78,existence,413.73
148,102,46,existence,410.12
147,93,54,existence,455.86
37,34,3,payment,79.55
130,9,121,debt,211.26
71,6,65,debt,120.65
15,2,13,payment,51.35
61,29,32,debt,135.31
131,10,121,debt,301.36
128,37,91,payment,368.95
142,43,99,existence,242.82
1,1,0,payment,9.52
107,40,67,payment,274.77
84,32,52,existence,195.69
70,55,15,existence,184.33
98,6,92,payment,181.8
16,4,12,debt,32.15
136,96,40,existence,371
63,40,23,payment,213.37
16,13,3,debt,70.65
92,43,49,payment,196.89
4,2,2,existence,8.35
98,79,19,payment,217.4
72,32,40,payment,170.53
30,17,13,debt,83
110,73,37,existence,230.46
101,5,96,payment,222.47
71,40,31,existence,199.46
27,8,19,existence,47.89
62,5,57,debt,115.88
8,1,7,payment,23.69
128,21,107,debt,323.68
2,2,0,existence,6.59
152,88,64,existence,294.63
23,17,6,debt,82.2
149,122,27,debt,535.93
45,10,35,payment,136.73
49,42,7,payment,112.31
20,5,15,debt,60.91
122,98,24,debt,369.66
105,45,60,existence,278.63
4,2,2,existence,9.02
17,14,3,debt,69.82
157,101,56,debt,317.36
75,47,28,existence,188.81
66,61,5,debt,224.31
47,9,38,payment,106.68
153,60,93,debt,327.71
84,10,74,existence,206.88
56,39,17,existence,167.16
146,19,127,debt,223.79
52,14,38,payment,157.44
25,15,10,debt,77.28
83,63,20,debt,241.74
52,28,24,payment,165.62
21,2,19,payment,33.39
92,37,55,debt,252.35
32,25,7,existence,81.6
116,90,26,existence,399.46
105,6,99,debt,211.62
92,85,7,debt,249.75
133,117,16,debt,288.02
42,4,38,payment,73.34
154,29,125,payment,292.09
141,8,133,payment,254.73
31,19,12,payment,78.73
65,5,60,debt,178
130,98,32,existence,386.27
36,17,19,debt,102.59
37,37,0,debt,150.29
29,29,0,payment,77.22
33,14,19,existence,97.59
42,14,28,existence,92.49
95,16,79,debt,245.37
57,22,35,payment,180.46
26,1,25,existence,55.12
44,7,37,debt,105.18
72,55,17,payment,193.07
113,93,20,existence,307.64
119,103,16,payment,310.4
29,7,22,payment,72.32
122,30,92,payment,309.61
91,9,82,payment,147.64
125,114,11,payment,405.69
130,112,18,debt,356.21
5,3,2,debt,27.11
10,1,9,existence,19.55
60,9,51,payment,133.27
19,12,7,existence,58.05
28,25,3,debt,112.27
116,109,7,existence,370.26
137,63,74,existence,292.17
87,24,63,existence,155.03
117,45,72,debt,279.86
103,81,22,debt,282.66
88,63,25,existence,274.07
57,30,27,payment,190.72
27,25,2,existence,67.8
106,37,69,debt,189.21
116,29,87,debt,225.63
128,58,70,payment,367.36
78,21,57,debt,241.23
143,37,106,payment,349.7
110,76,34,existence,286.06
21,18,3,debt,85.39
98,58,40,existence,271.19
35,16,19,existence,73.81
73,23,50,payment,193.1
24,16,8,payment,78.64
127,19,108,existence,178.69
34,27,7,payment,123.57
145,130,15,debt,487.81
54,16,38,payment,131.01
14,10,4,payment,37.17
55,43,12,existence,131.17
68,51,17,existence,200.1
153,143,10,payment,440.5
141,136,5,existence,279.09
122,34,88,existence,342.17
149,4,145,debt,326.02
113,94,19,debt,387.88
45,30,15,debt,124.78
112,59,53,payment,328.95
18,1,17,payment,50.22
57,43,14,payment,137.7
95,55,40,existence,218.31
63,43,20,debt,142.86
147,46,101,payment,280.42
101,67,34,existence,273.2
61,55,6,debt,204.63
140,124,16,debt,328.43
132,36,96,payment,362.68
47,6,41,debt,127.8
68,33,35,debt,152.42
62,52,10,payment,187.81
7,7,0,debt,36.36
147,133,14,payment,305.86
37,28,9,payment,135.28
59,22,37,existence,105.64
56,53,3,debt,219.12
60,35,25,payment,198.79
75,22,53,payment,171.51
94,39,55,debt,251.68
145,95,50,payment,455.22
57,20,37,payment,103.07
109,22,87,payment,170.5
67,41,26,debt,237.42
17,6,11,existence,25.97
72,1,71,payment,120.58
28,23,5,payment,85.57
150,37,113,debt,304.86
119,80,39,payment,294.84
8,6,2,debt,26.49
20,3,17,debt,53.86
116,29,87,debt,251.44
92,76,16,existence,243.57
68,17,51,payment,165.51
9,2,7,payment,28.27
32,13,19,debt,105.05
69,20,49,existence,139.68
154,120,34,existence,289.61
136,50,86,debt,334.81
86,50,36,payment,218.53
34,1,33,payment,83.04
63,15,48,existence,122.99
152,80,72,payment,294.77
22,22,0,payment,65.33
48,39,9,existence,103.49
8,6,2,payment,37.24
102,19,83,payment,241.43
10,6,4,payment,46.31
139,53,86,payment,397.13
31,26,5,debt,111.84
12,1,11,existence,23.61
89,2,87,debt,170.93
137,9,128,existence,320
80,16,64,debt,168.34
23,11,12,existence,42.54
31,21,10,payment,107.32
51,3,48,debt,139.34
2,1,1,debt,19.02
43,40,3,existence,114.35
29,6,23,debt,86.06
120,10,110,payment,251.6
149,100,49,debt,410.99
148,139,9,payment,390.43
46,1,45,existence,93.66
71,37,34,debt,214.94
43,27,16,debt,148.42
73,63,10,debt,279.92
6,6,0,debt,29.36
94,42,52,existence,206.17
119,100,19,debt,441.47
70,18,52,existence,115.86
102,40,62,existence,254.17
24,22,2,existence,64.74
83,12,71,debt,193.42
108,72,36,existence,348.12
30,1,29,payment,83.48
97,10,87,debt,213.86
17,1,16,debt,56.14
150,8,142,existence,214.63
31,13,18,payment,92.83
100,6,94,payment,141.67
70,66,4,payment,198.38
82,38,44,existence,169.55
48,7,41,debt,140.35
47,20,27,debt,92.91
156,107,49,debt,338.61
76,18,58,existence,107.32
4,1,3,debt,24.7
133,48,85,debt,282.53
38,33,5,payment,147.44
70,60,10,existence,176.21
40,40,0,payment,142.72
104,70,34,debt,247.25
148,60,88,payment,289.93
60,41,19,existence,119.9
9,8,1,payment,29.54
142,133,9,debt,417.75
38,15,23,payment,87.6
67,3,64,existence,117.18
1,1,0,payment,12.32
2,2,0,payment,23.91
61,26,35,debt,129.37
21,5,16,debt,81.48
12,4,8,debt,38.22
104,24,80,existence,285
95,65,30,existence,244.19
78,21,57,payment,136.9
63,32,31,existence,118.41
81,32,49,payment,216.65
84,42,42,payment,182.33
111,79,32,debt,253.86
112,38,74,payment,214.42
76,64,12,existence,167.22
151,35,116,existence,392.37
81,9,72,existence,167.4
25,15,10,existence,57.4
19,10,9,existence,50.38
62,46,16,payment,120.78
54,24,30,existence,130.03
134,65,69,debt,406.61
102,42,60,debt,202.44
12,7,5,debt,50.08
27,13,14,payment,83.49
122,101,21,debt,410.01
23,14,9,debt,53.56
124,41,83,debt,308.59
34,18,16,debt,92.4
36,12,24,payment,70.75
14,10,4,debt,59.26
54,2,52,existence,80.73
156,8,148,debt,279.98
43,28,15,payment,146.68
1,1,0,existence,2.61
14,12,2,existence,34.27
125,106,19,payment,328.64
34,13,21,existence,59.09
136,61,75,debt,343.17
40,12,28,payment,116.88
69,60,9,debt,258.02
25,16,9,debt,82.42
56,9,47,existence,91.7
117,109,8,existence,378.58
139,104,35,debt,352.27
129,125,4,debt,488.72
81,19,62,existence,132.54
20,12,8,debt,67.7
74,31,43,debt,225.63
70,69,1,existence,225.76
124,96,28,debt,273.51
23,21,2,payment,87.08
50,30,20,payment,152.06
99,26,73,debt,204.43
103,37,66,payment,237.72
87,87,0,debt,267.89
142,94,48,debt,346.45
156,97,59,payment,338.81
135,132,3,payment,466.1
59,29,30,debt,183.12
52,47,5,debt,204.09
84,7,77,debt,185.42
106,26,80,debt,312.58
111,27,84,payment,285.39
156,91,65,payment,334.12
97,83,14,debt,301.39
91,73,18,debt,234.95
14,14,0,payment,56.1
15,10,5,debt,70.74
104,4,100,payment,213.96
94,35,59,existence,265.05
42,30,12,payment,141.64
154,110,44,existence,420.72
44,20,24,debt,119.08
91,5,86,existence,139.68
99,1,98,payment,234.24
15,8,7,debt,56.5
79,67,12,existence,261.48
137,21,116,debt,332.56
45,41,4,existence,102.26
121,91,30,debt,411.59
65,31,34,payment,195.53
50,27,23,payment,152.14
135,93,42,payment,389.13
15,8,7,existence,38.68
44,34,10,payment,131.29
32,19,13,debt,103.07
155,8,147,debt,298.1
65,29,36,payment,170.54
77,15,62,existence,194.34
126,35,91,existence,253.26
43,23,20,payment,126.56
57,33,24,existence,103.6
58,51,7,payment,193.82
69,64,5,payment,231.33
4,4,0,payment,18.1
66,10,56,existence,101.23
33,5,28,debt,104.42
65,25,40,existence,151.79
26,6,20,existence,42.04
18,17,1,existence,55.73
38,36,2,payment,133.29
67,37,30,debt,189.52
8,1,7,existence,15.69
80,47,33,debt,185.75
26,4,22,payment,74.12
64,63,1,debt,185.16
122,82,40,existence,236.73
72,23,49,existence,179.23
149,127,22,debt,355.41
58,58,0,payment,180.09
111,45,66,existence,194.66
135,27,108,existence,265.87
6,2,4,debt,24.58
60,31,29,debt,178.54
25,7,18,debt,63.03
142,119,23,payment,524.41
110,11,99,existence,272.8
28,2,26,debt,67.72
145,95,50,existence,320.34
12,2,10,payment,43.28
32,13,19,debt,98.8
81,15,66,debt,168
74,2,72,debt,132.58
114,8,106,payment,219.86
145,95,50,debt,409.4
52,14,38,existence,115.34
10,5,5,existence,26.26
114,106,8,debt,372.09
139,21,118,payment,300.21
79,20,59,existence,197.32
42,14,28,debt,105.07
127,113,14,debt,435.13
89,25,64,debt,168.31
2,2,0,debt,30.56
46,4,42,existence,100.82
55,13,42,debt,151.51
53,48,5,debt,169.91
2,2,0,existence,4.94
19,2,17,debt,47.74
67,28,39,payment,142.68
115,63,52,existence,300.94
75,48,27,payment,199.94
22,20,2,payment,73.58
9,2,7,payment,38.66
7,1,6,debt,36.88
39,39,0,debt,139.5
4,4,0,debt,39.84
67,58,9,payment,181.84
130,97,33,debt,372.72
6,2,4,payment,24.38
95,27,68,debt,221.5
39,38,1,payment,135.23
71,36,35,debt,171.58
115,11,104,payment,160.3
139,30,109,debt,328.96
143,46,97,payment,341.49
157,1,156,payment,302.7
25,15,10,debt,76.2
155,142,13,debt,545.18
118,68,50,existence,253.12
87,77,10,existence,187.57
64,2,62,debt,122.2
111,6,105,debt,259.12
128,35,93,payment,371.47
143,1,142,payment,333.56
125,70,55,debt,361.21
43,40,3,payment,149.61
114,56,58,payment,267.22
47,35,12,payment,154.13
90,9,81,existence,188.54
122,68,54,existence,266.39
125,114,11,payment,277.68
93,32,61,debt,253.28
154,65,89,existence,360.22
60,24,36,existence,148.73
25,13,12,debt,93.14
90,41,49,existence,153.57
154,11,143,existence,274.78
60,59,1,debt,181.76
141,109,32,payment,357.72
42,19,23,existence,71.21
149,41,108,debt,311.44
127,115,12,debt,335.76
41,18,23,debt,89.21
1,1,0,existence,3.26
121,93,28,payment,280.1
10,5,5,debt,51.39
102,66,36,payment,315.29
109,8,101,existence,210.69
107,55,52,existence,283.9
69,62,7,debt,248.76
65,65,0,existence,241
67,66,1,payment,221.84
82,28,54,existence,195.07
84,6,78,payment,191.49
17,9,8,existence,46.33
149,7,142,debt,389.62
140,131,9,payment,350.02
85,5,80,existence,157.95
76,37,39,existence,175.96
108,22,86,debt,202.13
129,46,83,debt,374.83
41,19,22,debt,140.87
139,122,17,debt,390.18
141,141,0,payment,411.68
113,65,48,payment,301.38
108,5,103,debt,216.79
88,43,45,existence,205.99
67,23,44,existence,136.86
144,42,102,existence,234.71
155,81,74,existence,332.29
28,10,18,debt,94.21
116,112,4,payment,260.04
63,55,8,existence,197.71
142,29,113,existence,364.95
133,58,75,debt,319.64
153,71,82,debt,386.46
132,60,72,payment,357.95
51,11,40,existence,77.6
52,28,24,existence,141.65
17,12,5,existence,43.71
71,55,16,existence,205.77
107,10,97,existence,234.55
17,16,1,debt,64.87
30,4,26,payment,74.72
3,3,0,debt,34.59
92,34,58,existence,160.66
58,26,32,debt,179.62
150,125,25,payment,325.29
86,10,76,debt,237.4
109,101,8,payment,393.02
135,86,49,debt,320.97
45,37,8,debt,126.82
121,94,27,payment,302.12
46,17,29,debt,95.67
101,76,25,payment,353.57
146,15,131,debt,227.27
66,16,50,payment,149.51
147,91,56,payment,501.19
138,13,125,existence,275
33,12,21,debt,96.1
117,30,87,payment,229.62
93,44,49,existence,259.34
103,59,44,debt,228.46
100,64,36,debt,330.27
13,12,1,debt,54.38
81,11,70,payment,189.38
157,87,70,existence,292.58
152,54,98,payment,421.35
54,15,39,payment,110.31
8,2,6,payment,33.05
151,41,110,payment,402.61
3,3,0,debt,14.91
140,95,45,payment,436.67
32,22,10,debt,108.87
63,10,53,existence,154.5
72,53,19,debt,243.14
13,3,10,existence,33.31
76,20,56,existence,141.38
79,51,28,debt,274.77
124,5,119,payment,247.38
49,8,41,payment,100.88
15,14,1,payment,53.92
144,122,22,existence,350.1
68,53,15,payment,249.99
154,134,20,payment,432.15
137,60,77,existence,309.36
147,68,79,existence,370.59
101,38,63,existence,268.73
120,14,106,existence,186.96
142,88,54,payment,459
87,44,43,existence,243.34
21,18,3,existence,75.21
115,97,18,payment,360.46
78,13,65,debt,159.65
32,20,12,existence,84.11
39,9,30,payment,59.66
64,44,20,existence,150.55
134,117,17,payment,397.81
55,47,8,payment,180.94
31,1,30,debt,73.37
17,3,14,existence,39.63
72,46,26,payment,223.15
74,71,3,debt,215.82
98,54,44,payment,213.81
42,32,10,debt,134.99
11,7,4,payment,36.27
50,34,16,existence,148.07
58,32,26,debt,128.65
24,10,14,payment,71.63
96,96,0,existence,209.56
63,33,30,debt,207.7
79,34,45,payment,155.58
4,1,3,debt,31.48
62,43,19,payment,177.22
134,106,28,debt,403.31
94,24,70,debt,173.64
79,79,0,debt,295.83
40,15,25,payment,78.69
133,68,65,debt,291.08
14,10,4,existence,40.83
147,61,86,debt,331.31
6,3,3,existence,13.8
128,98,30,debt,426.02
50,28,22,debt,131.08
101,21,80,payment,166.95
37,19,18,payment,100.41
74,5,69,payment,148.53
80,72,8,existence,258.73
39,24,15,existence,75.74
75,67,8,existence,189.06
96,85,11,existence,291.25
66,61,5,debt,179.24
102,57,45,debt,246.81
49,49,0,payment,123.34
38,15,23,existence,100.6
117,33,84,payment,298.33
98,60,38,debt,331.5
146,39,107,payment,394.82
101,34,67,payment,263.29
98,60,38,payment,321.55
64,43,21,debt,177.46
92,73,19,debt,287.24
138,105,33,existence,446.33
86,52,34,existence,211.36
143,22,121,debt,213.94
6,5,1,payment,27.63
84,67,17,debt,277.7
112,74,38,existence,306.56
150,106,44,payment,454.94
53,12,41,existence,113.55
95,90,5,existence,282.84
130,39,91,existence,324.06
8,1,7,debt,37.57
112,74,38,payment,226.36
128,72,56,payment,343.93
107,107,0,existence,326.75
72,50,22,payment,208.58
104,26,78,debt,172.25
157,6,151,debt,272.36
91,42,49,payment,207.96
71,32,39,existence,127.51
120,74,46,debt,386.89
73,22,51,debt,188.64
129,60,69,existence,362.53
71,37,34,debt,181.15
101,60,41,existence,306.24
1,1,0,existence,2.05
134,39,95,debt,217.82
83,65,18,existence,196.76
123,122,1,payment,437.66
61,55,6,debt,238.36
8,2,6,debt,41.61
93,32,61,payment,194.71
103,23,80,debt,174.37
20,1,19,debt,47.73
118,24,94,payment,238
130,79,51,payment,342.82
58,31,27,debt,170.38
77,64,13,debt,191.24
91,82,9,existence,288.2
115,88,27,debt,314.14
60,30,30,debt,148.04
85,65,20,existence,167.82
61,12,49,debt,106.72
116,36,80,payment,237.52
77,36,41,debt,207.49
15,9,6,debt,67.64
69,14,55,debt,214.37
120,110,10,existence,331.92
131,81,50,payment,314.94
101,15,86,debt,192.89
118,13,105,existence,168.68
155,79,76,debt,398.1
4,1,3,debt,39.59
74,69,5,payment,182.67
23,9,14,debt,72.82
141,89,52,payment,359.95
151,79,72,payment,429.61
108,16,92,debt,223.94
110,65,45,debt,315.68
137,18,119,debt,273.16
54,7,47,debt,147.68
117,31,86,debt,291.4
104,84,20,payment,215.35
137,38,99,debt,357.64
36,19,17,existence,68.99
96,44,52,payment,240.52
50,28,22,debt,146.44
113,69,44,existence,239.84
99,28,71,debt,170.36
7,2,5,existence,19
111,3,108,debt,156.58
90,74,16,existence,309.92
66,1,65,existence,99.39
58,35,23,debt,193.11
111,86,25,existence,260.43
12,3,9,debt,30.17
14,10,4,payment,48.05
9,4,5,existence,22.33
74,51,23,debt,193.07
7,4,3,payment,21.99
64,37,27,existence,151.85
155,97,58,existence,357.87
5,1,4,debt,26.31
153,114,39,debt,346.88
64,11,53,payment,122.61
49,31,18,existence,99.31
8,5,3,payment,32.65
112,112,0,existence,330.91
53,31,22,existence,146.63
121,97,24,existence,364.61
37,33,4,existence,77.58
102,3,99,existence,207.69
107,87,20,debt,262.8
130,103,27,existence,430.5
22,17,5,payment,76.59
35,12,23,debt,86.41
17,4,13,payment,47.45
59,56,3,payment,151.05
93,86,7,payment,298.63
131,61,70,debt,379.31
43,41,2,debt,159.88
130,2,128,existence,265.29
156,54,102,payment,299.52
143,92,51,debt,382.04
28,24,4,payment,77.17
123,36,87,existence,235.8
106,54,52,payment,240.73
3,2,1,payment,20.08
90,59,31,existence,197.61
148,135,13,payment,480.51
140,114,26,debt,397.84
104,37,67,debt,303.75
10,4,6,existence,25.17
36,32,4,payment,112.65
110,54,56,payment,288.17
47,7,40,payment,116.72
32,5,27,debt,86.96
69,39,30,payment,233.6
106,5,101,payment,259.85
7,4,3,payment,35.42
140,105,35,existence,370.2
47,10,37,existence,84.17
23,19,4,payment,60.85
9,3,6,debt,46.51
115,42,73,existence,228.98
10,7,3,debt,45.1
114,102,12,debt,383.63
16,3,13,debt,46.96
41,18,23,payment,78.32
116,69,47,existence,300.76
119,86,33,debt,400.2
25,16,9,existence,49.26
31,18,13,existence,87.93
131,28,103,existence,257.64
102,27,75,payment,162.98
144,7,137,existence,211.31
9,9,0,debt,45.8
147,39,108,debt,278.69
77,8,69,debt,212.67
138,3,135,existence,292.92
54,17,37,debt,166.4
155,54,101,payment,405.2
6,2,4,existence,16.3
35,4,31,debt,78.89
30,28,2,existence,105.69
11,10,1,existence,26.85
1,1,0,payment,16.79
83,56,27,debt,241.75
44,4,40,existence,58.75
53,28,25,debt,155.95
74,53,21,payment,137.85
127,22,105,payment,292.7
87,16,71,debt,174.5
84,19,65,debt,206.29
146,130,16,existence,354.65
27,1,26,payment,78.5
10,7,3,payment,48.21
129,123,6,debt,316.78
128,37,91,payment,250.12
141,76,65,existence,274.75
127,54,73,debt,217.12
8,6,2,payment,24.31
127,51,76,payment,300.71
102,43,59,payment,221.7
117,100,17,existence,401.63
18,8,10,existence,32.12
145,60,85,existence,265.45
81,34,47,existence,161.34
63,3,60,payment,141.92
28,20,8,payment,67.62
56,40,16,payment,159.75
59,45,14,existence,151.37
52,15,37,existence,96.15
54,8,46,existence,91.34
57,2,55,existence,88.67
77,63,14,existence,218.48
93,57,36,payment,244.05
155,146,9,payment,563.89
126,75,51,existence,395.14
31,15,16,existence,91.92
88,36,52,debt,271.54
33,3,30,existence,83.31
93,58,35,debt,200.54
51,1,50,existence,76.7
75,36,39,existence,189.67
20,17,3,payment,66.15
87,27,60,debt,195.52
27,10,17,existence,67.96
67,34,33,existence,152.21
152,103,49,debt,409.83
8,5,3,payment,34.98
26,9,17,existence,51.02
58,24,34,existence,104.36
156,22,134,debt,340.67
95,37,58,debt,150.24
133,96,37,existence,345.77
105,69,36,existence,276.49
140,117,23,payment,398.91
17,11,6,debt,47.61
153,16,137,existence,240.9
143,122,21,existence,396.98
3,3,0,payment,23.21
143,22,121,existence,368.35
36,4,32,payment,71.45
12,4,8,debt,46.7
125,48,77,existence,323.76
2,1,1,existence,4.51
4,1,3,debt,27.6
21,18,3,debt,85.44
57,14,43,existence,80.94
33,15,18,payment,96.93
97,37,60,existence,218.81
94,92,2,payment,327.92
95,49,46,payment,238.99
118,10,108,payment,227.79
81,50,31,existence,192.59
111,43,68,payment,276.24
49,25,24,debt,161.33
33,28,5,existence,79.56
94,52,42,debt,241.64
84,70,14,payment,228.92
148,56,92,existence,368.07
15,3,12,payment,37.76
114,76,38,payment,216.73
73,35,38,existence,185.02
149,90,59,payment,318.36
107,63,44,existence,331.8
12,12,0,debt,43.84
81,39,42,debt,187.53
62,13,49,debt,133.05
82,55,27,existence,258.47
98,3,95,payment,239.38
157,90,67,payment,426.96
24,14,10,payment,61.61
42,8,34,debt,122.02
75,45,30,debt,209.03
126,126,0,existence,387.01
11,7,4,existence,34.73
55,48,7,payment,170.51
156,35,121,debt,254.34
51,3,48,payment,129.36
68,26,42,payment,161.7
56,49,7,debt,217.42
133,34,99,existence,273.36
131,6,125,existence,231.65
73,67,6,existence,252.42
84,21,63,existence,157.29
41,5,36,debt,112.82
129,108,21,payment,305.82
133,89,44,existence,347.02
87,70,17,payment,280.81
110,94,16,debt,233.8
117,27,90,payment,330.46
8,5,3,debt,33.31
94,89,5,existence,253.07
10,10,0,debt,55.84
155,57,98,payment,258.55
105,22,83,debt,193.33
124,101,23,payment,304.43
66,10,56,payment,120.84
22,6,16,existence,61.13
83,14,69,debt,147.85
104,91,13,debt,405.29
132,69,63,existence,385.5
148,43,105,payment,292.39
20,13,7,existence,59.64
13,6,7,payment,42.63
138,90,48,payment,394.42
67,5,62,payment,175.77
34,17,17,payment,113.12
52,18,34,existence,82.09
56,47,9,debt,206.4
33,33,0,debt,128.03
53,32,21,payment,116.21
80,16,64,existence,161.69
107,45,62,payment,329.49
13,2,11,existence,24.19
30,29,1,payment,76.68
147,85,62,payment,375.34
150,51,99,payment,337.3
78,38,40,payment,136.86
39,39,0,existence,139.04
8,1,7,payment,39.02
41,3,38,payment,98.2
19,11,8,existence,48.61
79,60,19,existence,223.99
31,21,10,existence,59.84
16,8,8,payment,47.96
74,8,66,debt,142.84
99,75,24,payment,272.57
145,45,100,payment,239.55
54,9,45,existence,96.2
109,84,25,existence,344.71
139,29,110,payment,346.78
18,16,2,existence,39.59
99,17,82,debt,271.86
125,35,90,existence,193.67
65,37,28,debt,205.99
23,6,17,existence,38.21
24,12,12,existence,68.61
42,14,28,debt,84.63
93,48,45,existence,223.82
144,37,107,existence,388.22
11,5,6,payment,47.13
85,29,56,existence,219.04
143,4,139,debt,288.47
149,18,131,debt,373.57
37,13,24,existence,73.06
30,6,24,payment,62.22
13,12,1,existence,46.34
113,71,42,payment,319.85
5,3,2,payment,28.46
65,50,15,existence,193.48
152,93,59,payment,511.1
20,16,4,existence,60.61
60,24,36,debt,142.73
137,12,125,payment,288.88
8,7,1,payment,24.45
68,9,59,debt,114.98
43,15,28,payment,72.15
75,4,71,existence,154.07
17,13,4,debt,61.4
150,150,0,payment,469.84
63,30,33,existence,158.47
116,96,20,payment,244.78
50,13,37,debt,126.74
15,8,7,existence,42.91
98,10,88,debt,247.43
53,42,11,existence,137.47
70,51,19,debt,177.92
47,44,3,debt,142.77
98,13,85,payment,240.64
20,5,15,payment,70.87
125,85,40,debt,317.24
98,77,21,debt,247.71
65,59,6,debt,127.72
21,17,4,payment,80.25
109,1,108,debt,210.37
98,59,39,existence,248.56
49,26,23,payment,141.46
28,11,17,payment,64
104,45,59,payment,281
102,16,86,existence,181.84
68,1,67,existence,151.6
139,20,119,existence,276.05
150,99,51,debt,330.38
5,2,3,existence,7.35
122,77,45,debt,319.76
52,12,40,payment,140.72
18,12,6,payment,49.36
44,31,13,existence,101.76
136,136,0,existence,482.9
131,43,88,payment,395.46
96,17,79,existence,137.45
117,94,23,debt,335.57
52,31,21,existence,105.64
14,3,11,existence,31.07
48,41,7,payment,135.39
1,1,0,existence,2.77
100,1,99,debt,256.51
42,17,25,payment,81.03
35,18,17,payment,93.28
60,8,52,existence,143.71
139,67,72,existence,291.25
86,79,7,payment,212.81
130,40,90,payment,209.58
48,17,31,debt,101.58
19,13,6,existence,53.11
20,1,19,debt,55.44
123,28,95,payment,208.86
156,38,118,existence,319.73
29,1,28,payment,56.77
149,136,13,payment,491.97
56,49,7,payment,185.43
77,25,52,existence,197.48
34,6,28,existence,59.85
88,23,65,existence,162.96
2,2,0,debt,27.29
36,7,29,debt,110.48
143,25,118,existence,256.3
57,56,1,debt,207.36
135,106,29,existence,331.35
38,12,26,existence,83.49
92,51,41,payment,223.01
98,54,44,existence,252.49
100,15,85,payment,182.1
20,10,10,debt,53.63
112,3,109,debt,216.36
118,50,68,payment,282.71
96,61,35,payment,226.88
47,2,45,payment,77.44
26,2,24,debt,60.21
125,103,22,debt,423.37
121,61,60,existence,224.51
141,92,49,debt,294.34
72,12,60,payment,165.67
8,8,0,debt,38.2
146,70,76,debt,275.49
114,88,26,existence,357.74
145,111,34,payment,449.81
154,151,3,debt,489.35
2,1,1,payment,13.53
145,45,100,debt,272.76
53,46,7,existence,161.41
144,117,27,debt,445.88
79,2,77,payment,179.82
152,14,138,debt,308.57
45,14,31,debt,122.09
29,2,27,existence,67.6
102,86,16,payment,358.57
132,118,14,payment,398.72
147,132,15,debt,496.82
104,19,85,existence,209.1
119,94,25,existence,388.91
91,64,27,existence,170.31
96,45,51,existence,173.21
21,6,15,debt,74.41
125,31,94,debt,307.69
134,105,29,payment,284.44
49,25,24,debt,112.89
90,6,84,existence,204.19
134,74,60,debt,312.91
19,16,3,payment,64.55
32,9,23,payment,102.47
42,3,39,payment,70.19
88,39,49,debt,173.62
24,23,1,existence,61.31
59,44,15,payment,180.69
146,103,43,debt,273.26
66,5,61,debt,142.04
66,14,52,payment,156.29
117,3,114,existence,183.81
157,87,70,payment,405.72
9,5,4,payment,37.18
62,27,35,existence,156.55
97,30,67,existence,192.48
30,21,9,payment,109.79
125,60,65,existence,244.6
71,43,28,payment,130.85
49,39,10,existence,115.17
122,49,73,debt,353.34
65,53,12,debt,209.88
79,15,64,existence,209.85
130,47,83,payment,250.75
52,46,6,debt,178.71
106,32,74,debt,297.75
108,27,81,payment,189.09
121,117,4,existence,254.33
86,68,18,payment,239.28
63,32,31,debt,173.97
63,61,2,payment,218.71
103,66,37,payment,281.9
89,21,68,existence,137.82
40,32,8,existence,138.52
94,27,67,payment,222.97
41,41,0,payment,143.33
27,3,24,existence,61.32
106,61,45,payment,288.56
18,18,0,payment,47.57
76,17,59,existence,190.39
153,139,14,existence,340.58
72,26,46,debt,132
55,4,51,debt,151.67
106,16,90,debt,216.72
124,45,79,existence,290.85
95,89,6,payment,242.35
47,10,37,payment,111.09
140,60,80,existence,349.11
72,8,64,payment,107.68
108,92,16,payment,358.67
71,22,49,existence,192.24
65,44,21,payment,198.38
137,59,78,existence,255.4
122,66,56,payment,279.94
147,144,3,existence,447.76
83,6,77,debt,142.92
15,8,7,debt,46.82
25,12,13,existence,53.04
31,30,1,existence,98.42
78,9,69,existence,135.89
53,5,48,existence,131.35
71,58,13,payment,203.47
21,18,3,payment,63.95
75,53,22,debt,224
118,34,84,existence,201.97
89,39,50,debt,255.25
8,2,6,debt,38.82
9,7,2,payment,27.66
155,67,88,payment,354.64
112,74,38,payment,316.46
140,78,62,existence,331.09
94,55,39,payment,190.67
40,25,15,payment,86.78
25,25,0,payment,68.38
88,60,28,payment,283.87
59,24,35,payment,154.42
136,39,97,payment,300.52
86,83,3,existence,300.32
54,12,42,payment,135.56
89,54,35,existence,196.15
123,2,121,payment,228.49
126,99,27,debt,285.56
148,131,17,payment,398.34
121,87,34,payment,347.93
25,19,6,existence,75.76
114,82,32,existence,390.27
40,18,22,payment,81.36
141,82,59,existence,322.78
142,42,100,debt,300.99
43,42,1,payment,142.82
94,43,51,debt,195.45
133,35,98,existence,224.48
6,4,2,existence,17.19
120,85,35,existence,321.38
122,20,102,debt,227.12
116,67,49,debt,249.74
113,69,44,payment,376.95
94,34,60,debt,189.2
74,47,27,payment,189.39
60,48,12,payment,154.63
125,91,34,existence,353.54
27,24,3,debt,73.06
45,11,34,debt,77.78
40,14,26,debt,119.2
41,22,19,existence,78.15
87,53,34,payment,206.99
56,35,21,payment,164.44
82,34,48,debt,161.73
14,13,1,debt,58.45
61,44,17,existence,140.48
129,77,52,existence,285.18
97,15,82,existence,199.1
155,66,89,payment,278.77
36,26,10,existence,102.5
47,27,20,payment,122.19
83,48,35,existence,190.96
106,53,53,debt,300.15
119,58,61,debt,245.38
60,33,27,debt,188.76
94,37,57,payment,220.2
85,10,75,debt,140.94
113,49,64,existence,182.33
21,20,1,debt,76.78
49,2,47,existence,122.48
84,8,76,existence,195.49
3,3,0,existence,9.59
2,1,1,existence,4.56
20,6,14,payment,72.62
11,10,1,debt,64.8
48,5,43,existence,79.49
35,26,9,debt,110.01
115,48,67,debt,246.21
113,28,85,payment,282.05
24,15,9,existence,47.7
58,26,32,debt,149.2
141,52,89,payment,397
8,3,5,payment,22.66
5,1,4,debt,38.71
86,27,59,debt,241.56
86,5,81,debt,240.47
90,72,18,debt,250.62
57,52,5,debt,148.64
90,33,57,existence,237.54
31,12,19,payment,74.26
72,33,39,existence,147.81
72,26,46,debt,203.8
110,51,59,debt,258.47
53,37,16,payment,108.36
1,1,0,payment,17.42
47,45,2,debt,145.15
21,11,10,payment,59.26
92,71,21,existence,303.5
26,3,23,existence,60.55
55,42,13,existence,122.56
11,2,9,existence,16.12
140,4,136,existence,321.27
121,60,61,debt,321.73
78,27,51,payment,210
150,136,14,existence,516.56
146,53,93,debt,362.3
65,8,57,payment,167.76
36,8,28,payment,112.1
42,5,37,payment,114.55
137,1,136,payment,222.57
113,104,9,debt,352.65
50,32,18,debt,171.04
107,11,96,existence,234.73
5,2,3,existence,12.4
59,37,22,debt,187.23
117,45,72,debt,286.57
129,1,128,existence,240.79
41,12,29,payment,121.46
145,143,2,payment,462.79
53,49,4,payment,176.56
152,11,141,payment,208.73
117,37,80,debt,336.86
144,2,142,existence,275.57
120,19,101,debt,335.96
47,33,14,debt,162.34
108,32,76,payment,220.27
17,14,3,debt,57.32
126,79,47,debt,328.88
13,3,10,payment,43.91
38,25,13,existence,79.13
22,10,12,debt,81.28
8,2,6,debt,24.45
64,13,51,payment,145.65
151,105,46,debt,281.04
109,67,42,debt,250.55
148,4,144,existence,265.84
16,12,4,existence,39.5
108,67,41,debt,272.01
108,44,64,existence,266.5
104,100,4,existence,253.02
151,138,13,payment,503.01
109,46,63,debt,219.41
76,48,28,payment,171.16
40,35,5,debt,103.7
12,7,5,existence,35.3
145,10,135,debt,398.68
81,27,54,payment,220.62
68,43,25,debt,209.32
123,21,102,existence,307.85
56,10,46,payment,143.92
103,38,65,payment,204.33
153,142,11,debt,402.59
22,18,4,existence,75.67
32,16,16,debt,90
20,9,11,payment,66.96
83,30,53,existence,208.92
60,36,24,debt,172.38
54,10,44,existence,102.4
3,2,1,existence,8.79
111,109,2,existence,293.34
30,22,8,payment,115.03
52,23,29,existence,152.22
130,119,11,debt,403.29
106,45,61,debt,273.21
16,4,12,existence,27.47
108,23,85,existence,150.73
145,115,30,debt,307.01
64,51,13,existence,166.59
122,7,115,existence,150.05
128,24,104,existence,247.7
19,2,17,debt,54.93
71,41,30,debt,203.19
155,140,15,existence,439.04
112,35,77,debt,319.42
72,25,47,existence,208.78
89,62,27,existence,214.15
30,27,3,existence,88.29
101,84,17,debt,250.1
116,108,8,existence,432.12
154,101,53,payment,387.74
10,9,1,payment,39.12
136,28,108,debt,362.03
72,27,45,debt,214.23
136,136,0,existence,352.38
74,63,11,payment,194.51
142,65,77,payment,401.34
96,45,51,debt,238.83
96,58,38,payment,310.15
136,134,2,existence,371.63
116,71,45,payment,219.81
98,71,27,debt,259.68
89,42,47,payment,190.94
116,114,2,payment,444.26
86,62,24,existence,221.5
20,12,8,payment,63.92
118,4,114,debt,166.74
140,5,135,payment,190.36
6,3,3,debt,28.54
79,70,9,existence,256.52
157,145,12,debt,344.75
21,11,10,debt,64.67
121,36,85,existence,321.15
119,54,65,debt,299.44
157,139,18,debt,541.03
36,35,1,debt,116.65
127,54,73,existence,225.74
144,59,85,debt,364.27
2,1,1,payment,19.17
132,47,85,payment,218.63
81,79,2,debt,223.19
5,2,3,debt,36.11
74,23,51,debt,235.88
16,2,14,debt,66.09
97,17,80,payment,250.78
57,28,29,existence,104.88
130,77,53,payment,344.26
103,72,31,payment,317.38
49,20,29,payment,146.63
43,10,33,existence,76.94
75,73,2,payment,225.32
87,10,77,debt,229.21
13,13,0,debt,48.24
108,95,13,existence,398.22
100,40,60,existence,262.09
157,117,40,debt,478.8
152,54,98,payment,414.83
50,9,41,debt,107.48
71,45,26,payment,200.16
56,40,16,debt,127.7
113,108,5,payment,253.3
76,44,32,payment,155.02
133,31,102,existence,339.9
52,8,44,existence,118.3
67,61,6,debt,166.97
37,12,25,existence,62.36
35,9,26,existence,71.85
6,6,0,existence,16.12
123,21,102,existence,259.77
91,49,42,existence,249.4
150,111,39,existence,462.64
6,2,4,existence,14
21,7,14,existence,42.66
2,1,1,payment,9.65
50,22,28,payment,125.5
24,4,20,debt,49
7,4,3,debt,48.02
32,7,25,existence,65.67
85,3,82,existence,118.71
69,37,32,debt,188.89
108,104,4,payment,230.67
106,105,1,debt,284.52
53,31,22,debt,176.11
123,83,40,payment,246.33
65,48,17,existence,114.73
86,73,13,existence,211.11
19,13,6,payment,73.31
24,6,18,debt,64.11
42,4,38,debt,69.27
63,55,8,existence,201.42
72,49,23,existence,153.53
101,67,34,payment,316.21
24,3,21,debt,52.17
94,39,55,payment,205.76
66,57,9,payment,149.76
126,2,124,debt,310.12
149,50,99,payment,320.81
97,40,57,existence,230.41
58,58,0,debt,185.08
25,19,6,payment,68.38
88,30,58,existence,189.14
45,28,17,debt,132.82
27,8,19,payment,69.12
75,24,51,existence,195.38
151,12,139,existence,200.13
120,10,110,existence,185.17
24,22,2,existence,64.85
50,36,14,payment,141.31
39,9,30,debt,109.8
55,19,36,existence,97.63
32,18,14,debt,93.46
143,129,14,debt,385.23
8,1,7,debt,23.47
54,26,28,debt,147.93
136,112,24,payment,298.82
142,85,57,existence,303.02
24,2,22,payment,62.57
110,105,5,debt,320.54
78,42,36,payment,177.19
42,22,20,debt,104.77
98,30,68,payment,148.4
77,41,36,debt,190.46
14,8,6,existence,38.38
142,76,66,payment,273.66
97,19,78,existence,136.08
72,14,58,existence,188.47
127,19,108,payment,209.26
142,8,134,debt,324.58
3,3,0,debt,39.28
150,33,117,payment,381.07
10,8,2,existence,28.26
41,6,35,debt,73.09
150,112,38,debt,304.37
29,16,13,debt,77.44
155,10,145,debt,367.84
146,22,124,existence,281.38
32,2,30,payment,87.63
142,103,39,payment,367.81
66,35,31,payment,166.83
100,99,1,debt,300.72
14,7,7,payment,44.4
83,22,61,payment,155.55
117,76,41,debt,312.96
148,112,36,payment,418.77
25,23,2,debt,105.03
37,31,6,payment,117.73
113,79,34,debt,366.53
122,22,100,debt,274.3
55,7,48,payment,91.14
126,47,79,debt,345.44
28,9,19,payment,57.4
67,42,25,existence,109.65
78,33,45,debt,164.44
109,73,36,payment,323.06
108,72,36,debt,279.78
44,32,12,debt,140.25
77,22,55,payment,157.65
148,94,54,debt,326.62
123,103,20,existence,344.49
115,101,14,debt,356.78
21,1,20,debt,56.58
59,44,15,existence,146.43
135,5,130,existence,331.02
83,25,58,existence,211.38
68,51,17,payment,157.73
63,44,19,existence,121.78
145,26,119,debt,350.98
60,33,27,existence,126.24
46,23,23,payment,150.48
38,29,9,payment,86.82
80,76,4,existence,257.81
135,69,66,existence,375.09
58,4,54,payment,131.62
103,9,94,existence,195.85
115,54,61,existence,269.79
136,85,51,existence,440.81
139,79,60,debt,453.48
57,5,52,debt,95.28
53,15,38,debt,144.69
27,4,23,debt,59.42
25,7,18,existence,56.8
144,83,61,payment,374.41
47,7,40,existence,113.09
6,5,1,debt,44.57
117,28,89,debt,252.16
56,4,52,existence,71.04
55,44,11,existence,152.81
112,78,34,existence,356.22
64,2,62,payment,121.22
146,39,107,payment,401.57
109,92,17,existence,335.17
146,142,4,debt,495.14
157,15,142,existence,197.29
155,127,28,debt,350.65
134,50,84,debt,395.5
97,85,12,debt,315
37,33,4,existence,86.3
77,39,38,existence,118.49
11,9,2,debt,62.11
53,43,10,existence,131.84
3,3,0,existence,8.46
138,88,50,payment,349.44
71,24,47,payment,208.39
6,6,0,payment,23.1
54,14,40,debt,124.12
120,34,86,payment,200.73
66,2,64,existence,89.85
120,45,75,existence,246.48
2,2,0,debt,29.61
7,5,2,existence,12.36
63,42,21,payment,143.86
89,69,20,payment,181.81
125,89,36,existence,425.17
71,2,69,debt,147.31
155,7,148,payment,290.81
18,2,16,payment,53.14
92,6,86,payment,154.28
67,40,27,existence,133.69
5,3,2,existence,14
63,29,34,existence,155.58
113,83,30,existence,198.15
33,28,5,payment,96.27
145,68,77,existence,301.08
116,65,51,debt,237.48
137,11,126,existence,195.6
88,24,64,payment,208.7
155,145,10,debt,417.07
75,3,72,payment,136.91
41,3,38,payment,86.75
11,6,5,payment,32.22
92,1,91,existence,224.31
119,58,61,existence,255.72
140,140,0,debt,424.04
59,21,38,payment,149.85
110,81,29,payment,331.07
29,24,5,existence,96.54
55,4,51,payment,132.15
19,7,12,debt,75.37
123,84,39,debt,309.23
136,114,22,existence,334.98
61,16,45,existence,127.1
85,18,67,payment,192.9
130,109,21,payment,372.96
141,31,110,debt,374.78
62,57,5,debt,143.94
57,53,4,existence,144.2
15,7,8,existence,24.65
153,118,35,debt,340.52
28,27,1,existence,67.13
84,72,12,existence,276.27
78,42,36,debt,203.32
105,14,91,debt,247.69
84,16,68,existence,126.59
118,111,7,existence,365.06
26,3,23,existence,67.83
90,25,65,payment,265.64
73,28,45,payment,194.61
41,1,40,debt,85.9
117,78,39,payment,312.51
13,1,12,payment,44.13
138,126,12,payment,458.08
123,26,97,existence,310.01
12,3,9,existence,25.64
157,79,78,payment,447.09
106,63,43,debt,211.03
98,40,58,payment,242.01
20,15,5,payment,83
12,3,9,existence,26.48
46,23,23,payment,98.79
29,21,8,existence,64.58
86,66,20,existence,256.19
62,37,25,debt,182.69
29,9,20,payment,57.83
39,15,24,existence,102.62
5,2,3,existence,10.5
55,41,14,payment,150.05
93,53,40,debt,222.96
34,6,28,debt,102.8
10,8,2,payment,44.93
18,7,11,existence,35.17
98,85,13,debt,219.55
133,131,2,debt,450.23
82,46,36,debt,204.16
42,21,21,payment,115.78
39,22,17,existence,104.22
49,47,2,existence,163.36
155,129,26,existence,426.07
98,44,54,payment,225.49
98,7,91,payment,182.39
30,4,26,payment,47.24
66,18,48,existence,138.89
36,5,31,existence,81.87
99,32,67,debt,290.29
30,28,2,payment,80.83
134,69,65,debt,301.15
121,120,1,debt,393.24
144,51,93,existence,418.24
108,19,89,payment,218.91
58,28,30,existence,124.72
128,23,105,existence,174.21
32,32,0,existence,79.95
53,7,46,payment,144.37
33,32,1,existence,106.59
127,41,86,debt,203.14
105,91,14,debt,347.83
74,51,23,existence,187.57
49,41,8,existence,122.34
95,71,24,existence,203.46
63,42,21,existence,127.09
76,41,35,payment,168.76
36,17,19,existence,97.19
48,3,45,debt,101.07
99,37,62,payment,215.72
119,8,111,existence,304.87
20,20,0,payment,50.7
10,5,5,payment,36.89
130,108,22,payment,406.26
39,11,28,existence,67.93
63,13,50,existence,129.42
7,7,0,debt,39.46
117,108,9,payment,325.8
89,15,74,existence,221.95
136,82,54,payment,352.4
49,34,15,debt,156.95
103,44,59,existence,178.1
126,46,80,debt,284.98
152,51,101,payment,376.17
54,25,29,payment,126.07
101,13,88,debt,279.59
17,10,7,existence,35.24
50,43,7,debt,171.03
44,24,20,existence,90.93
113,97,16,debt,385.98
112,1,111,debt,156.31
32,20,12,existence,89.54
97,5,92,debt,200.71
147,85,62,payment,334.19
116,84,32,payment,339.93
122,10,112,existence,225.57
66,11,55,payment,113.52
31,28,3,payment,96.72
26,17,9,existence,61.01
101,97,4,debt,338.64
131,119,12,existence,436.48
50,29,21,payment,124.75
78,45,33,debt,263.31
77,31,46,existence,168.74
71,43,28,existence,121.83
44,32,12,existence,144.61
120,27,93,existence,246.25
56,13,43,payment,151.69
112,79,33,existence,264.34
145,44,101,debt,327.62
28,10,18,payment,73.03
153,107,46,payment,296.95
156,135,21,existence,307.3
29,15,14,existence,52.58
25,11,14,payment,47.95
134,102,32,existence,290.56
32,26,6,payment,81.67
35,27,8,existence,94.56
88,20,68,payment,228.75
20,11,9,payment,63.93
57,51,6,existence,191.61
75,23,52,debt,225.08
7,5,2,debt,32.85
77,7,70,payment,135.68
27,21,6,existence,74.29
120,104,16,payment,365.57
42,41,1,debt,137.82
83,67,16,payment,198.99
71,24,47,existence,172.15
13,3,10,debt,40.89
60,33,27,payment,198.41
40,30,10,existence,89.58
115,83,32,payment,301.34
49,4,45,existence,114.13
106,70,36,debt,331.24
116,75,41,existence,314.86
141,34,107,payment,272.51
153,53,100,payment,316.56
156,6,150,payment,368.72
83,16,67,debt,183.95
17,15,2,payment,65.03
80,41,39,payment,232.37
3,2,1,debt,22.41
14,8,6,payment,44.95
58,37,21,debt,156.89
47,26,21,existence,135.43
119,75,44,existence,346.2
141,19,122,debt,247.54
32,6,26,existence,80.08
128,2,126,payment,284.53
131,76,55,existence,338.61
44,17,27,payment,82.26
114,65,49,debt,236.21
54,7,47,existence,83.89
64,27,37,payment,120.77
13,6,7,payment,36.49
118,21,97,debt,224.06
130,105,25,debt,372.42
71,29,42,payment,185.78
42,7,35,existence,101.2
39,15,24,payment,99.06
51,23,28,debt,149.05
68,61,7,debt,174.32
21,2,19,payment,62.62
33,16,17,debt,89.72
138,52,86,existence,369.23
115,57,58,debt,360.5
4,2,2,debt,32.36
141,53,88,existence,355.11
27,11,16,existence,48.39
110,24,86,existence,293.06
80,75,5,existence,251.98
28,22,6,debt,112.43
122,116,6,debt,405.21
77,46,31,debt,222.37
36,3,33,debt,92.94
114,30,84,debt,293.34
142,5,137,payment,325.48
129,120,9,existence,478.97
88,67,21,payment,283.11
68,60,8,debt,201.81
105,100,5,debt,319.41
93,88,5,debt,322.88
5,2,3,existence,11.17
52,29,23,debt,152.06
127,87,40,debt,262.51
107,40,67,debt,271.94
61,60,1,existence,195.23
67,34,33,existence,164.36
151,83,68,debt,371.62
42,20,22,existence,92.99
68,50,18,payment,203.69
51,18,33,payment,124.98
93,27,66,payment,142.1
21,12,9,existence,68.11
157,39,118,debt,406.77
117,110,7,payment,418.41
27,8,19,existence,41.43
140,77,63,payment,355.74
96,31,65,payment,164.01
21,6,15,debt,63.13
5,4,1,existence,12.73
72,41,31,payment,222.87
38,12,26,debt,93.74
45,43,2,existence,157.31
120,39,81,existence,198.47
13,1,12,payment,40.78
34,32,2,existence,102.25
77,48,29,existence,185.35
93,93,0,existence,204.05
86,85,1,debt,231
130,59,71,debt,284.15
154,17,137,debt,312.8
85,59,26,existence,222.07
111,107,4,payment,342.8
154,92,62,payment,432.91
36,30,6,payment,118.83
142,88,54,debt,502.41
133,20,113,payment,246.36
96,13,83,existence,246.77
96,15,81,payment,263.9
113,19,94,debt,240.62
137,14,123,existence,264.39
74,64,10,debt,245.25
51,32,19,debt,137.58
114,40,74,payment,211.65
21,1,20,debt,33.48
64,47,17,payment,197.48
35,3,32,debt,87.42
127,70,57,existence,348.33
39,36,3,existence,128.98
36,27,9,debt,110.9
100,22,78,debt,227.49
68,43,25,debt,144.76
65,49,16,payment,209.14
110,86,24,payment,332.8
92,26,66,existence,176.8
24,7,17,existence,62.16
77,58,19,payment,153.45
157,110,47,payment,391.99
96,28,68,payment,209.5
52,42,10,existence,159.11
81,34,47,debt,175.73
52,51,1,debt,167.57
139,122,17,existence,423.09
125,5,120,existence,237.26
48,10,38,existence,100.36
150,100,50,debt,400.68
55,46,9,existence,136.18
60,30,30,debt,193.96
25,16,9,payment,73.06
155,117,38,payment,459.07
138,116,22,existence,410.72
129,22,107,debt,303.54
2,1,1,payment,15.36
53,1,52,debt,137.52
27,14,13,existence,77.16
105,26,79,payment,269.57
148,15,133,payment,233.79
43,19,24,existence,74.2
106,77,29,payment,225.52
48,48,0,debt,143.71
136,54,82,debt,387.51
100,59,41,debt,275.09
9,6,3,existence,29.54
87,74,13,existence,228.51
41,31,10,debt,147.62
97,30,67,payment,174.86
150,146,4,debt,533.96
59,33,26,payment,141.77
130,121,9,payment,498.71
3,3,0,debt,16.64
152,22,130,debt,369.28
41,24,17,payment,110.42
16,5,11,existence,23.3
84,73,11,payment,272.5
35,22,13,payment,117.79
89,17,72,payment,224.57
9,3,6,existence,23.98
54,37,17,debt,177
19,12,7,payment,52.57
85,49,36,existence,196.01
5,2,3,existence,8.58
82,51,31,debt,206.86
55,23,32,payment,123.11
146,53,93,debt,398.44
89,64,25,payment,274.08
81,56,25,payment,220.47
56,56,0,debt,213.46
80,44,36,payment,186.66
106,79,27,existence,312.89
75,59,16,debt,177.76
33,16,17,existence,76.03
59,49,10,payment,136.61
133,114,19,payment,302.88
119,7,112,payment,206.14
143,102,41,debt,462.7
65,47,18,existence,196.29
144,84,60,debt,270.71
58,9,49,payment,153.91
12,1,11,existence,25.3
13,6,7,debt,53.47
35,13,22,payment,113.76
104,14,90,debt,207.59
99,58,41,debt,290.51
138,17,121,payment,324.99
46,8,38,debt,125.86
106,32,74,debt,178.78
13,5,8,existence,36.56
80,5,75,debt,219.03
56,6,50,existence,124.79
99,25,74,debt,257.76
79,6,73,payment,199.29
48,24,24,debt,127.72
66,60,6,payment,172.49
156,29,127,debt,321.09
85,3,82,existence,210.66
37,8,29,existence,55.37
15,5,10,payment,47.24
120,20,100,payment,212.72
79,19,60,debt,206.3
105,19,86,payment,208.09
25,2,23,payment,56.3
91,2,89,payment,159.54
41,31,10,existence,105.12
117,44,73,existence,352.84
82,18,64,payment,193.52
127,82,45,debt,379.06
63,45,18,debt,156.78
88,52,36,debt,206.27
157,137,20,existence,406.89
45,18,27,debt,136.54
92,35,57,debt,219.47
104,10,94,payment,256.34
46,29,17,existence,87.69
35,22,13,payment,95.45
54,21,33,debt,143.33
152,78,74,debt,324.75
103,1,102,debt,272.48
71,2,69,existence,109.29
150,143,7,existence,566.26
89,27,62,existence,136.21
26,1,25,payment,46.14
100,39,61,existence,212.98
92,33,59,debt,246.37
96,26,70,payment,275.19
113,105,8,payment,311.02
150,142,8,existence,407.41
33,23,10,payment,108.92
96,13,83,payment,151.15
41,18,23,debt,94.64
125,99,26,existence,346.02
98,55,43,existence,257.25
38,37,1,debt,128.44
126,51,75,existence,255.79
80,39,41,payment,188.07
80,49,31,debt,261.64
2,1,1,existence,5.65
148,103,45,existence,466.23
15,2,13,payment,27.97
62,16,46,existence,87.76
67,41,26,debt,204.4
94,29,65,debt,232.02
65,37,28,payment,192.98
74,20,54,payment,115.61
122,81,41,existence,268.06
51,8,43,existence,81.87
96,38,58,existence,291.29
64,42,22,debt,190.1
151,78,73,payment,462.77
112,60,52,debt,237.39
137,128,9,existence,460.06
75,45,30,existence,228.91
144,58,86,existence,246.41
68,53,15,debt,194.73
81,43,38,debt,174.99
23,9,14,payment,70.37
110,32,78,debt,290.24
7,3,4,debt,35.93
146,130,16,debt,428.5
28,1,27,payment,61.89
41,19,22,payment,74.75
93,87,6,debt,363.9
84,44,40,debt,158.14
40,8,32,payment,117.27
15,1,14,payment,45.52
77,55,22,existence,204.39
32,5,27,payment,93.3
44,20,24,existence,75.36
20,7,13,payment,54.21
132,76,56,existence,308.78
66,53,13,debt,163.13
94,77,17,existence,263.47
118,78,40,payment,378.72
33,15,18,payment,99.33
136,18,118,debt,256.27
34,29,5,payment,115.96
25,14,11,debt,67.01
154,101,53,existence,489.15
43,1,42,payment,88.95
64,59,5,payment,191.95
50,5,45,payment,121.91
122,41,81,existence,355.39
66,37,29,existence,197.06
119,72,47,existence,340.37
144,12,132,payment,347.11
135,105,30,payment,335.45
40,11,29,debt,104.15
134,59,75,payment,354.98
26,5,21,existence,54.08
96,65,31,payment,275.7
33,5,28,existence,63.63
150,67,83,debt,302.42
14,14,0,existence,44.99
51,1,50,payment,95.62
21,20,1,payment,71.84
57,37,20,debt,211.99
99,85,14,payment,257.87
103,82,21,payment,277.27
149,121,28,debt,508.28
35,32,3,debt,121.59
39,9,30,existence,109.79
151,102,49,debt,446.85
24,14,10,debt,99.52
22,1,21,debt,50.69
157,136,21,existence,363.65
26,24,2,debt,62.39
55,45,10,debt,189.87
90,11,79,payment,203.88
95,10,85,debt,255.99
75,21,54,existence,123.5
152,4,148,debt,373.82
31,18,13,debt,112.12
46,10,36,debt,111.64
139,82,57,debt,363.53
143,23,120,payment,216.84
74,3,71,existence,94.28
52,50,2,debt,189
10,2,8,debt,31.97
56,47,9,debt,147.96
141,25,116,debt,249.42
82,58,24,payment,165.05
51,31,20,payment,157.64
60,47,13,existence,207.36
139,77,62,debt,288.2
50,40,10,existence,142.74
112,45,67,debt,296.3
121,20,101,debt,290.31
142,2,140,debt,275.5
26,13,13,existence,72.21
146,127,19,payment,535.05
18,12,6,payment,66.61
39,18,21,existence,99.14
81,68,13,debt,198.38
118,104,14,existence,289.22
45,34,11,debt,154.78
37,16,21,existence,100.18
29,11,18,existence,80.09
134,1,133,payment,190.98
21,2,19,debt,64.22
11,9,2,debt,40.56
93,91,2,payment,294.39
41,6,35,existence,101.58
36,22,14,payment,95.9
113,28,85,debt,238.13
36,13,23,debt,86.04
8,8,0,existence,23.5
6,3,3,existence,17.56
15,11,4,debt,51.81
119,44,75,existence,314.82
5,2,3,debt,26.93
147,25,122,payment,207.92
31,21,10,existence,69.32
2,1,1,payment,17.48
98,2,96,debt,176.91
39,25,14,debt,120.84
143,136,7,existence,371.86
12,5,7,debt,49.12
42,30,12,existence,75.76
111,86,25,payment,281.96
14,8,6,existence,37.33
18,2,16,existence,23.85
40,24,16,existence,78.16
48,3,45,existence,86.09
28,1,27,payment,70.22
60,10,50,payment,121.23
40,13,27,debt,93.31
156,87,69,existence,332.93
15,10,5,payment,49.26
42,27,15,existence,106.6
89,65,24,existence,208.71
25,9,16,debt,79.91
154,128,26,existence,402.52
76,53,23,payment,222.33
151,11,140,debt,375.16
151,84,67,existence,371.07
43,25,18,payment,109.88
120,100,20,debt,379.6
16,11,5,existence,35.93
128,72,56,debt,264.39
12,4,8,payment,38.29
18,6,12,existence,34.95
78,57,21,payment,154.26
71,9,62,payment,176.68
150,84,66,existence,385.09
2,1,1,debt,22.79
111,9,102,payment,231.57
36,6,30,debt,83.63
94,84,10,debt,348.35
96,92,4,existence,248.24
95,95,0,payment,356.41
73,26,47,payment,154.4
127,83,44,debt,268.4
114,1,113,existence,217.46
43,11,32,existence,80.43
3,2,1,debt,22.82
91,56,35,debt,223.17
61,13,48,debt,116.3
65,31,34,payment,161.53
81,23,58,payment,234.44
156,17,139,debt,323.12
128,14,114,debt,256.7
31,30,1,debt,89.24
24,1,23,existence,34.16
144,77,67,payment,412.29
97,36,61,existence,154.55
73,9,64,existence,190.83
79,53,26,existence,191.66
52,27,25,existence,120.11
99,90,9,existence,211.86
107,102,5,debt,372.33
149,30,119,existence,272.02
135,88,47,existence,309.23
80,52,28,payment,204.84
98,3,95,existence,143.4
106,92,14,debt,364.03
97,29,68,payment,227.29
37,34,3,payment,104.61
96,82,14,existence,323.9
86,63,23,debt,229
45,37,8,payment,152.53
65,18,47,payment,161.54
147,27,120,debt,283.88
80,73,7,payment,265
27,16,11,existence,82.58
88,80,8,payment,286.06
136,121,15,payment,464.72
151,144,7,payment,516.22
38,31,7,payment,117.79
86,31,55,payment,233.3
45,7,38,debt,123.86
115,102,13,debt,339.94
27,12,15,payment,71.24
148,3,145,debt,349.68
116,107,9,existence,288.25
85,2,83,existence,148.01
108,93,15,payment,318.64
52,29,23,existence,105.78
59,21,38,existence,168.47
122,89,33,debt,378.77
21,16,5,existence,67.71
68,54,14,payment,255.9
146,79,67,debt,342.63
91,30,61,debt,182.8
66,65,1,existence,225.75
33,30,3,debt,109.78
50,33,17,payment,149.24
118,42,76,debt,310.79
57,12,45,payment,135.19
17,14,3,payment,66.19
36,22,14,payment,78.89
25,16,9,existence,67.77
29,20,9,debt,96.44
32,26,6,payment,88.67
157,50,107,existence,412.2
113,70,43,debt,288.89
47,17,30,debt,138.33
44,35,9,existence,78.91
27,19,8,existence,82.16
5,1,4,payment,24.93
18,15,3,existence,58.64
5,2,3,payment,21.49
14,8,6,payment,56.68
64,2,62,debt,135.47
53,51,2,debt,210.6
138,79,59,existence,360.29
112,85,27,debt,365.63
60,10,50,debt,126.55
28,28,0,debt,98.64
62,20,42,debt,126.79
85,57,28,payment,178.54
70,33,37,existence,135.49
97,18,79,payment,228.08
52,36,16,existence,118.42
116,48,68,existence,253.14
127,42,85,debt,372.56
84,41,43,debt,185.38
62,45,17,existence,130.85
33,9,24,payment,82.54
123,79,44,debt,344.72
22,13,9,debt,87.47
152,142,10,existence,440.96
122,19,103,debt,229.26
78,73,5,existence,212.15
133,95,38,existence,310.03
39,11,28,existence,86.02
143,66,77,existence,320.35
110,99,11,existence,409.04
48,46,2,existence,133.7
141,47,94,payment,361.06
50,40,10,existence,165.58
125,90,35,debt,346.1
16,12,4,existence,48.78
80,7,73,payment,122.66
36,5,31,payment,60.83
151,116,35,existence,386.75
111,86,25,debt,293.71
74,1,73,existence,95.84
140,59,81,debt,267.52
23,5,18,debt,61.8
85,48,37,existence,191.1
132,64,68,debt,394.39
134,97,37,debt,316.5
58,5,53,payment,96.82
139,11,128,payment,191.86
38,3,35,existence,60.64
149,135,14,payment,408.5
13,8,5,payment,37.07
96,1,95,payment,211.93
115,43,72,payment,255.97
114,76,38,existence,289.61
73,9,64,debt,177.11
141,74,67,payment,311.02
55,6,49,payment,140.9
36,32,4,payment,138.65
4,4,0,payment,26.49
95,8,87,existence,169.26
91,5,86,payment,175.61
138,67,71,payment,370.85
39,1,38,debt,79.87
128,12,116,payment,203.36
30,1,29,existence,68.31
10,9,1,existence,31.65
73,14,59,existence,99.69
108,53,55,debt,284.9
54,25,29,debt,172.95
90,55,35,debt,211.84
145,3,142,payment,252.86
54,34,20,existence,161.85
145,43,102,existence,247.89
146,34,112,debt,330.28
109,33,76,existence,240.26
84,65,19,debt,228.55
140,88,52,debt,392.07
66,26,40,debt,156.67
78,3,75,payment,134.51
154,45,109,payment,434.25
99,29,70,payment,239.42
118,111,7,debt,339.94
95,75,20,debt,264.58
16,15,1,debt,66.16
124,124,0,existence,476.4
120,80,40,payment,279.04
3,2,1,existence,9.28
3,2,1,payment,14.13
44,4,40,existence,79.81
69,12,57,debt,144.76
140,89,51,payment,267.41
40,28,12,existence,94.05
93,2,91,payment,249.37
2,1,1,existence,5.83
140,72,68,payment,293.4
81,38,43,existence,140.27
94,68,26,debt,261.01
145,133,12,debt,423.49
96,40,56,payment,218.95
6,6,0,debt,50.31
112,70,42,debt,218.93
48,8,40,existence,107.02
52,2,50,existence,66.82
114,62,52,payment,221.37
84,9,75,debt,161.77
143,90,53,payment,299.13
23,20,3,payment,77.43
72,39,33,payment,202.69
147,68,79,debt,434.02
129,124,5,debt,371.71
22,7,15,debt,56.33
154,47,107,existence,386.55
104,71,33,payment,304.37
67,10,57,existence,155.04
57,38,19,payment,133.83
73,38,35,debt,241.79
30,8,22,debt,71.23
64,6,58,payment,167.38
58,29,29,payment,170.34
67,2,65,existence,134.35
30,7,23,existence,80.21
30,3,27,debt,64.63
31,10,21,debt,70.65
109,59,50,existence,301.52
114,50,64,debt,203.43
91,20,71,existence,213.62
57,55,2,debt,214.15
155,114,41,debt,428.59
88,54,34,debt,265.37
117,65,52,existence,202.88
111,89,22,payment,336.48
157,112,45,payment,377.37
90,53,37,existence,241
18,16,2,debt,75.01
68,51,17,existence,213.97
45,26,19,debt,141.96
153,149,4,existence,401.13
10,5,5,debt,40.55
25,12,13,debt,61.43
10,3,7,debt,44.51
30,10,20,payment,70.05
55,48,7,existence,154.4
40,1,39,debt,98.17
51,19,32,debt,149.17
45,3,42,existence,56.54
38,26,12,existence,93.98
40,40,0,existence,109.96
138,63,75,payment,322.43
145,33,112,existence,366.79
53,51,2,debt,192.95
16,8,8,existence,34.93
144,33,111,existence,383.61
72,43,29,payment,217.68
126,32,94,payment,338.67
56,11,45,payment,121.16
138,128,10,debt,491.68
74,28,46,existence,172.21
155,148,7,debt,447.18
151,6,145,payment,366.38
156,5,151,existence,296.8
8,6,2,debt,47.18
21,11,10,debt,74.75
15,6,9,debt,50.67
33,16,17,payment,105.23
52,24,28,existence,142.75
152,44,108,existence,324.44
62,44,18,debt,199.27
76,61,15,existence,235.44
48,41,7,existence,135.8
154,11,143,payment,295.23
53,12,41,payment,106.29
114,1,113,existence,199.71
64,41,23,debt,154.21
54,34,20,debt,171.83
12,10,2,debt,54.46
127,33,94,debt,339.26
86,74,12,debt,257.32
92,55,37,payment,221.08
117,73,44,payment,379.57
99,79,20,payment,225.83
8,3,5,existence,18.37
100,96,4,existence,238.99
1,1,0,debt,26.07
47,20,27,payment,92.68
135,125,10,payment,422.85
62,57,5,payment,165.78
153,42,111,debt,424.87
61,47,14,existence,158.92
123,6,117,existence,160.03
20,19,1,existence,45.01
50,14,36,payment,120.82
157,103,54,debt,319.86
78,64,14,debt,164.54
144,122,22,payment,447.42
112,60,52,existence,258.24
16,1,15,debt,45.47
140,99,41,debt,340.76
105,20,85,payment,191.46
10,6,4,payment,41.32
143,85,58,existence,361.7
31,7,24,payment,63.7
147,111,36,existence,427.46
59,3,56,payment,94.91
136,132,4,debt,469.03
120,73,47,debt,283.34
73,41,32,existence,196.75
127,64,63,existence,317.53
27,26,1,debt,78.49
47,29,18,debt,154.94
91,22,69,debt,163.28
93,59,34,existence,209.97
48,48,0,existence,134.26
37,18,19,payment,108.16
69,62,7,debt,166.61
148,97,51,debt,333.94
22,7,15,payment,46.76
144,43,101,debt,389.08
89,23,66,debt,189.6
78,18,60,debt,211.24
42,4,38,existence,90.76
121,39,82,debt,247.62
37,2,35,existence,81.57
103,40,63,payment,267.38
43,12,31,debt,116.32
108,14,94,debt,279.3
94,44,50,payment,205.47
124,110,14,payment,317.27
74,25,49,payment,210.88
56,10,46,payment,92.94
143,16,127,debt,253.77
89,73,16,payment,234.02
11,4,7,payment,38.85
8,6,2,debt,37.57
117,53,64,debt,358.24
14,1,13,debt,47.38
30,1,29,payment,61.8
38,10,28,existence,62.97
142,31,111,debt,312.8
138,18,120,payment,295.14
153,17,136,payment,399.38
34,10,24,existence,81.29
89,52,37,debt,285.67
5,4,1,debt,43.92
105,91,14,existence,343.64
34,21,13,payment,66.68
7,4,3,debt,29.28
111,3,108,debt,259.61
12,3,9,existence,27.26
22,7,15,debt,52.96
33,29,4,existence,73.56
111,11,100,payment,189.89
27,20,7,debt,75.38
127,13,114,existence,170.57
157,24,133,payment,322.8
10,4,6,payment,26.6
142,130,12,debt,309.26
43,29,14,existence,105.32
67,39,28,debt,161.04
127,85,42,debt,436.35
117,78,39,debt,299.52
66,35,31,payment,205.04
58,43,15,payment,193.48
73,20,53,payment,171.13
38,19,19,debt,102.18
48,33,15,debt,151.25
29,4,25,existence,63.33
75,41,34,debt,190.67
16,16,0,existence,49.63
71,33,38,debt,235.17
3,1,2,payment,13.05
20,1,19,debt,64.68
151,75,76,existence,408.62
146,9,137,debt,354.88
83,57,26,debt,290.06
157,154,3,payment,476.42
156,34,122,debt,386.3
157,28,129,debt,254.66
32,1,31,debt,81.06
36,19,17,existence,76.71
16,1,15,existence,22.79
128,32,96,payment,312.9
96,27,69,existence,159.6
9,2,7,debt,28.65
43,11,32,existence,83.59
120,76,44,debt,292.55
130,113,17,debt,270.71
81,27,54,debt,201.94
126,116,10,payment,314.98
124,12,112,existence,185.08
82,79,3,debt,181.08
67,51,16,existence,205.52
90,68,22,existence,272.74
81,53,28,debt,213.42
113,40,73,existence,322.39
143,9,134,existence,211.14
149,47,102,payment,408.65
63,12,51,debt,150.01
127,32,95,debt,334.31
85,49,36,debt,221.3
136,113,23,payment,426.56
24,2,22,payment,64.82
9,5,4,debt,45.38
116,40,76,debt,270.13
102,80,22,debt,278.77
86,8,78,payment,128.1
42,22,20,debt,138.21
48,20,28,debt,154.91
157,112,45,debt,391.88
128,88,40,payment,416.88
17,9,8,payment,48.35
11,7,4,existence,31.22
133,37,96,payment,291.97
99,92,7,existence,332.9
18,11,7,payment,54.65
14,5,9,debt,57.67
80,57,23,debt,267.18
84,24,60,payment,155.33
103,66,37,payment,322.23
146,140,6,debt,493.92
146,82,64,payment,280.73
50,8,42,existence,76.84
82,3,79,payment,196.97
59,25,34,payment,168.07
49,7,42,existence,103.77
53,27,26,existence,97.92
120,113,7,existence,402.81
2,2,0,payment,21.55
47,29,18,existence,160.28
115,4,111,payment,162.8
121,31,90,existence,325.06
20,4,16,payment,54.54
25,14,11,payment,58.95
146,122,24,debt,429.93
17,17,0,payment,54.27
105,100,5,existence,347.8
17,17,0,debt,65.6
72,15,57,debt,142.67
114,112,2,debt,323.44
13,12,1,payment,62.08
73,46,27,debt,183.55
98,69,29,existence,295.51
111,12,99,existence,228.22
86,80,6,debt,289.07
139,62,77,existence,404.93
43,7,36,debt,85.71
119,67,52,existence,264.99
147,76,71,debt,496.42
108,97,11,existence,322.96
145,21,124,debt,266.62
148,130,18,debt,340.39
90,18,72,payment,125.98
129,67,62,payment,347.19
99,54,45,debt,228.46
116,52,64,existence,195.1
53,16,37,existence,94.27
129,76,53,debt,265.59
69,69,0,existence,225.82
55,47,8,payment,187.96
100,36,64,payment,176.22
34,26,8,debt,112.47
138,37,101,existence,275.21
70,23,47,payment,209.25
21,17,4,debt,56.71
42,30,12,existence,100.86
79,34,45,existence,231.86
41,8,33,payment,88.29
153,29,124,payment,411.9
109,83,26,existence,241.57
95,42,53,debt,225.6
72,8,64,payment,178.17
152,115,37,debt,361.19
134,88,46,debt,431.04
144,133,11,existence,469.13
111,100,11,payment,310.98
61,12,49,debt,112.52
30,30,0,debt,94.01
19,2,17,payment,49.44
149,143,6,debt,399
31,10,21,existence,46.42
34,29,5,debt,100.56
120,36,84,payment,238.91
37,23,14,debt,120.72
131,98,33,existence,430.35
65,42,23,payment,189.54
104,93,11,payment,279.75
72,59,13,existence,261.08
149,148,1,debt,546.69
4,4,0,payment,28.05
61,57,4,existence,127.24
120,9,111,debt,191.11
28,20,8,existence,81.05
118,81,37,payment,388.33
115,20,95,debt,281.39
106,99,7,existence,341
9,2,7,existence,14.97
29,18,11,existence,72.26
43,29,14,debt,133.77
11,11,0,debt,58.08
56,24,32,payment,138.99
34,34,0,existence,76.79
33,21,12,payment,86.8
76,1,75,payment,130.43
153,10,143,existence,183.41
31,10,21,debt,91.36
54,13,41,payment,123.11
140,38,102,existence,347.63
21,18,3,payment,83.38
66,65,1,payment,243.15
147,141,6,payment,309.37
134,122,12,debt,404.21
86,78,8,debt,261.07
26,8,18,payment,53.48
8,6,2,debt,47.57
126,117,9,debt,471.83
146,83,63,existence,365.98
142,109,33,payment,297.08
85,37,48,payment,156.42
102,100,2,debt,342.33
75,55,20,payment,163.15
1,1,0,payment,11.33
49,46,3,debt,185.26
6,4,2,payment,30.94
131,125,6,debt,442.54
51,6,45,payment,82.92
109,2,107,payment,221.48
50,40,10,debt,184.8
124,121,3,payment,434.3
19,4,15,payment,39.84
7,4,3,existence,12.67
81,7,74,payment,206.05
143,94,49,debt,444.95
120,75,45,payment,270.12
70,16,54,payment,137
145,73,72,payment,300.59
90,70,20,payment,209.35
87,83,4,debt,250.28
103,27,76,payment,229.92
79,47,32,debt,216.6
75,56,19,existence,191.61
109,48,61,payment,286.29
16,14,2,payment,67.41
67,18,49,payment,154.54
30,13,17,debt,91.61
117,65,52,payment,331.29
7,7,0,payment,32.65
135,120,15,existence,307.68
64,33,31,existence,104.68
104,56,48,debt,229.66
96,47,49,existence,251.13
156,46,110,existence,324.08
106,78,28,existence,341.77
57,51,6,payment,132.86
87,17,70,payment,226.95
120,50,70,existence,252.34
19,5,14,debt,53.17
34,3,31,debt,72.32
100,4,96,debt,191.61
55,19,36,debt,148.6
88,77,11,payment,215.58
49,18,31,debt,130.82
140,128,12,debt,371.15
154,105,49,existence,376.49
31,8,23,payment,88.14
113,112,1,existence,287.59
55,11,44,payment,151.1
121,103,18,debt,439.33
94,69,25,existence,227.91
123,37,86,existence,238.18
88,87,1,payment,226.07
97,19,78,debt,252.46
71,30,41,debt,142.17
74,34,40,existence,169.66
18,11,7,debt,62.02
61,16,45,payment,142.99
31,30,1,existence,86
83,56,27,existence,191.3
145,77,68,payment,370.4
136,89,47,existence,240.08
135,116,19,debt,290.62
153,96,57,debt,294.66
92,20,72,debt,237.68
124,85,39,existence,299.32
6,2,4,debt,34.68
115,58,57,existence,316.66
105,80,25,debt,254.82
98,56,42,debt,228.86
38,34,4,debt,149.19
117,83,34,payment,361.3
12,1,11,debt,36.19
136,79,57,payment,376.24
78,68,10,existence,228.07
9,1,8,existence,15.12
42,26,16,existence,126.21
34,22,12,existence,113.65
67,6,61,debt,193.72
147,23,124,existence,289.96
11,5,6,existence,22.16
84,61,23,payment,220.95
145,59,86,payment,418.63
44,40,4,debt,140.96
108,38,70,payment,249.59
17,5,12,debt,46.31
99,5,94,existence,247.1
66,64,2,existence,165.98
141,72,69,debt,353.08
104,67,37,debt,308.28
147,50,97,debt,405.95
75,53,22,debt,231.48
20,8,12,payment,64.71
86,86,0,existence,214.54
118,102,16,debt,411.36
61,27,34,payment,179.28
123,94,29,debt,306.11
110,35,75,payment,229.04
66,32,34,existence,182.29
156,119,37,existence,385.18
93,45,48,existence,281.46
124,16,108,existence,162.2
58,10,48,existence,78.82
72,40,32,existence,216.65
126,36,90,debt,348.51
107,48,59,payment,297.46
115,101,14,existence,364.5
109,54,55,payment,319.14
21,5,16,payment,49.72
54,22,32,debt,169.66
96,22,74,existence,200.57
123,114,9,existence,435.67
124,79,45,debt,308.21
115,88,27,payment,294.3
124,60,64,debt,307.49
18,6,12,existence,50.14
121,28,93,existence,183.29
154,78,76,payment,455.15
60,59,1,payment,161.29
77,46,31,existence,227.15
98,74,24,existence,257.81
23,23,0,debt,76.1
39,16,23,payment,91.09
46,28,18,existence,108.7
65,35,30,existence,126.04
56,48,8,existence,165.52
135,67,68,existence,217.07
44,22,22,debt,131.55
77,53,24,debt,217.76
154,63,91,debt,328.93
124,61,63,existence,292.55
46,3,43,existence,72.7
83,62,21,debt,188.61
82,22,60,debt,192.72
116,39,77,debt,251.93
133,38,95,existence,313.96
142,15,127,debt,262.54
127,15,112,payment,199.57
147,64,83,existence,322.48
46,44,2,existence,128.96
60,44,16,payment,200.68
11,6,5,existence,23.89
8,3,5,debt,36.69
75,6,69,debt,110.47
146,108,38,existence,431.67
39,13,26,existence,99.1
70,2,68,debt,138.49
32,28,4,payment,90.37
45,44,1,payment,132.38
112,30,82,debt,215.93
73,6,67,payment,111.12
29,20,9,debt,74.01
86,4,82,debt,136.53
23,20,3,payment,75.42
89,57,32,payment,303.66
6,4,2,existence,17.95
88,39,49,existence,215.59
63,4,59,existence,159.66
128,84,44,payment,368.65
11,3,8,debt,28.32
38,6,32,debt,69.1
91,76,15,existence,255.31
9,1,8,debt,39.01
133,113,20,payment,356.09
53,18,35,payment,120.04
69,53,16,existence,203.06
71,19,52,payment,175.19
13,13,0,debt,53.16
99,33,66,debt,191.07
27,23,4,existence,53.63
5,2,3,payment,19.78
153,52,101,payment,365.43
64,39,25,existence,111.18
125,94,31,payment,405.01
144,132,12,debt,466.43
144,119,25,payment,470.37
153,1,152,existence,328.04
67,20,47,payment,175.41
123,12,111,payment,235.5
108,34,74,existence,209.24
86,12,74,payment,167.81
37,3,34,debt,91.79
58,20,38,existence,105.02
49,24,25,payment,101.9
72,14,58,payment,176.11
91,72,19,existence,229.11
10,6,4,payment,31.6
35,27,8,existence,87.04
27,21,6,existence,78.84
37,16,21,payment,114.25
133,34,99,debt,287.76
154,48,106,payment,399.48
48,33,15,existence,153.28
42,24,18,existence,110.83
122,34,88,existence,261.66
157,71,86,existence,407.24
132,88,44,payment,424.33
122,22,100,existence,193.32
75,48,27,payment,190.29
42,23,19,payment,101.47
147,130,17,debt,496.25
153,58,95,debt,365.99
28,12,16,payment,58.36
77,3,74,payment,109.19
9,9,0,existence,19.87
87,16,71,debt,132.34
142,43,99,existence,262.23
103,38,65,payment,186.09
117,9,108,debt,297.83
85,36,49,debt,189.67
138,82,56,payment,379.04
22,3,19,debt,69.16
6,6,0,debt,42.03
17,6,11,payment,47.33
45,32,13,existence,143.11
60,50,10,payment,155.62
108,58,50,existence,279.74
84,76,8,existence,256.98
155,9,146,payment,266.08
153,132,21,payment,397.82
136,1,135,debt,241.06
75,27,48,payment,138.01
134,130,4,existence,361.08
114,21,93,existence,254.98
58,20,38,payment,137.75
125,93,32,payment,433.7
43,3,40,existence,75.6
149,43,106,payment,381.36
94,79,15,existence,243.12
132,42,90,payment,345.33
156,110,46,payment,367.57
131,122,9,debt,366.32
16,10,6,existence,42.78
109,3,106,payment,188.39
89,24,65,debt,163.79
38,24,14,payment,115.11
84,25,59,payment,202.33
39,5,34,existence,94.03
7,6,1,payment,26.2
94,29,65,existence,137.64
19,19,0,debt,86.06
23,6,17,existence,65.72
94,22,72,payment,176.94
8,1,7,payment,27.19
16,11,5,debt,72.11
154,29,125,existence,379.14
102,45,57,payment,221.44
22,12,10,payment,69.04
100,72,28,payment,272.22
98,43,55,debt,198.63
16,16,0,existence,42.9
76,26,50,payment,176.3
144,110,34,debt,517.83
45,21,24,existence,124.02
88,75,13,payment,287.36
112,45,67,debt,301.83
5,3,2,payment,23.13
2,2,0,existence,5
31,12,19,existence,88.32
89,59,30,debt,184.53
127,22,105,debt,348.67
151,53,98,existence,362.36
96,57,39,payment,272.14
103,36,67,payment,208.93
139,25,114,payment,379.73
48,25,23,payment,132.63
114,52,62,debt,230.74
1,1,0,existence,2.93
14,11,3,debt,47.83
89,27,62,existence,213.22
53,10,43,debt,92.9
126,124,2,payment,471.68
109,7,102,existence,259.83
146,81,65,existence,420.14
28,22,6,existence,60.35
107,55,52,payment,250.51
79,54,25,debt,200.93
79,56,23,debt,267.09
23,2,21,payment,41.85
104,39,65,payment,264.83
3,3,0,existence,9.98
96,12,84,payment,245.72
151,130,21,payment,399.78
5,2,3,payment,27.32
57,9,48,payment,144.31
106,78,28,payment,245.92
58,23,35,existence,123.91
3,2,1,payment,20.7
107,35,72,debt,271.98
27,18,9,payment,81.29
98,27,71,existence,180.23
22,7,15,existence,40.46
90,38,52,payment,258.47
74,9,65,existence,132.82
38,20,18,debt,101.2
148,128,20,debt,410.5
64,49,15,debt,172.89
107,17,90,existence,145.11
151,17,134,payment,342.9
31,1,30,debt,81.14
129,9,120,payment,252.12
146,85,61,existence,437.07
61,52,9,payment,210.12
121,47,74,existence,306.92
64,58,6,existence,174.24
95,40,55,payment,167.76
101,28,73,payment,258.54
112,10,102,payment,153.04
106,9,97,payment,152.49
8,5,3,existence,26.99
36,30,6,debt,131.76
99,30,69,debt,291.06
25,25,0,debt,91.18
18,1,17,debt,55.24
137,35,102,debt,259.68
128,34,94,existence,208.66
157,39,118,existence,286.58
67,35,32,debt,195.98
123,101,22,debt,373.21
20,7,13,debt,81.62
31,2,29,debt,73.64
130,123,7,debt,393.41
9,9,0,existence,20.66
73,17,56,payment,155.51
4,1,3,payment,14.51
26,13,13,existence,64.92
70,61,9,debt,221.72
19,13,6,existence,53.48
65,65,0,existence,186.63
15,4,11,payment,38.1
85,6,79,debt,203.05
84,16,68,payment,187.46
79,8,71,payment,177.81
69,52,17,payment,176.55
78,65,13,payment,273.81
83,4,79,existence,116.06
103,54,49,debt,340.48
36,1,35,payment,107.22
150,103,47,debt,392.51
84,30,54,payment,178.46
89,26,63,debt,215.68
53,37,16,payment,156.73
97,18,79,debt,175.19
19,14,5,debt,62.94
56,48,8,debt,210.05
135,119,16,debt,424.72
152,126,26,existence,380.8
126,126,0,debt,397.89
54,47,7,payment,204.11
60,24,36,payment,120.93
95,79,16,existence,349.38
94,21,73,existence,196.87
110,49,61,debt,275.43
125,79,46,debt,277.53
102,4,98,existence,180.18
84,26,58,debt,157.02
14,9,5,payment,42.81
42,2,40,existence,95.91
23,22,1,payment,92.76
29,24,5,existence,74.87
33,13,20,existence,54.55
82,6,76,payment,129.6
62,54,8,payment,184.69
109,5,104,debt,254.4
72,17,55,payment,152.13
22,4,18,existence,56.56
151,134,17,debt,386.25
47,39,8,existence,123.29
2,1,1,existence,5.68
153,143,10,existence,362.8
91,39,52,debt,293.3
155,25,130,debt,322.82
1,1,0,existence,2.71
102,15,87,existence,214.24
131,14,117,existence,173.3
64,7,57,existence,113.79
68,34,34,debt,216.17
19,16,3,payment,58.32
77,25,52,payment,226.8
7,3,4,existence,20.93
27,20,7,existence,78.53
139,33,106,debt,237.11
135,27,108,payment,335.61
79,14,65,debt,176.66
140,82,58,existence,401.45
22,14,8,existence,52.65
18,11,7,debt,66.49
78,10,68,existence,107.86
78,70,8,debt,169.53
97,42,55,payment,231.83
68,10,58,debt,122.91
127,11,116,existence,164.99
136,16,120,payment,358.88
140,129,11,existence,290.39
55,54,1,existence,179.12
82,23,59,existence,157.14
58,39,19,debt,186.59
5,1,4,debt,19.56
99,29,70,existence,156.39
144,143,1,existence,446.82
138,96,42,payment,440.61
93,83,10,debt,344.3
12,7,5,debt,55.33
154,45,109,payment,330.77
95,91,4,debt,328.59
131,53,78,payment,283.45
91,9,82,debt,179.52
127,86,41,payment,328.83
145,135,10,existence,416.81
36,20,16,payment,117.47
80,73,7,existence,229.74
103,14,89,debt,240.85
43,37,6,debt,141.66
71,33,38,payment,168.8
105,19,86,debt,181.47
129,40,89,payment,294.84
132,14,118,debt,184.38
22,3,19,payment,58.25
9,9,0,existence,23.23
58,40,18,existence,129.76
148,116,32,debt,375.24
14,4,10,existence,27.18
114,85,29,payment,327.59
156,42,114,debt,387.8
60,37,23,existence,158.81
95,92,3,debt,288.7
144,58,86,debt,245.28
124,110,14,payment,384.05
77,12,65,debt,218.09
146,77,69,debt,297.06
125,3,122,debt,250.42
28,27,1,debt,125.91
10,10,0,payment,34.38
68,40,28,payment,186.81
101,41,60,debt,214.07
48,10,38,payment,89.99
18,2,16,debt,57.46
132,45,87,payment,305.13
55,15,40,payment,151.87
109,30,79,payment,280.49
75,53,22,existence,153.58
110,92,18,existence,386.96
126,17,109,debt,239.66
50,21,29,payment,100.68
59,2,57,existence,120.61
6,5,1,existence,15.17
48,14,34,existence,126.13
70,45,25,debt,254.19
95,38,57,existence,243.19
153,125,28,debt,369.97
149,85,64,debt,317.77
93,57,36,existence,201.58
35,17,18,payment,97.29
133,59,74,existence,285.02
17,16,1,existence,52.27
112,30,82,payment,316.3
29,26,3,existence,57.28
39,17,22,debt,99.62
53,49,4,existence,171.78
35,14,21,debt,114.11
135,73,62,payment,313.31
61,12,49,debt,115.25
86,34,52,payment,170.15
4,4,0,existence,10.44
38,16,22,payment,71.29
13,6,7,payment,53.84
42,26,16,debt,134.1
119,21,98,payment,197.48
74,6,68,existence,98.92
125,54,71,debt,372.54
131,48,83,existence,205.99
8,6,2,existence,27.52
92,43,49,existence,175.94
151,70,81,payment,359.03
130,1,129,payment,300.67
133,114,19,payment,421.07
135,8,127,existence,212.83
124,42,82,payment,265.49
107,46,61,payment,283.33
39,20,19,debt,122.04
51,9,42,payment,130.52
14,8,6,debt,63.95
9,2,7,debt,47.07
152,68,84,payment,295.98
82,3,79,existence,173.6
73,48,25,debt,232.46
138,25,113,debt,205.37
96,35,61,payment,259.16
61,52,9,existence,199.98
147,132,15,debt,480.23
61,54,7,debt,124.82
28,12,16,payment,76.31
104,8,96,debt,164.82
65,5,60,existence,128.49
101,50,51,debt,333.68
21,5,16,debt,69.03
122,2,120,payment,303.74
1,1,0,debt,17.95
50,37,13,existence,123.76
107,20,87,existence,279.15
86,33,53,debt,272.82
69,58,11,existence,162.88
55,30,25,payment,138.86
98,13,85,debt,163.65
114,88,26,existence,387.52
115,85,30,payment,356.14
77,68,9,existence,224.29
144,140,4,payment,559.61
16,8,8,payment,34.94
93,66,27,existence,281.64
12,5,7,existence,23.63
23,18,5,debt,71.69
152,139,13,payment,504.82
13,5,8,payment,49.52
86,68,18,payment,237.92
139,44,95,debt,391.16
63,58,5,payment,199.75
34,4,30,payment,90.46
18,5,13,existence,36.02
22,2,20,debt,83.55
50,13,37,payment,148.07
82,21,61,payment,182.1
102,84,18,existence,316.1
27,5,22,payment,46.95
26,11,15,existence,40.82
14,1,13,debt,57.02
68,58,10,debt,224.01
83,78,5,payment,211.6
145,44,101,debt,304.05
66,36,30,existence,177.04
29,16,13,existence,74.28
45,34,11,payment,168.32
7,5,2,debt,24.1
89,74,15,payment,203.19
69,57,12,existence,137.79
132,71,61,payment,313.96
34,26,8,debt,84.91
4,1,3,debt,30.05
51,32,19,existence,130.99
137,58,79,debt,367.97
149,65,84,debt,354.38
50,10,40,existence,76.13
94,78,16,existence,314.92
88,23,65,debt,156.01
133,88,45,payment,284.64
118,57,61,payment,358.38
49,23,26,payment,109.46
137,15,122,debt,374.96
49,48,1,debt,135.13
76,54,22,debt,193.8
122,98,24,payment,376.85
75,23,52,payment,198.83
95,18,77,payment,215.78
135,73,62,existence,409.72
37,19,18,payment,93.45
27,7,20,debt,89.65
113,66,47,payment,208.54
22,17,5,payment,82.8
152,108,44,debt,519.3
39,5,34,existence,51.5
80,59,21,debt,288.67
114,6,108,debt,237.28
109,31,78,debt,235.4
89,6,83,existence,124.26
35,33,2,existence,107.3
16,16,0,payment,50.05
20,6,14,debt,68.11
53,40,13,existence,166.79
59,32,27,payment,153.75
138,90,48,existence,449.75
110,57,53,existence,254.37
108,87,21,existence,293.06
59,39,20,payment,207.33
67,48,19,debt,158.46
73,13,60,existence,131.53
141,81,60,debt,373.96
49,26,23,existence,96.69
70,37,33,debt,133.16
100,31,69,existence,220.64
157,105,52,debt,480.73
111,2,109,payment,146.85
155,149,6,existence,443.37
9,2,7,debt,38.7
69,7,62,existence,126.46
136,116,20,existence,338.19
23,2,21,debt,57.33
67,49,18,debt,161.78
43,23,20,existence,107.03
17,5,12,payment,54.87
91,90,1,payment,272.35
59,59,0,payment,241.28
144,65,79,debt,373.83
103,15,88,debt,275.93
25,24,1,debt,91.84
109,15,94,payment,259.46
62,51,11,debt,218.89
89,18,71,debt,262.92
22,21,1,payment,86.85
49,10,39,existence,96.07
86,53,33,payment,200.9
130,7,123,debt,335.13
144,49,95,payment,368.12
11,3,8,existence,26.07
62,56,6,existence,124.97
34,13,21,payment,74.41
96,4,92,debt,127.15
39,32,7,payment,99.24
97,58,39,existence,254.12
70,17,53,existence,182.99
16,2,14,debt,52.33
107,91,16,existence,267.53
4,1,3,existence,10.83
113,56,57,payment,345.09
135,129,6,debt,293.11
136,30,106,debt,233.72
140,113,27,existence,421.95
56,22,34,payment,162.41
73,43,30,payment,180.31
29,4,25,debt,79.56
64,13,51,debt,123.72
145,74,71,debt,327
59,40,19,payment,180.06
87,27,60,debt,201.36
18,15,3,existence,52.35
70,37,33,debt,225.69
33,14,19,debt,80.18
21,8,13,payment,45.98
20,11,9,debt,64.57
45,8,37,payment,112.51
25,17,8,payment,87.11
90,3,87,existence,179.74
88,85,3,existence,305.25
132,130,2,debt,332.76
76,8,68,payment,144.97
67,33,34,debt,164.98
80,11,69,payment,220.56
11,7,4,debt,53.52
83,78,5,debt,257.83
88,47,41,debt,191.43
76,9,67,existence,198.13
122,86,36,existence,244.88
148,126,22,debt,435.34
115,44,71,debt,349.71
34,3,31,debt,93.38
80,58,22,debt,188.32
96,14,82,payment,228.12
133,8,125,debt,193.62
56,20,36,payment,143.62
61,19,42,debt,121.26
71,32,39,payment,195.89
138,18,120,payment,252
44,44,0,debt,122.55
33,11,22,existence,95.83
110,30,80,existence,165.5
119,79,40,payment,333.87
104,72,32,debt,278.7
103,75,28,payment,281.74
97,45,52,debt,287.11
10,2,8,existence,27.79
55,55,0,existence,145.72
142,78,64,debt,406.8
147,45,102,existence,232.91
88,3,85,debt,220.71
41,31,10,payment,134.3
146,139,7,payment,416.28
125,62,63,existence,399.5
62,39,23,debt,212.91
129,128,1,debt,299.5
67,20,47,payment,178.48
57,9,48,payment,153.6
37,8,29,payment,88.2
135,127,8,debt,312.18
20,8,12,debt,72.44
77,32,45,existence,151.41
121,48,73,existence,276.77
101,24,77,payment,225.27
122,99,23,debt,357.8
79,31,48,payment,229.14
24,20,4,debt,77.33
79,23,56,payment,180.44
53,8,45,payment,99.61
78,11,67,payment,191.8
79,34,45,existence,143.31
30,12,18,debt,67.49
16,8,8,payment,47.95
120,108,12,debt,393.91
117,56,61,existence,263.45
30,13,17,payment,85.11
74,24,50,payment,177.13
157,31,126,debt,383.41
61,53,8,payment,215.86
3,2,1,payment,15.94
33,1,32,existence,62.24
73,15,58,existence,117.81
152,149,3,payment,377.63
74,52,22,existence,170.53
148,86,62,payment,444.4
128,97,31,debt,390.17
37,18,19,existence,99.69
134,8,126,payment,219.33
34,6,28,payment,83.44
76,63,13,debt,264.79
6,6,0,debt,34.29
151,37,114,payment,341.97
10,2,8,payment,42.58
9,1,8,existence,16.29
98,61,37,existence,233.62
64,45,19,debt,197.04
141,71,70,existence,366.45
35,12,23,debt,106.98
75,69,6,payment,270.73
147,127,20,existence,444.87
61,10,51,debt,133.61
111,110,1,existence,335.1
67,37,30,debt,212.18
157,145,12,existence,527.52
86,13,73,existence,120.45
18,18,0,debt,76.21
144,37,107,existence,328.81
19,15,4,existence,54.95
113,86,27,existence,250.49
131,130,1,payment,379.23
67,40,27,existence,193.44
13,4,9,payment,47.96
60,29,31,existence,170.28
109,103,6,debt,333.5
93,33,60,existence,146.75
79,20,59,existence,171.43
86,47,39,existence,150.01
84,53,31,existence,221.26
133,100,33,payment,418.47
88,34,54,existence,169.27
84,68,16,payment,320.85
108,2,106,debt,186.11
1,1,0,existence,2.42
5,5,0,existence,18.38
34,15,19,payment,117.59
10,10,0,debt,52.3
97,66,31,payment,283.26
56,13,43,payment,149.23
120,116,4,payment,321.61
128,30,98,existence,253.23
34,26,8,payment,95.67
14,13,1,existence,48.93
64,1,63,debt,166.62
85,84,1,debt,299.51
146,146,0,debt,487.5
4,3,1,existence,8.8
105,104,1,debt,271.15
66,1,65,debt,126.5
65,18,47,debt,164.89
66,21,45,existence,187.97
98,86,12,debt,342.66
9,1,8,debt,28.73
120,6,114,existence,288.67
39,37,2,debt,146.15
120,27,93,payment,191.76
58,22,36,payment,176.58
14,11,3,debt,43.2
117,40,77,existence,349.21
79,3,76,debt,150.85
78,50,28,existence,205.52
66,17,49,existence,97.37
147,76,71,debt,427.34
101,58,43,existence,279.02
88,85,3,payment,307.82
126,121,5,existence,381.51
99,60,39,payment,310.77
65,64,1,existence,174.75
17,12,5,payment,57.96
64,25,39,debt,141.07
72,58,14,payment,242.25
25,21,4,debt,111.36
49,3,46,payment,120.86
26,10,16,existence,60.87
115,21,94,payment,186.68
140,19,121,payment,240.77
17,14,3,existence,34.67
80,48,32,existence,242.17
48,18,30,existence,115.96
17,2,15,debt,63.19
39,28,11,existence,92.27
141,34,107,payment,295.5
72,50,22,debt,245.17
135,27,108,existence,340.75
62,59,3,debt,153.29
94,6,88,existence,222.94
86,37,49,existence,187.79
118,10,108,payment,234.1
138,61,77,existence,264.64
137,93,44,existence,385.62
117,52,65,payment,252.56
57,41,16,payment,146.19
21,4,17,existence,39.43
50,28,22,existence,96.4
42,2,40,existence,100.89
124,83,41,debt,332.45
133,63,70,existence,369.19
151,84,67,existence,454.46
10,2,8,existence,22.9
153,126,27,debt,369.89
99,58,41,payment,237.79
79,72,7,existence,258.45
73,36,37,payment,141.45
33,8,25,payment,75.66
117,54,63,payment,312.77
107,46,61,payment,246.26
149,47,102,payment,363.73
54,9,45,debt,142.7
36,1,35,debt,79.38
88,19,69,payment,175.55
54,40,14,existence,164.48
125,4,121,existence,293.83
147,87,60,existence,349.63
5,5,0,debt,32.5
104,79,25,existence,226.1
60,24,36,existence,119.79
39,2,37,payment,78.51
4,4,0,existence,9.69
142,78,64,debt,458.2
128,16,112,payment,328.28
10,8,2,debt,41.58
60,47,13,existence,165.92
30,29,1,debt,90.58
47,13,34,existence,77.66
136,74,62,payment,398.34
128,92,36,debt,286.79
54,23,31,existence,125.52
107,75,32,payment,247.27
104,99,5,existence,282.73
21,13,8,existence,39.37
75,24,51,payment,208.1
63,54,9,debt,200.55
18,18,0,existence,69.98
77,49,28,existence,244.9
6,2,4,payment,22.86
139,119,20,payment,302.57
13,7,6,payment,41.82
123,96,27,debt,348.54
155,85,70,payment,390.62
56,3,53,debt,93.59
108,99,9,debt,261.7
35,31,4,payment,137.29
100,54,46,payment,254.39
85,48,37,debt,199.64
81,79,2,debt,254.82
37,17,20,debt,126.41
2,2,0,existence,5.45
33,20,13,payment,92.94
87,17,70,existence,164.86
107,36,71,debt,287.23
110,83,27,existence,344.42
48,29,19,payment,130.2
71,22,49,debt,139.09
78,45,33,existence,211.31
124,100,24,payment,297.22
156,72,84,debt,330.21
138,132,6,debt,403.44
114,63,51,payment,288.58
15,9,6,payment,50.27
2,1,1,debt,27.83
130,83,47,payment,328.71
144,93,51,existence,352.68
7,4,3,payment,31.53
62,43,19,existence,172.97
34,8,26,payment,101.04
73,26,47,debt,199.91
64,50,14,payment,178.84
117,94,23,existence,301.7
56,11,45,existence,91.64
121,109,12,payment,350.24
59,49,10,payment,142.42
132,35,97,debt,324.94
129,73,56,existence,308.18
13,4,9,existence,24.53
79,34,45,debt,256.3
131,111,20,payment,444.2
43,35,8,payment,145.61
152,117,35,payment,322.1
23,7,16,debt,80.21
124,18,106,existence,281.36
32,20,12,existence,86.34
111,40,71,payment,285.77
142,31,111,debt,295.53
58,52,6,payment,152.73
115,6,109,debt,255.85
156,28,128,debt,405.87
130,24,106,debt,289.19
28,21,7,debt,98.51
73,69,4,existence,248.86
52,38,14,existence,166.44
137,91,46,existence,375.05
131,72,59,existence,420.55
124,19,105,debt,279.79
106,83,23,debt,258.37
119,67,52,existence,297.16
23,13,10,debt,88.43
59,26,33,payment,130.8
67,38,29,existence,128.49
33,7,26,existence,57.93
99,45,54,payment,230.56
69,39,30,debt,239.6
155,47,108,debt,403.86
27,22,5,existence,80.4
75,1,74,existence,107.86
2,2,0,existence,4.36
148,48,100,existence,287.46
113,87,26,payment,400.17
68,5,63,debt,170.99
74,17,57,debt,152.27
20,12,8,payment,57.25
90,79,11,debt,221.25
92,81,11,debt,219.17
65,53,12,payment,241.41
81,60,21,existence,209.08
83,61,22,existence,163.77
85,55,30,existence,158.64
14,2,12,payment,50.05
32,12,20,debt,66.17
122,66,56,payment,304.62
20,5,15,debt,58.86
105,19,86,payment,201.94
147,90,57,existence,351.01
20,11,9,debt,67.42
7,5,2,existence,18.78
86,61,25,existence,240.73
147,120,27,payment,372.22
148,34,114,existence,333.77
50,14,36,debt,143.41
96,65,31,debt,240.83
26,20,6,existence,57.22
47,28,19,existence,147.27
128,67,61,existence,264.01
4,4,0,debt,27.45
66,48,18,existence,221.5
76,37,39,debt,215.65
8,3,5,existence,18.53
48,26,22,debt,134.66
48,24,24,existence,109.08
32,31,1,debt,93.46
31,12,19,debt,75.18
15,7,8,payment,45.89
132,119,13,payment,439
154,100,54,payment,447.01
97,88,9,debt,260.4
100,33,67,debt,174.52
24,8,16,debt,96.6
5,5,0,existence,15.7
156,15,141,debt,343.12
2,2,0,debt,34.99
39,27,12,existence,96.44
16,12,4,payment,48.22
142,41,101,existence,375.43
46,41,5,debt,123.65
85,54,31,payment,194.32
37,32,5,existence,100.02
99,14,85,payment,271.47
152,19,133,payment,366.42
4,4,0,existence,8.84
118,37,81,payment,261.56
21,13,8,existence,67.6
110,69,41,existence,255.19
58,15,43,existence,146.69
153,94,59,debt,477.35
148,78,70,existence,329.01
144,118,26,payment,391.25
53,52,1,debt,159.71
93,63,30,existence,302.93
81,18,63,debt,207.52
131,70,61,debt,431.85
43,41,2,existence,126.61
10,5,5,payment,42.28
66,46,20,existence,186.86
85,67,18,existence,154.19
133,110,23,payment,418.07
89,16,73,existence,211.16
90,4,86,debt,136.52
29,25,4,payment,88.75
101,86,15,existence,310.98
139,84,55,debt,385.4
144,38,106,payment,235.27
59,44,15,debt,205
140,106,34,debt,410.32
75,57,18,existence,175.99
117,66,51,existence,262.77
26,7,19,existence,47.75
142,85,57,payment,394.54
122,11,111,debt,316.98
90,49,41,existence,245.48
81,67,14,debt,241.08
107,58,49,existence,289.73
37,24,13,payment,89.31
21,1,20,existence,46.84
119,91,28,debt,343.14
135,75,60,payment,234.85
50,31,19,debt,170.12
104,53,51,debt,229.78
20,5,15,existence,41.58
148,3,145,debt,342.79
22,18,4,payment,68.5
131,125,6,debt,396.62
25,14,11,payment,70.61
12,2,10,debt,56.68
55,28,27,payment,120.23
137,52,85,existence,373.41
81,48,33,existence,186.97
30,1,29,existence,35.88
52,30,22,payment,181.47
58,56,2,payment,154.35
66,2,64,payment,161.91
144,105,39,debt,459.16
140,133,7,payment,461.79
89,68,21,debt,255.56
74,1,73,debt,196.42
138,115,23,payment,398.71
108,99,9,debt,243.61
45,11,34,debt,107.42
74,14,60,payment,211.01
56,22,34,payment,110.94
24,9,15,payment,56.47
42,27,15,payment,116.65
96,27,69,payment,172.05
28,8,20,debt,68.2
77,2,75,existence,103.4
41,4,37,existence,51.52
106,58,48,payment,206.37
78,70,8,debt,215.9
90,76,14,debt,287.17
130,58,72,existence,221.94
69,41,28,debt,178.44
147,146,1,payment,441.62
33,30,3,payment,105.72
39,8,31,payment,65.32
109,3,106,payment,257.54
156,4,152,existence,322.18
57,21,36,existence,105.65
14,4,10,existence,22.53
25,24,1,existence,74.06
45,35,10,existence,123.8
15,6,9,debt,36.22
111,104,7,payment,214.03
117,44,73,debt,239.33
88,87,1,payment,248.95
94,53,41,payment,226.44
41,39,2,debt,160.61
81,44,37,debt,247.92
84,36,48,existence,159.45
112,39,73,debt,260.27
51,40,11,payment,134.71
115,56,59,payment,344.04
86,48,38,debt,208.56
46,11,35,debt,118.48
9,6,3,debt,39.66
60,58,2,existence,151.08
152,149,3,payment,499.29
155,33,122,payment,270.24
3,1,2,existence,7.61
72,28,44,payment,160.07
2,2,0,existence,5.53
147,45,102,debt,274.47
101,6,95,payment,240.55
48,15,33,payment,92.02
104,37,67,debt,209.02
5,5,0,debt,26.36
127,105,22,debt,359.58
152,4,148,existence,267.24
94,69,25,existence,225.13
78,29,49,payment,190.88
69,64,5,payment,207.56
31,14,17,payment,59.53
13,7,6,debt,53.14
130,106,24,existence,334.48
123,66,57,payment,227.44
33,12,21,debt,113.62
7,2,5,debt,39.12
10,2,8,payment,26.57
4,2,2,existence,8.44
46,1,45,debt,142.96
62,17,45,payment,116.39
64,1,63,payment,149.43
90,38,52,payment,227.89
109,25,84,debt,176.69
128,69,59,existence,320.55
144,18,126,existence,253.51
57,8,49,existence,131.04
33,20,13,payment,112.17
153,106,47,payment,473.33
140,102,38,debt,359.04
82,20,62,debt,151.15
59,40,19,debt,144.7
31,17,14,payment,92.43
45,26,19,existence,83.64
57,41,16,payment,177.51
147,139,8,debt,488.52
55,10,45,debt,158.45
156,92,64,payment,465.67
130,30,100,existence,302.55
16,4,12,payment,38.89
5,4,1,payment,22.29
57,17,40,payment,141.64
73,28,45,payment,141.99
57,46,11,debt,154.58
63,32,31,payment,159.85
51,48,3,payment,159.59
85,30,55,debt,215.55
48,19,29,payment,94.33
149,127,22,payment,348.12
23,18,5,existence,72.13
59,54,5,payment,150.41
104,54,50,payment,267.73
52,44,8,payment,138.61
125,37,88,payment,212.99
57,56,1,payment,142.64
112,50,62,payment,287.7
13,13,0,debt,58.1
147,131,16,existence,458.59
134,36,98,payment,275.46
1,1,0,existence,3.73
63,17,46,debt,131.21
96,44,52,existence,170.88
73,21,52,debt,231.51
50,3,47,existence,117.62
82,26,56,debt,268.6
115,37,78,debt,200.87
50,40,10,existence,160.82
119,44,75,existence,238.9
59,33,26,payment,205.97
31,4,27,existence,75.79
81,11,70,existence,175.59
113,112,1,existence,212.64
17,3,14,existence,27.01
134,128,6,payment,448.45
58,19,39,existence,114.13
81,37,44,debt,180.62
79,18,61,payment,192.09
130,109,21,debt,409.33
44,4,40,debt,117.38
148,43,105,payment,314.93
118,92,26,debt,264.22
127,107,20,debt,378.29
153,74,79,existence,354.39
80,43,37,debt,166.29
32,27,5,existence,72.15
3,2,1,payment,16.36
34,20,14,payment,111.7
65,51,14,payment,166.15
91,21,70,payment,235.88
148,125,23,payment,452.67
63,47,16,debt,200.23
91,19,72,debt,269.96
56,12,44,payment,99.32
128,80,48,existence,360.47
155,119,36,payment,372.04
38,9,29,debt,81.41
153,144,9,debt,410.3
35,29,6,debt,123.33
48,36,12,debt,175.12
37,7,30,payment,115.84
117,13,104,payment,229.66
66,31,35,payment,138.32
91,10,81,debt,228.67
71,22,49,debt,128.62
112,61,51,debt,230.2
48,22,26,payment,96.41
132,24,108,debt,290.86
10,10,0,payment,40.96
79,66,13,debt,291.63
127,63,64,payment,219.45
24,16,8,payment,67.96
115,37,78,existence,325.61
30,21,9,existence,82.06
28,21,7,payment,84.42
63,18,45,payment,118.19
137,10,127,existence,310.87
69,39,30,existence,139.49
140,20,120,existence,278.42
87,11,76,existence,219.17
141,60,81,payment,359.89
106,42,64,debt,298.31
75,25,50,payment,186.89
75,55,20,existence,259.79
57,52,5,existence,162.67
79,18,61,debt,181.59
55,5,50,debt,88.31
72,37,35,existence,133.06
87,14,73,debt,202.31
101,1,100,existence,221.41
121,54,67,existence,238.1
65,60,5,existence,157.06
93,21,72,existence,215.77
86,78,8,debt,184.36
35,5,30,existence,57.49
115,27,88,debt,205.78
89,5,84,payment,212.88
6,1,5,debt,32.37
133,84,49,payment,389.44
138,9,129,payment,336.6
91,87,4,debt,196.84
127,127,0,existence,416.42
45,6,39,debt,130.06
9,4,5,debt,28.84
140,133,7,payment,454.99
98,52,46,debt,312.75
121,54,67,payment,247.77
35,14,21,debt,104
95,10,85,payment,209.98
41,21,20,existence,108.36
154,30,124,payment,315.02
29,9,20,debt,91.01
74,7,67,existence,158.49
58,1,57,payment,160.33
91,52,39,existence,255.53
35,15,20,payment,94.97
15,10,5,debt,50.94
109,5,104,payment,235.72
61,59,2,existence,152.89
57,25,32,debt,169.65
57,40,17,debt,150.53
85,67,18,existence,199.17
39,28,11,debt,133.66
17,5,12,existence,29.12
106,102,4,debt,369.57
142,24,118,debt,389.81
72,37,35,debt,178.81
118,57,61,debt,329.28
150,76,74,existence,281.62
73,47,26,debt,218.05
137,62,75,payment,334.22
148,132,16,payment,374.54
8,2,6,existence,11.75
92,83,9,existence,260.64
130,120,10,existence,490.82
118,114,4,debt,436.57
140,13,127,debt,213.89
14,11,3,payment,57.68
75,15,60,debt,213.39
39,32,7,existence,113.01
117,10,107,debt,178.02
155,25,130,payment,256.96
56,33,23,payment,121.49
122,66,56,debt,313.3
86,30,56,existence,205.6
140,133,7,debt,445.62
2,1,1,payment,20.22
64,4,60,debt,160.27
82,13,69,debt,132.57
108,48,60,payment,264.37
63,56,7,payment,229.62
41,12,29,existence,71.63
83,37,46,debt,238.49
11,3,8,debt,45.55
90,80,10,payment,265.88
156,133,23,debt,448.94
55,54,1,payment,150.23
154,31,123,existence,352
137,122,15,payment,300.33
34,31,3,debt,103.35
30,30,0,existence,91.74
109,90,19,debt,264.1
111,28,83,debt,192.11
85,73,12,existence,259.59
76,75,1,existence,186.21
49,6,43,debt,107.62
6,2,4,debt,31.28
148,63,85,existence,324.2
153,32,121,debt,263.07
145,139,6,debt,386.38
13,6,7,existence,36.28
77,8,69,payment,170.07
105,102,3,existence,277.1
28,17,11,existence,62.06
93,16,77,debt,232.81
14,12,2,existence,48.47
157,45,112,payment,410.92
40,32,8,existence,121.35
132,87,45,existence,401.29
131,50,81,payment,302.26
51,36,15,payment,116.26
18,15,3,debt,90.19
45,43,2,payment,167.4
95,62,33,existence,289.73
91,56,35,existence,294.76
52,46,6,debt,147.79
3,1,2,debt,29.12
42,18,24,payment,86.69
149,72,77,payment,375.17
72,26,46,payment,123.29
130,115,15,existence,345.28
60,19,41,payment,143.6
139,120,19,debt,399.27
33,28,5,payment,92.65
69,63,6,existence,203.53
21,4,17,existence,40.89
84,59,25,existence,205.87
40,13,27,existence,73.48
131,31,100,payment,207.39
78,58,20,payment,268.36
42,30,12,payment,118.76
142,82,60,existence,393.81
56,26,30,existence,155.14
150,136,14,payment,472.59
115,57,58,payment,245.84
79,71,8,debt,189.69
118,68,50,debt,406.56
134,125,9,payment,408.58
108,93,15,payment,306.21
80,62,18,existence,229.11
46,25,21,existence,133.73
108,40,68,payment,284.49
135,5,130,payment,350.01
44,6,38,debt,106.16
149,11,138,existence,195.48
122,13,109,existence,291.32
55,54,1,debt,172.64
49,13,36,payment,92.03
66,27,39,debt,149.11
65,57,8,payment,137.19
83,9,74,existence,134.63
4,1,3,debt,27.82
118,110,8,existence,334.38
1,1,0,debt,14.2
83,60,23,debt,216.63
71,69,2,payment,247.83
131,53,78,existence,282.76
91,54,37,payment,206.05
37,35,2,existence,113.39
60,59,1,existence,162.1
102,60,42,debt,247.15
31,2,29,payment,69.81
55,13,42,debt,173.24
129,7,122,debt,194.02
80,75,5,debt,255.2
15,4,11,existence,33.12
58,56,2,debt,189.66
112,55,57,debt,320.12
88,31,57,payment,249.82
14,9,5,debt,65.63
29,21,8,debt,71.8
57,14,43,debt,151.01
151,78,73,debt,383.2
138,126,12,payment,437.35
27,11,16,debt,92.08
98,73,25,existence,242.69
31,5,26,existence,49.29
121,74,47,debt,280.42
53,6,47,payment,84.63
101,2,99,existence,224.12
146,32,114,existence,257.29
82,62,20,payment,251.62
8,7,1,debt,30.37
61,30,31,payment,139.01
9,3,6,debt,44.22
93,33,60,payment,152.35
119,74,45,debt,292.26
152,90,62,payment,377.16
113,25,88,debt,291.03
101,19,82,payment,170.01
135,27,108,existence,239.54
96,3,93,debt,223.31
11,8,3,payment,32.68
70,61,9,payment,188.46
97,29,68,debt,224.7
61,42,19,debt,199.81
38,33,5,payment,130.39
15,11,4,existence,44.44
140,57,83,payment,339.13
67,57,10,payment,182.51
38,8,30,debt,100.69
43,22,21,payment,81.08
97,43,54,existence,266.89
30,24,6,payment,85.68
98,51,47,debt,304.06
152,78,74,existence,371.74
67,56,11,payment,150.91
142,76,66,debt,276.37
38,36,2,existence,135.15
151,69,82,payment,278.78
52,21,31,payment,152.14
54,21,33,existence,153.29
82,73,9,debt,227.88
88,30,58,debt,158.45
35,1,34,payment,82.23
53,49,4,payment,152.74
75,55,20,debt,205.7
118,42,76,debt,345.56
46,25,21,debt,128.87
122,74,48,debt,218.63
29,2,27,payment,68.29
127,29,98,existence,311.43
72,37,35,debt,233.98
22,2,20,existence,34.57
108,54,54,payment,263.54
115,12,103,debt,250.73
108,17,91,debt,162.72
127,66,61,existence,286.08
37,12,25,payment,105.82
138,20,118,payment,302.64
122,4,118,debt,229.15
62,43,19,existence,163.36
24,6,18,existence,40.95
150,121,29,payment,447.68
38,18,20,payment,98.02
6,1,5,existence,11.2
112,90,22,payment,299.78
18,9,9,payment,53.49
138,63,75,payment,405.41
8,4,4,debt,46.19
148,77,71,existence,275.25
56,54,2,debt,172.09
102,67,35,debt,260.41
93,93,0,existence,270.65
9,2,7,debt,32.74
23,10,13,debt,61.24
75,23,52,debt,149.21
33,33,0,payment,121.01
123,65,58,existence,285.51
9,7,2,debt,56.72
153,24,129,debt,312.29
56,7,49,existence,74.24
11,4,7,debt,55.48
38,13,25,existence,53.35
4,1,3,debt,35.24
96,88,8,existence,231.21
153,1,152,existence,260.41
74,13,61,existence,104.51
44,16,28,existence,113.94
91,61,30,debt,292.47
23,12,11,existence,44.42
32,5,27,existence,72.78
82,76,6,debt,194.1
31,3,28,debt,92.46
54,1,53,existence,108.88
144,115,29,debt,449.17
10,8,2,existence,28.48
60,49,11,debt,206.98
41,37,4,existence,143.82
4,3,1,existence,12.22
20,20,0,payment,70.94
16,1,15,payment,47.85
20,12,8,existence,37.26
101,61,40,debt,240.57
47,2,45,debt,109.18
65,46,19,debt,233.2
34,5,29,debt,107.82
112,94,18,existence,275.59
46,17,29,existence,116.64
118,75,43,existence,321.66
27,18,9,debt,99.24
70,63,7,existence,196.97
88,56,32,payment,193.32
47,34,13,debt,119.63
114,105,9,debt,371.55
130,18,112,existence,199.43
64,57,7,payment,255.63
91,15,76,existence,229.68
91,76,15,debt,246.93
128,57,71,debt,342.86
115,5,110,existence,154.8
138,43,95,debt,396.65
1,1,0,debt,30.49
117,109,8,existence,315.07
37,15,22,existence,61.32
146,71,75,payment,431.74
118,16,102,debt,299.18
39,28,11,debt,111.44
61,41,20,payment,148.24
36,8,28,debt,75.07
89,43,46,existence,192.26
102,32,70,payment,257.45
146,33,113,existence,296.01
110,92,18,payment,289.93
63,2,61,existence,81.47
154,77,77,debt,341.07
18,9,9,payment,43.11
83,18,65,existence,176.7
1,1,0,debt,23.89
65,55,10,existence,191.68
106,85,21,payment,282.58
11,9,2,existence,28.44
10,8,2,existence,31.78
147,93,54,debt,305.54
85,30,55,payment,237.07
96,89,7,debt,334.82
11,11,0,payment,42.54
89,51,38,payment,240.67
50,34,16,payment,143.91
102,53,49,debt,222.61
40,31,9,payment,106.05
143,86,57,existence,399.39
51,24,27,payment,136.63
63,20,43,payment,169.82
105,81,24,debt,283.16
37,14,23,payment,80.04
107,12,95,payment,157.13
35,30,5,payment,96.42
150,107,43,existence,320.59
75,15,60,existence,113.79
21,15,6,debt,70.49
75,44,31,payment,240.5
37,32,5,payment,113.49
10,7,3,debt,46.35
36,26,10,existence,103.74
11,9,2,existence,22.83
4,4,0,debt,31.38
8,8,0,payment,44.38
150,67,83,debt,415.61
84,52,32,debt,171.99
62,10,52,existence,117.44
126,14,112,existence,238.66
121,3,118,debt,224.91
134,93,41,existence,262.76
29,16,13,existence,44.9
109,22,87,payment,230.72
79,75,4,debt,253.85
63,44,19,payment,154.77
92,19,73,debt,207.42
138,137,1,debt,396.75
142,39,103,payment,403.86
94,18,76,payment,264.3
156,97,59,debt,360.37
16,13,3,existence,56.52
98,71,27,existence,232.4
117,6,111,payment,180.46
5,5,0,debt,25.12
9,2,7,payment,22.64
130,53,77,existence,333.14
12,5,7,debt,47.93
54,51,3,payment,188.46
62,58,4,debt,207.03
15,9,6,debt,51.27
131,69,62,debt,289.97
133,35,98,debt,239.83
68,63,5,payment,173.33
35,9,26,existence,90.75
50,25,25,existence,98.12
87,63,24,existence,236.6
23,18,5,payment,55.66
46,6,40,debt,136.34
48,8,40,payment,104.73
85,63,22,debt,181.23
45,30,15,payment,118.59
142,125,17,debt,433.91
138,39,99,payment,222.31
96,77,19,payment,235.15
89,19,70,debt,157.97
55,3,52,existence,113.29
129,89,40,existence,355.1
68,21,47,debt,169.24
89,46,43,payment,264.53
48,21,27,payment,113.69
110,30,80,debt,301.51
7,6,1,payment,32.08
124,50,74,payment,332.01
9,8,1,existence,26.96
50,35,15,payment,115.28
87,47,40,debt,180.62
83,82,1,existence,256.24
30,3,27,debt,82.27
108,45,63,debt,272.3
106,96,10,payment,276.13
105,43,62,debt,282.5
22,12,10,existence,52.34
55,39,16,existence,164.12
53,20,33,debt,171.46
128,31,97,existence,220.07
34,13,21,existence,61.62
143,128,15,existence,393.75
34,34,0,debt,120.46
107,48,59,debt,301.82
83,55,28,payment,230.83
81,39,42,debt,200.76
12,11,1,debt,66.44
13,3,10,debt,37.1
63,45,18,payment,201.17
24,7,17,payment,69.65
146,47,99,debt,409.79
27,3,24,payment,62.93
135,42,93,existence,275.83
106,25,81,existence,211.26
102,8,94,existence,193.07
38,14,24,existence,107.52
87,14,73,existence,176.28
23,15,8,payment,77.65
73,9,64,debt,139.12
47,24,23,debt,159.12
156,10,146,payment,228.57
101,4,97,payment,201.81
67,52,15,existence,193.36
63,52,11,payment,159
33,16,17,payment,89.04
118,28,90,debt,223.84
46,10,36,existence,97.82
10,4,6,payment,33.25
111,39,72,existence,208.39
57,17,40,existence,109.38
135,102,33,existence,351.44
90,66,24,debt,273.38
2,1,1,debt,21.13
130,39,91,debt,282.93
136,108,28,debt,400.87
120,99,21,debt,331.81
5,4,1,debt,22.07
128,82,46,existence,252.46
46,4,42,debt,101.52
119,86,33,payment,319.44
118,30,88,payment,257.91
61,53,8,payment,196.1
12,9,3,existence,29.51
54,2,52,existence,131.09
110,70,40,payment,346.53
79,69,10,existence,206.49
53,7,46,payment,101.13
156,117,39,existence,385.16
86,55,31,debt,263.19
77,34,43,debt,233.39
156,14,142,payment,302.93
86,55,31,existence,210.58
60,40,20,existence,105.17
153,64,89,existence,441.27
33,9,24,existence,69.06
140,112,28,payment,380.8
104,2,102,debt,235.64
139,72,67,debt,381.43
131,120,11,payment,417.57
131,87,44,payment,326.03
112,100,12,payment,342.9
95,27,68,debt,232.39
14,2,12,payment,43.45
76,25,51,existence,145.7
66,26,40,debt,208.98
24,4,20,debt,54.96
63,4,59,debt,155.31
82,45,37,payment,173.44
39,39,0,existence,94.37
35,32,3,existence,109.36
76,31,45,payment,147.09
129,63,66,debt,240.89
103,87,16,payment,365.61
95,11,84,debt,210.11
135,48,87,debt,280.91
28,13,15,payment,76.99
39,20,19,existence,116.39
23,3,20,payment,48.04
37,20,17,debt,132.35
19,8,11,debt,54.43
51,12,39,existence,95.94
41,30,11,payment,116.53
121,46,75,existence,284.41
74,66,8,payment,200.35
79,65,14,payment,183.26
120,6,114,payment,157.03
33,29,4,payment,99.82
139,58,81,debt,376.19
84,17,67,debt,226.63
17,3,14,payment,38.6
47,24,23,debt,111.49
93,50,43,existence,256.42
11,1,10,debt,48
44,31,13,payment,124.46
118,14,104,debt,221.64
72,8,64,payment,193.68
1,1,0,debt,22.77
44,22,22,payment,89.18
23,21,2,debt,84.82
2,2,0,payment,14.83
19,13,6,existence,42.16
44,23,21,existence,79.94
51,4,47,existence,79.9
40,31,9,debt,101.8
104,36,68,debt,324.44
38,35,3,existence,124.68
71,30,41,debt,199.08
139,53,86,existence,203.48
47,28,19,existence,86.85
30,8,22,payment,95.14
43,20,23,existence,83.34
59,11,48,debt,167.33
87,25,62,debt,155.69
144,84,60,existence,416.12
127,80,47,payment,358.31
113,111,2,debt,319
35,30,5,existence,89.7
132,78,54,debt,352.36
116,67,49,existence,303.57
137,77,60,existence,388.82
133,17,116,payment,219.13
105,83,22,payment,281.83
44,19,25,debt,112.42
40,8,32,existence,91.31
11,11,0,existence,27.58
125,44,81,payment,231.02
115,39,76,payment,304.27
6,2,4,debt,32.58
88,26,62,existence,223.3
21,18,3,existence,42.57
61,36,25,payment,147.89
146,20,126,debt,276.66
44,19,25,payment,117.54
20,7,13,payment,59.05
95,59,36,payment,249.32
16,9,7,payment,60.28
27,7,20,debt,68.21
34,24,10,payment,120.65
13,9,4,payment,42.23
22,18,4,payment,67.53
52,23,29,payment,141.22
38,9,29,debt,124.48
16,15,1,existence,57.08
130,83,47,payment,318.27
125,24,101,payment,185.9
148,146,2,existence,403.7
112,82,30,debt,314.48
14,1,13,debt,36.6
19,8,11,debt,67.01
2,2,0,debt,31.04
113,56,57,debt,263.29
129,90,39,debt,348.48
134,43,91,debt,264.29
104,93,11,debt,281.84
113,81,32,debt,365.06
35,30,5,debt,130.1
117,7,110,payment,180.74
18,12,6,debt,52.28
16,6,10,debt,53.23
24,16,8,debt,84.65
35,6,29,debt,95.83
26,22,4,payment,89.92
49,32,17,debt,114.64
35,34,1,payment,118.86
2,2,0,debt,19.3
103,27,76,payment,194.61
109,25,84,debt,290.42
8,5,3,payment,32.1
74,49,25,debt,261.96
111,64,47,existence,271.24
88,59,29,debt,189
72,49,23,debt,215.48
126,126,0,debt,402.68
72,64,8,debt,232.44
76,34,42,payment,180.05
156,58,98,debt,315.95
63,37,26,payment,152.82
136,27,109,debt,353.36
101,60,41,debt,313.62
117,13,104,existence,188.35
76,13,63,payment,117.52
144,112,32,payment,376.82
39,3,36,debt,87.26
146,89,57,debt,388.85
87,55,32,debt,210.42
30,10,20,existence,78.26
28,25,3,existence,94.54
74,6,68,existence,141.32
117,81,36,debt,345.25
72,52,20,debt,218.39
81,21,60,debt,195.57
40,10,30,payment,113.48
3,1,2,existence,5.63
109,5,104,debt,150.19
120,72,48,payment,333.17
19,15,4,debt,63.86
137,68,69,existence,254.66
61,15,46,payment,152.12
92,90,2,debt,291.48
46,3,43,debt,99.06
117,96,21,debt,235.86
74,14,60,debt,117.66
20,17,3,debt,70.46
18,6,12,existence,29.85
154,54,100,payment,369.98
91,38,53,existence,276.32
48,8,40,debt,123.5
71,19,52,existence,127.14
48,3,45,existence,81.95
133,120,13,payment,456.66
11,7,4,payment,40.11
114,93,21,payment,258.34
49,18,31,existence,88.92
16,16,0,debt,54.73
19,12,7,debt,52.07
142,14,128,payment,226.2
153,82,71,existence,370.36
82,16,66,existence,186.55
43,37,6,payment,128.33
100,74,26,payment,263.75
88,80,8,debt,279.08
83,61,22,payment,228.53
14,3,11,payment,37.02
38,37,1,existence,124.63
26,11,15,existence,47.1
55,49,6,payment,147.22
104,76,28,debt,250.93
85,36,49,debt,215.23
57,54,3,existence,147.39
126,123,3,debt,431.81
28,7,21,payment,57.18
86,78,8,payment,325.15
6,3,3,debt,31.45
119,37,82,existence,172.57
10,2,8,existence,13.94
134,117,17,payment,421.21
96,5,91,debt,137.99
75,59,16,payment,212.41
72,6,66,existence,148.32
44,20,24,debt,130.96
59,54,5,existence,174.8
153,135,18,debt,347.77
152,94,58,debt,486.19
60,50,10,existence,195.59
110,29,81,existence,162.15
109,79,30,debt,307.49
41,40,1,existence,100.63
12,12,0,debt,61.29
65,24,41,payment,117.6
34,20,14,existence,85.9
32,25,7,payment,87.21
76,53,23,existence,204.78
85,54,31,existence,253.25
121,120,1,existence,317.09
136,64,72,debt,319.26
62,16,46,payment,99.46
11,2,9,existence,19.3
51,45,6,existence,127.76
49,4,45,payment,84.36
146,30,116,existence,232.55
101,41,60,debt,252.16
74,16,58,existence,186.08
42,15,27,payment,133.25
142,102,40,existence,377.25
66,14,52,payment,185.01
111,17,94,debt,229.86
85,4,81,debt,216.74
25,16,9,payment,82.26
44,11,33,existence,108.05
71,47,24,payment,204.99
107,2,105,existence,153.39
133,22,111,payment,363.52
22,1,21,existence,54.73
123,8,115,debt,231.95
24,6,18,existence,54.33
115,31,84,existence,165.41
112,26,86,existence,291.27
106,73,33,debt,384.77
76,72,4,debt,266.58
140,3,137,existence,311.22
100,85,15,debt,274.24
66,38,28,debt,163.39
124,61,63,payment,368.97
137,129,8,debt,462.83
137,129,8,payment,359.73
149,113,36,existence,461.06
6,1,5,debt,39.25
125,96,29,debt,365.84
125,63,62,payment,339.16
108,106,2,payment,340.41
78,1,77,payment,182
151,95,56,debt,395.31
90,77,13,payment,274.36
33,6,27,existence,69.74
51,39,12,payment,148.11
155,51,104,debt,431.12
75,6,69,payment,124.91
86,70,16,debt,231.61
48,12,36,debt,114.57
64,10,54,payment,163.89
98,51,47,payment,186.87
12,12,0,existence,38.74
84,40,44,existence,143.94
83,55,28,payment,185.48
9,9,0,debt,43.94
60,45,15,payment,165.57
46,14,32,payment,90.49
129,75,54,existence,227.09
123,55,68,payment,337.19
119,22,97,existence,171.31
73,67,6,debt,210.67
157,70,87,existence,459.98
32,15,17,payment,85.18
1,1,0,payment,10.02
155,9,146,existence,362.79
155,95,60,payment,341.19
27,18,9,existence,57.05
10,8,2,existence,31.24
65,47,18,debt,138.71
138,118,20,payment,278.53
97,26,71,payment,169.44
133,78,55,payment,414.07
54,37,17,payment,120.94
78,35,43,debt,230.92
27,1,26,debt,86.65
21,10,11,existence,51.5
114,51,63,payment,225.09
76,15,61,debt,233.93
67,55,12,existence,198.67
77,56,21,existence,216.33
148,25,123,payment,258.88
123,6,117,existence,286.18
110,83,27,debt,369.89
133,42,91,debt,255.76
135,17,118,payment,291.08
54,7,47,debt,133.21
52,45,7,existence,153.85
89,79,10,existence,245.91
54,54,0,existence,136.47
83,72,11,payment,220
104,8,96,debt,213.94
33,33,0,debt,109.91
66,1,65,payment,105.29
74,48,26,payment,189.15
73,46,27,existence,157.8
126,75,51,debt,307.41
50,44,6,existence,174.5
44,39,5,debt,172.11
132,109,23,debt,385.89
104,35,69,debt,242.01
9,6,3,existence,18.23
35,9,26,existence,67.26
130,25,105,existence,338.51
8,8,0,existence,25.65
51,37,14,existence,127.94
9,2,7,debt,41.52
11,4,7,debt,25.91
74,6,68,payment,101.5
101,92,9,existence,354.17
118,65,53,existence,356.43
57,47,10,debt,194.73
68,61,7,existence,169.23
119,34,85,payment,324
103,102,1,payment,354.11
124,89,35,debt,271.25
49,44,5,payment,121.38
115,14,101,payment,271.01
91,2,89,payment,192.87
73,21,52,debt,175.21
74,5,69,payment,149.8
18,4,14,debt,53.69
45,13,32,payment,83.91
142,31,111,existence,253.46
60,22,38,payment,101.56
117,79,38,payment,372.7
15,7,8,existence,36.12
3,1,2,debt,26.53
130,109,21,payment,317.03
84,43,41,debt,169.7
63,4,59,payment,102.08
87,44,43,existence,146.74
107,78,29,existence,251.63
25,7,18,debt,61.15
157,106,51,debt,350.98
52,24,28,existence,108.83
25,14,11,payment,78.78
92,58,34,debt,233.17
86,25,61,payment,156.02
25,17,8,existence,58.86
118,87,31,debt,320.11
114,70,44,debt,273.48
142,67,75,existence,358.26
86,4,82,payment,133.47
26,10,16,existence,64.63
79,36,43,existence,141.5
141,58,83,debt,403.81
85,18,67,existence,160.53
143,139,4,payment,416.64
19,14,5,existence,49.48
156,98,58,debt,376.75
49,9,40,existence,117.05
99,99,0,debt,324.67
68,1,67,existence,156.33
42,15,27,existence,102.04
113,42,71,existence,184.97
68,3,65,existence,110.56
78,49,29,debt,246.41
96,9,87,existence,208.88
146,118,28,existence,353.01
90,87,3,existence,250.5
85,66,19,payment,213.5
118,8,110,debt,312.83
14,8,6,payment,41.67
76,51,25,debt,171.55
94,35,59,payment,232.37
16,13,3,existence,46.5
118,63,55,payment,301.91
51,41,10,payment,158.96
87,8,79,existence,188.64
50,37,13,payment,123.55
61,42,19,debt,164.2
55,44,11,debt,133.65
12,9,3,existence,35.09
88,45,43,payment,257.47
108,85,23,debt,282.81
80,61,19,payment,180.82
83,10,73,debt,152.4
147,62,85,debt,309.59
38,23,15,payment,86.52
66,22,44,debt,193.22
50,48,2,payment,177.97
82,25,57,existence,137.23
31,16,15,payment,103.97
9,1,8,debt,36.95
32,31,1,debt,98.28
18,7,11,payment,64.26
142,115,27,existence,318.24
20,5,15,existence,52.08
18,17,1,debt,68.42
49,21,28,payment,129.55
36,8,28,existence,53.39
130,114,16,debt,391.05
52,51,1,debt,171.58
47,26,21,debt,164.37
31,12,19,payment,71.6
50,29,21,existence,110.29
103,79,24,payment,240.67
6,3,3,debt,30.44
136,43,93,debt,292.15
92,50,42,existence,179.66
152,144,8,existence,394.83
119,45,74,payment,327
124,16,108,payment,167.47
150,149,1,payment,454.36
39,14,25,payment,96.69
49,2,47,debt,115.24
93,38,55,debt,199.31
138,126,12,debt,368.7
59,43,16,existence,200.47
35,12,23,existence,85.91
49,20,29,debt,110.95
91,90,1,existence,294.44
27,19,8,existence,83.19
51,15,36,debt,132.29
65,40,25,payment,169.78
47,45,2,existence,134.32
57,19,38,debt,135.33
109,92,17,payment,332.6
76,33,43,debt,198.69
73,68,5,existence,228.55
131,9,122,existence,228.97
112,31,81,existence,168.99
90,75,15,debt,268.98
37,27,10,payment,134.32
38,13,25,debt,91.01
157,155,2,debt,561.25
111,48,63,debt,322.29
9,9,0,payment,40.23
21,11,10,existence,44.5
88,71,17,debt,264.41
97,26,71,existence,233.7
36,33,3,existence,81.47
11,3,8,debt,48.23
105,92,13,payment,376.2
103,47,56,payment,271.89
122,98,24,existence,245.53
117,89,28,existence,339.84
117,98,19,existence,421.04
128,14,114,existence,293.55
61,11,50,debt,101.3
77,55,22,existence,191.83
156,132,24,debt,453.11
55,18,37,payment,118.04
113,62,51,payment,341.52
118,113,5,payment,451.19
12,4,8,debt,27.29
51,5,46,existence,81.03
109,94,15,payment,299.34
47,45,2,payment,116.66
26,24,2,payment,86.4
157,118,39,payment,421.32
130,108,22,payment,310.25
49,28,21,payment,88.69
19,11,8,payment,52.25
109,15,94,debt,184.12
22,7,15,debt,60.89
128,5,123,existence,224.28
107,68,39,debt,227.71
120,3,117,debt,191.25
157,38,119,payment,318.94
95,54,41,payment,250.09
87,67,20,existence,233.43
150,90,60,payment,488.75
107,84,23,existence,231.84
44,24,20,existence,116.66
93,40,53,payment,250.92
143,142,1,existence,491.96
123,96,27,existence,259.39
157,155,2,debt,525.19
123,118,5,debt,289.77
51,47,4,debt,189.09
91,45,46,debt,208.49
69,38,31,payment,210.23
73,60,13,debt,159.78
16,2,14,existence,36.38
109,68,41,payment,297.76
127,24,103,existence,186.01
9,3,6,debt,34.88
153,129,24,debt,392.25
10,8,2,debt,31.59
129,113,16,payment,423.97
59,16,43,existence,137.16
143,103,40,debt,301.19
137,5,132,debt,288.34
138,122,16,debt,421.28
136,8,128,debt,292.88
64,64,0,existence,163.3
104,58,46,payment,225.97
130,65,65,debt,382.18
31,9,22,payment,98.44
19,5,14,existence,39.67
150,18,132,existence,273.17
93,2,91,payment,144.94
56,18,38,debt,116.08
73,43,30,debt,204.33
19,4,15,payment,55.2
23,7,16,debt,62.88
1,1,0,payment,16.54
114,23,91,debt,320.52
71,26,45,existence,135.49
145,77,68,existence,454.37
119,96,23,existence,409.91
50,33,17,existence,94.35
136,113,23,existence,407.45
104,86,18,payment,257.73
125,60,65,existence,313.84
122,78,44,debt,335.07
46,42,4,existence,167.21
102,8,94,payment,262.34
40,17,23,payment,97.67
73,46,27,debt,165.84
27,17,10,existence,75.15
72,46,26,payment,223.71
135,114,21,existence,439.28
48,38,10,debt,168.23
127,8,119,existence,170.69
141,72,69,debt,328.22
91,85,6,existence,327.31
123,5,118,existence,236.36
59,29,30,existence,166.1
85,80,5,debt,239.13
141,108,33,debt,430.65
42,3,39,existence,90.94
150,17,133,payment,346.35
98,71,27,payment,255.69
25,12,13,existence,47.73
10,1,9,existence,19.15
76,50,26,debt,255.47
30,11,19,payment,83.04
24,14,10,payment,52.62
45,9,36,existence,92.45
53,15,38,existence,99.24
41,32,9,payment,84.95
132,53,79,payment,346.03
43,3,40,debt,87.82
85,43,42,existence,187.46
133,20,113,debt,349.37
61,47,14,existence,175.51
114,17,97,payment,256.82
149,75,74,existence,271.94
37,6,31,payment,102.49
22,20,2,debt,82.38
82,37,45,payment,196.66
154,103,51,debt,450.74
92,75,17,existence,199.38
122,98,24,payment,408.83
146,123,23,payment,434.56
6,3,3,payment,24.33
73,11,62,payment,155.62
145,89,56,debt,294.36
103,54,49,existence,189.9
103,55,48,existence,270.15
147,49,98,existence,254.88
6,5,1,payment,25.71
13,13,0,debt,62.25
149,4,145,payment,276.38
16,2,14,debt,43.19
20,19,1,payment,56.06
102,52,50,payment,188.17
148,29,119,debt,357.89
103,61,42,debt,253.74
63,46,17,debt,219.41
78,60,18,payment,168.62
87,52,35,debt,236.06
11,10,1,debt,49.41
2,1,1,existence,4.23
49,32,17,payment,167.62
72,57,15,debt,201.49
82,36,46,payment,187.17
14,9,5,existence,39.92
93,16,77,payment,169.7
15,11,4,existence,48.74
101,34,67,debt,285.54
65,51,14,payment,201.11
148,90,58,debt,472.24
55,12,43,payment,155.41
151,103,48,payment,268.81
59,52,7,debt,174.16
37,26,11,existence,120.79
134,60,74,debt,439.12
86,61,25,payment,290.29
54,33,21,debt,192.96
1,1,0,payment,20.8
48,38,10,payment,178.68
157,76,81,payment,437.58
147,134,13,payment,457.29
35,33,2,existence,90.99
115,59,56,debt,307.44
32,22,10,existence,81.33
73,60,13,payment,215.79
33,13,20,existence,80.49
111,63,48,payment,321.97
80,69,11,payment,289.43
103,16,87,existence,133.08
81,13,68,debt,208.68
140,106,34,debt,294.05
108,13,95,existence,210.41
137,114,23,payment,394.01
77,40,37,existence,167.98
96,46,50,payment,194.39
148,49,99,payment,263.89
125,103,22,debt,250.23
89,12,77,payment,233.33
37,20,17,debt,116.61
132,34,98,debt,237.84
142,31,111,debt,388.81
138,20,118,existence,316.3
24,7,17,debt,58.73
133,106,27,payment,321.74
111,26,85,payment,283.62
112,14,98,existence,268.95
57,4,53,debt,121.03
69,17,52,payment,187.63
134,116,18,existence,477.08
123,43,80,debt,300.79
147,133,14,debt,385.45
55,49,6,payment,163.12
113,94,19,payment,420.61
73,51,22,existence,166.46
33,5,28,payment,77.07
100,10,90,debt,242.48
94,17,77,payment,220.21
102,54,48,existence,219.91
36,18,18,debt,79.27
129,86,43,payment,406.9
71,57,14,debt,260.55
70,9,61,existence,109.53
134,89,45,payment,392.96
22,11,11,debt,54.56
85,41,44,payment,226.21
43,5,38,existence,107.72
69,50,19,debt,230.17
150,149,1,payment,475.43
118,6,112,debt,271.19
11,9,2,debt,30.32
87,29,58,payment,257.77
119,36,83,payment,245.45
8,6,2,debt,37.08
91,24,67,payment,172.87
119,118,1,payment,436.15
110,17,93,existence,221.16
125,119,6,debt,318.88
97,24,73,payment,245.09
1,1,0,payment,13.59
26,13,13,debt,49.52
157,76,81,debt,464.04
35,13,22,existence,82.36
68,18,50,existence,183.32
138,104,34,payment,288.09
2,1,1,payment,15.8
1,1,0,debt,19.3
120,78,42,payment,372.4
18,12,6,debt,68.97
138,31,107,debt,287.46
19,12,7,existence,41.11
113,102,11,debt,383.89
25,20,5,payment,77.49
68,17,51,existence,168.86
39,21,18,existence,74.76
76,69,7,existence,175.26
17,17,0,debt,74.99
135,75,60,debt,291.3
75,34,41,debt,216.99
81,79,2,debt,213.39
115,76,39,debt,369.72
145,65,80,debt,411.71
108,75,33,payment,222.16
106,5,101,debt,252.85
157,38,119,existence,403.96
41,20,21,existence,74.59
95,40,55,debt,214.37
83,22,61,debt,251.49
9,8,1,existence,30.02
150,57,93,payment,393.55
18,5,13,payment,57
40,2,38,payment,105.74
103,67,36,existence,265.32
149,9,140,existence,193.14
37,15,22,debt,116.22
6,6,0,existence,13.29
123,52,71,payment,346.5
61,50,11,payment,158.64
141,119,22,payment,454.05
25,3,22,debt,49.73
55,35,20,debt,168.77
27,3,24,existence,46.41
22,18,4,payment,89.88
145,46,99,existence,412.61
76,30,46,existence,202.12
67,49,18,debt,173.28
31,8,23,existence,80.25
3,2,1,existence,5.16
80,38,42,payment,173.71
141,90,51,debt,279.41
2,1,1,payment,11.76
105,34,71,existence,252.59
70,27,43,debt,185.36
8,4,4,debt,38.64
15,3,12,existence,26.25
58,8,50,payment,155.79
133,46,87,existence,221.6
101,41,60,existence,218.25
13,4,9,payment,44.19
62,58,4,payment,181.9
79,46,33,existence,201.58
121,106,15,payment,284.97
106,9,97,existence,164.83
11,6,5,debt,49.31
142,79,63,debt,350.97
97,53,44,existence,165.01
143,84,59,existence,295.74
20,12,8,debt,79.1
77,33,44,payment,247.58
127,113,14,debt,349.38
25,7,18,payment,80.31
155,137,18,existence,412.07
51,2,49,payment,93.6
36,28,8,payment,95.18
80,44,36,payment,190.4
136,49,87,debt,340.92
16,8,8,payment,53.85
74,46,28,existence,190.25
125,119,6,existence,272.51
73,42,31,existence,132.17
54,12,42,existence,128.01
32,10,22,existence,48.75
126,43,83,existence,349.21
74,14,60,existence,169.62
114,91,23,existence,284.58
105,75,30,existence,251.11
109,37,72,existence,225.06
133,97,36,payment,258.52
86,44,42,debt,264.96
76,30,46,debt,157.85
74,47,27,payment,180.14
44,35,9,payment,100.04
25,4,21,payment,68.55
3,2,1,existence,8.36
125,25,100,existence,321.51
82,47,35,payment,243.21
115,95,20,debt,354.33
155,80,75,payment,410.25
59,24,35,payment,184.75
15,14,1,debt,66.21
28,27,1,existence,73.92
112,50,62,existence,243.03
47,8,39,existence,76.55
118,118,0,debt,286.53
103,42,61,payment,243.65
54,14,40,existence,133.5
42,22,20,payment,89.66
129,93,36,existence,315.5
96,38,58,payment,218.39
141,130,11,debt,408.46
26,16,10,debt,81.68
47,21,26,payment,130.07
27,11,16,debt,80.39
130,82,48,payment,341.97
48,28,20,payment,154.62
71,9,62,existence,125.6
64,56,8,existence,206.82
61,37,24,existence,164.09
129,73,56,existence,297.37
102,42,60,payment,281.86
32,18,14,existence,70.59
113,33,80,existence,191.95
28,24,4,existence,66.62
113,74,39,payment,271.36
122,83,39,debt,383.17
134,27,107,payment,336.56
82,38,44,payment,149.39
133,115,18,debt,462.62
38,5,33,existence,78.02
109,55,54,debt,240.32
40,22,18,debt,116.06
93,74,19,existence,191.51
132,129,3,existence,339.73
50,20,30,existence,125.18
145,42,103,debt,320.93
12,7,5,existence,27.48
124,35,89,payment,249.09
152,142,10,debt,350.28
80,78,2,payment,243.26
27,18,9,debt,109.76
33,16,17,debt,103.89
45,10,35,debt,103.1
74,6,68,existence,111.15
130,128,2,existence,321.11
137,112,25,existence,285.28
9,3,6,payment,34.14
62,29,33,existence,126.53
54,38,16,debt,168.52
3,1,2,debt,33.13
58,27,31,debt,204.19
108,42,66,debt,288.77
110,71,39,payment,345.5
109,30,79,debt,216.26
75,16,59,debt,151.68
22,19,3,debt,83.79
145,59,86,debt,412.91
22,17,5,existence,38.65
50,12,38,payment,108.05
49,16,33,existence,124.97
129,85,44,existence,293.96
22,16,6,debt,71.72
138,84,54,payment,311.7
145,85,60,payment,406.49
151,58,93,existence,388.49
153,136,17,payment,450.74
148,42,106,debt,263.07
3,2,1,payment,26.31
60,2,58,existence,105.33
114,58,56,payment,228.6
5,1,4,existence,11.59
96,64,32,existence,287
94,91,3,payment,242.44
153,108,45,existence,335.94
102,60,42,existence,266.25
1,1,0,payment,21.18
132,18,114,debt,213.86
120,117,3,payment,380.53
46,18,28,existence,97.56
2,1,1,payment,21.42
138,69,69,payment,412.96
66,27,39,debt,175.17
156,84,72,payment,277.44
2,2,0,payment,21.89
71,4,67,debt,150.73
19,18,1,debt,70.21
86,66,20,existence,274.6
24,18,6,existence,69.59
59,34,25,existence,166.95
94,47,47,payment,233.6
90,72,18,payment,261.11
49,45,4,payment,162.72
30,12,18,payment,95.12
48,48,0,debt,192.98
9,4,5,payment,29.25
97,2,95,debt,177.8
84,37,47,debt,219.51
43,11,32,existence,81.06
84,73,11,existence,297.6
155,139,16,payment,483.5
2,1,1,debt,28.98
24,4,20,payment,78.88
8,8,0,debt,49.87
8,1,7,debt,30.23
61,23,38,payment,126.84
48,39,9,existence,148.01
121,4,117,existence,278.62
56,3,53,payment,91.84
43,16,27,payment,97.24
149,63,86,payment,356.85
110,24,86,payment,287.99
58,57,1,debt,188.68
26,25,1,payment,85.77
62,3,59,debt,121.02
19,6,13,debt,50.96
105,54,51,payment,321.15
155,83,72,debt,437.34
71,18,53,payment,154.37
107,29,78,debt,227.09
15,7,8,existence,28.71
3,1,2,existence,8.14
49,44,5,payment,104.8
97,79,18,existence,249.78
80,74,6,existence,306.12
45,21,24,debt,96.24
136,115,21,debt,324.38
132,120,12,existence,286.08
135,122,13,debt,320.94
4,4,0,debt,40.35
21,2,19,existence,47.3
11,4,7,payment,27.15
114,85,29,existence,230.06
152,115,37,debt,364.82
83,11,72,payment,141.14
18,9,9,existence,43.88
70,23,47,existence,161.11
55,35,20,existence,151.86
104,94,10,existence,256.82
25,7,18,debt,53.08
152,27,125,debt,215.07
57,36,21,payment,184.25
33,28,5,existence,100.42
89,78,11,payment,258.14
43,10,33,debt,104.98
109,59,50,debt,331.35
89,52,37,debt,180.75
21,7,14,existence,34.5
71,21,50,debt,152.12
154,45,109,payment,401.11
147,94,53,debt,446.26
127,95,32,debt,432.6
55,29,26,payment,110.91
104,44,60,debt,290.25
152,135,17,debt,519.14
83,3,80,payment,135.82
34,28,6,payment,93.3
41,19,22,existence,109.52
113,88,25,debt,369.27
84,79,5,payment,214.58
21,1,20,existence,39.02
99,59,40,payment,247.17
142,40,102,payment,372.81
89,46,43,debt,194.57
73,44,29,payment,220.68
73,39,34,debt,220.56
143,80,63,payment,300.57
8,4,4,existence,15.9
88,52,36,debt,247.09
27,22,5,debt,99.99
135,29,106,payment,247.36
22,19,3,payment,55.65
15,11,4,existence,44.43
82,10,72,existence,119.14
105,30,75,payment,172.83
11,5,6,debt,38.5
28,6,22,debt,52.35
45,37,8,existence,108.44
42,38,4,existence,114.63
32,7,25,payment,81.03
48,47,1,existence,153.51
25,5,20,payment,80.2
53,44,9,payment,177.73
149,4,145,debt,334.63
58,35,23,debt,154.28
132,76,56,existence,348.9
75,55,20,debt,192.78
78,54,24,payment,227.4
13,13,0,debt,45.68
135,90,45,debt,295.6
2,1,1,debt,15.49
48,15,33,debt,117
92,81,11,payment,311.12
69,60,9,payment,243.71
81,21,60,existence,152.58
151,24,127,debt,425.11
38,21,17,existence,120.97
10,9,1,payment,51.26
59,51,8,debt,161.65
81,38,43,debt,165.1
100,1,99,debt,171.63
95,95,0,debt,352.41
153,10,143,debt,249.25
141,73,68,debt,252.96
24,7,17,payment,42.49
49,43,6,existence,170.74
71,41,30,debt,159.41
135,119,16,payment,327.71
76,65,11,existence,215.69
55,22,33,debt,156.69
4,4,0,debt,21.35
108,56,52,debt,296.8
89,11,78,debt,141.91
68,56,12,payment,221.25
29,7,22,payment,89.47
17,3,14,payment,44.61
8,3,5,existence,16.73
80,68,12,payment,211.24
134,113,21,existence,337.79
7,3,4,debt,35.68
127,66,61,existence,366.66
28,1,27,existence,38.57
143,22,121,payment,229.96
148,2,146,existence,256.01
95,59,36,payment,245.8
58,44,14,existence,167.58
101,74,27,existence,291.78
134,56,78,payment,228.44
6,5,1,debt,46.46
102,3,99,existence,176.91
112,105,7,existence,388
79,7,72,existence,143.09
97,38,59,payment,290.7
144,14,130,existence,266.38
38,1,37,payment,64.21
71,18,53,payment,152.47
4,3,1,existence,9.87
156,94,62,payment,405.23
24,17,7,payment,71.92
70,38,32,debt,162.09
10,3,7,existence,15.95
98,91,7,debt,312.71
156,137,19,existence,475.44
74,28,46,existence,138.42
91,15,76,payment,165.47
59,23,36,existence,94.45
18,1,17,existence,45.52
65,15,50,debt,163.02
44,22,22,debt,128.17
48,24,24,existence,120.25
133,103,30,payment,352.27
122,77,45,debt,283.74
89,64,25,existence,191.95
99,25,74,existence,227.28
117,6,111,existence,169.24
27,26,1,payment,113.8
115,106,9,payment,251.63
69,38,31,payment,120.49
91,5,86,payment,221.5
39,37,2,payment,131.97
26,12,14,existence,67.69
104,48,56,debt,285.98
59,57,2,debt,171.71
8,5,3,debt,34.25
147,15,132,existence,305.81
60,12,48,debt,135.48
71,64,7,payment,265.39
80,36,44,debt,275.73
63,17,46,debt,135.36
90,80,10,payment,236.96
98,24,74,payment,235.25
88,46,42,payment,233.69
138,69,69,debt,391.46
49,43,6,debt,187.72
84,47,37,payment,238.46
91,35,56,payment,234.88
31,29,2,existence,73.37
131,101,30,debt,440.83
75,75,0,existence,240.91
82,64,18,debt,279.99
31,3,28,existence,60.92
154,126,28,existence,472.56
119,110,9,existence,385.56
14,14,0,payment,55.04
50,30,20,debt,133.55
4,3,1,existence,7.72
21,5,16,existence,45.23
54,20,34,existence,113.65
60,58,2,payment,188.88
120,36,84,payment,267.87
113,52,61,debt,291.61
122,117,5,debt,349.39
26,20,6,payment,55.47
51,47,4,debt,160.27
134,48,86,existence,209.75
132,33,99,existence,190.62
90,61,29,existence,236.01
35,20,15,existence,105.89
65,7,58,existence,126.2
1,1,0,existence,3.41
38,3,35,debt,91.91
52,19,33,debt,150.04
128,8,120,debt,327.03
45,40,5,debt,184.04
155,29,126,existence,401.22
28,27,1,existence,66.95
124,89,35,existence,327.55
62,15,47,debt,106.96
39,25,14,payment,97.54
2,2,0,debt,14.55
132,113,19,existence,399.55
135,105,30,payment,401.45
72,52,20,existence,218.84
118,97,21,existence,383.98
15,14,1,payment,59.63
126,2,124,debt,278.32
19,19,0,existence,54.19
149,26,123,debt,386.43
147,99,48,payment,351.36
24,5,19,payment,49.21
154,67,87,payment,339.61
144,144,0,debt,519.1
143,113,30,existence,310.25
10,5,5,existence,22.39
27,26,1,existence,82.78
104,35,69,existence,193.64
156,25,131,existence,261.08
100,8,92,payment,200.28
25,21,4,existence,83.5
19,12,7,debt,57.15
125,109,16,payment,363.33
97,55,42,payment,253.55
154,3,151,existence,195.26
140,4,136,payment,197.4
63,20,43,payment,171.83
25,23,2,existence,86.35
45,28,17,payment,113.71
127,74,53,existence,379.71
51,29,22,existence,152.36
61,16,45,debt,167.84
146,62,84,debt,357.35
79,1,78,existence,177.21
12,8,4,existence,30.38
38,9,29,debt,87.81
149,58,91,existence,356.13
86,76,10,payment,271.71
65,45,20,payment,123.19
28,7,21,debt,65.44
96,60,36,debt,254.56
1,1,0,debt,26.63
48,10,38,existence,79.02
138,75,63,payment,236.97
125,38,87,existence,206.27
74,53,21,payment,142.77
64,59,5,existence,185.35
52,30,22,debt,169.13
153,153,0,payment,482.26
16,8,8,payment,60.61
152,33,119,debt,367.36
74,7,67,existence,131.64
54,41,13,existence,176.87
22,19,3,debt,87.85
46,37,9,payment,137.76
73,26,47,payment,163.6
139,100,39,existence,295.68
122,67,55,debt,401.34
121,101,20,debt,356.22
61,60,1,payment,229.87
59,37,22,existence,183.51
120,61,59,payment,262.66
43,16,27,debt,81.5
49,8,41,payment,111.85
8,1,7,payment,22.23
82,82,0,payment,208.79
122,12,110,debt,336.36
97,43,54,payment,293.08
124,14,110,existence,159.51
70,10,60,payment,163.79
22,19,3,existence,62.19
138,3,135,payment,269.26
12,8,4,payment,42.76
109,97,12,existence,307.4
46,29,17,existence,96.45
111,22,89,debt,178.84
32,13,19,debt,124.91
151,72,79,debt,498.33
86,54,32,existence,251.29
131,118,13,existence,423.3
104,38,66,existence,242.64
125,49,76,payment,247.35
102,75,27,existence,257.6
28,1,27,debt,84.06
67,51,16,payment,180.29
2,1,1,debt,14.68
33,10,23,debt,94.1
123,59,64,debt,384.75
127,6,121,payment,189.43
63,38,25,payment,162.58
54,48,6,existence,157.13
132,6,126,debt,335.02
81,49,32,existence,202.31
65,60,5,debt,148.94
116,29,87,existence,291.57
81,13,68,payment,138.34
18,17,1,existence,49.48
15,8,7,existence,45.08
125,78,47,payment,259.56
37,21,16,payment,103.14
152,120,32,existence,378.88
77,70,7,existence,247.78
42,42,0,payment,143.53
27,22,5,existence,93.47
121,1,120,existence,188.24
150,144,6,debt,588.37
40,34,6,payment,102.99
8,6,2,payment,38.19
94,47,47,payment,208.97
156,4,152,debt,364.86
133,56,77,payment,400.7
66,32,34,existence,115.68
66,63,3,existence,183.02
44,18,26,existence,70.82
115,75,40,payment,356.91
59,23,36,existence,114.12
118,96,22,payment,301.99
16,16,0,payment,64.6
80,17,63,payment,170.92
131,20,111,debt,250.69
98,35,63,debt,211.85
149,102,47,payment,379.16
41,17,24,payment,135.68
135,55,80,debt,387.1
24,3,21,payment,62.03
142,92,50,debt,357.88
72,6,66,payment,194.89
31,10,21,debt,64.8
98,19,79,debt,226.93
46,16,30,payment,133.13
107,88,19,debt,368.13
60,33,27,payment,134.8
27,17,10,debt,87.38
101,97,4,existence,362.09
68,66,2,payment,203.95
4,1,3,existence,5.48
92,59,33,payment,232
120,81,39,payment,340.14
120,117,3,existence,389.72
126,81,45,existence,314.92
53,6,47,payment,115.73
56,24,32,existence,112.2
72,27,45,payment,158.72
149,92,57,existence,440.09
122,27,95,payment,197.7
67,31,36,payment,154.1
106,29,77,existence,200.79
38,3,35,existence,48.64
123,5,118,payment,169.28
27,19,8,debt,81.13
90,26,64,payment,164.68
134,4,130,debt,200.42
111,93,18,existence,351.67
8,2,6,existence,15.47
46,16,30,existence,113.32
143,133,10,existence,469.26
63,14,49,existence,85.99
58,56,2,payment,172.89
10,4,6,existence,19.78
50,39,11,existence,151
83,14,69,debt,177.56
101,92,9,debt,277.34
141,70,71,debt,361.97
81,37,44,debt,191.65
120,77,43,existence,325.76
139,3,136,payment,307.16
152,38,114,existence,240.11
116,106,10,debt,244.61
80,42,38,payment,270.19
43,36,7,payment,153.83
150,24,126,payment,216.74
89,67,22,payment,243.29
91,86,5,payment,310.53
68,61,7,payment,228.57
111,72,39,debt,223.94
133,13,120,payment,347.79
36,20,16,payment,95.32
145,99,46,existence,434.03
36,21,15,payment,112.34
26,26,0,payment,70.15
22,11,11,payment,65.48
85,49,36,debt,276.41
75,32,43,payment,181.62
66,62,4,existence,189.39
95,55,40,debt,220.26
60,37,23,existence,192.5
133,48,85,debt,288.21
63,30,33,existence,154.68
146,57,89,debt,425.8
71,6,65,debt,191.66
124,50,74,debt,329.6
49,22,27,existence,135.93
125,88,37,existence,236.99
47,29,18,existence,122.23
23,1,22,debt,62.81
26,22,4,existence,71.44
119,56,63,payment,353.12
51,2,49,existence,76.38
141,1,140,existence,162.19
86,36,50,existence,180.95
154,29,125,payment,329.01
32,8,24,existence,44.59
134,67,67,payment,308.6
56,41,15,debt,148.82
40,39,1,existence,137.28
6,6,0,existence,16.53
77,76,1,debt,260.74
19,12,7,existence,52.32
58,14,44,payment,130.01
91,18,73,payment,191.7
112,76,36,payment,271.32
80,65,15,payment,234.81
66,36,30,debt,170.14
64,52,12,debt,165.16
86,57,29,existence,257.52
82,51,31,debt,259.87
4,1,3,existence,9.65
134,90,44,payment,268.73
68,68,0,existence,211.25
127,58,69,existence,264.98
7,3,4,debt,38.25
44,32,12,payment,136.57
99,6,93,existence,207.36
87,41,46,debt,229.79
144,100,44,debt,347.61
43,23,20,payment,119.45
52,49,3,existence,124.82
60,34,26,debt,158.26
15,8,7,payment,44.62
120,81,39,existence,236.55
107,88,19,existence,324.63
94,69,25,debt,324.71
66,43,23,debt,216.83
119,14,105,debt,316.98
141,117,24,existence,516.53
89,56,33,debt,325.44
11,4,7,payment,31.49
92,50,42,payment,200.27
139,108,31,existence,289.22
1,1,0,debt,24.11
38,25,13,debt,129.12
66,63,3,debt,192.63
143,123,20,existence,339.28
109,12,97,existence,146.71
2,2,0,existence,5.26
157,27,130,payment,400.56
93,36,57,payment,262.51
7,6,1,payment,38.03
1,1,0,debt,18.37
77,76,1,existence,233.23
9,4,5,debt,40.57
4,2,2,debt,27.45
29,20,9,existence,83.66
55,27,28,existence,169.69
73,37,36,payment,160.83
14,5,9,existence,35.74
137,72,65,existence,248.43
34,15,19,debt,88.16
116,94,22,existence,297.64
82,57,25,existence,258.4
125,68,57,existence,289.03
17,5,12,existence,37.23
123,1,122,payment,287.73
138,125,13,existence,434.05
50,38,12,existence,152.11
138,43,95,debt,267.44
20,6,14,existence,55.61
130,80,50,payment,262.95
144,120,24,payment,308.48
86,31,55,existence,146
76,74,2,debt,305.94
27,21,6,payment,60.46
120,51,69,debt,293.58
51,15,36,existence,87.32
77,70,7,existence,248.89
48,47,1,existence,167.94
7,4,3,existence,13.61
108,86,22,debt,223.18
33,15,18,existence,89.99
27,11,16,debt,75.78
107,11,96,debt,263.69
104,64,40,debt,301.19
149,131,18,debt,410.15
62,18,44,debt,167.79
38,15,23,debt,125.67
9,6,3,existence,25.22
21,18,3,debt,67.21
35,6,29,debt,86.56
66,18,48,debt,155.55
50,10,40,existence,87.21
103,48,55,payment,249.2
108,80,28,payment,294.13
148,36,112,existence,309.94
80,67,13,debt,257.27
31,25,6,existence,98.71
73,68,5,debt,233.81
145,59,86,debt,327.32
125,52,73,payment,223.96
77,58,19,debt,178.12
86,47,39,existence,190.91
38,26,12,payment,128.3
3,3,0,debt,28.57
28,17,11,payment,88.68
109,66,43,debt,230.45
21,1,20,debt,72.42
64,39,25,payment,172.74
9,2,7,debt,34.17
91,17,74,payment,211.88
33,20,13,payment,86.53
32,7,25,debt,87.39
67,61,6,debt,207.82
120,91,29,existence,235.28
88,33,55,existence,179.81
3,3,0,existence,6.36
16,12,4,existence,44.5
110,100,10,debt,381.78
102,44,58,payment,257.11
64,55,9,existence,212.07
72,39,33,payment,141.74
22,4,18,existence,34.76
40,22,18,debt,108.8
26,17,9,payment,78
36,6,30,debt,67.14
30,18,12,existence,79.27
70,37,33,payment,137.92
114,48,66,payment,279.23
18,14,4,existence,48.35
9,7,2,payment,37.54
97,39,58,payment,223.03
26,2,24,payment,46.32
126,18,108,payment,236.4
73,53,20,payment,160.93
21,5,16,payment,55.35
48,30,18,payment,134.5
79,22,57,debt,190.33
153,64,89,payment,296.4
21,13,8,existence,56.57
103,78,25,payment,216.53
127,55,72,existence,363.23
10,1,9,existence,14.43
24,2,22,payment,54.62
1,1,0,payment,19.98
16,8,8,payment,46.43
31,14,17,payment,76.97
8,7,1,payment,29.81
80,26,54,payment,189.92
98,25,73,payment,143.08
133,32,101,debt,309.3
86,7,79,debt,202.14
38,31,7,debt,110.18
51,33,18,payment,182.22
156,31,125,existence,407.02
144,116,28,payment,473.4
132,11,121,debt,336.83
61,34,27,payment,156.2
99,14,85,payment,171.53
148,20,128,existence,314.64
120,98,22,debt,378.8
41,8,33,debt,107.24
2,2,0,debt,27.17
117,14,103,debt,255.66
9,7,2,debt,42.89
34,13,21,debt,80.37
114,65,49,payment,323.17
122,21,101,payment,261.53
147,80,67,payment,281.62
153,16,137,existence,278.82
17,1,16,debt,43.21
50,11,39,debt,94.46
71,69,2,debt,205.99
154,21,133,debt,218.1
148,68,80,debt,272.75
80,9,71,payment,189.42
123,11,112,payment,224.17
156,70,86,debt,426.12
17,6,11,debt,52.86
88,74,14,payment,326.12
48,35,13,payment,114.78
151,118,33,payment,463.46
101,61,40,existence,205.21
89,89,0,debt,216.41
72,55,17,existence,159.7
83,22,61,payment,221.73
61,6,55,existence,121.25
29,23,6,debt,93.78
83,23,60,debt,154.17
50,3,47,existence,63.34
34,34,0,payment,126.22
17,1,16,debt,51.41
125,18,107,payment,216.48
142,5,137,existence,169.58
119,107,12,payment,322.13
120,31,89,existence,192.44
48,33,15,payment,149
41,21,20,payment,92.26
117,56,61,payment,328.39
14,10,4,debt,50.16
129,62,67,payment,310.99
112,73,39,debt,338.84
128,36,92,debt,308.02
110,106,4,existence,356.59
88,60,28,existence,266.36
128,47,81,payment,371.58
19,1,18,payment,52.76
116,104,12,debt,268.81
100,72,28,debt,235.93
106,20,86,payment,154.72
43,6,37,existence,82.81
129,46,83,payment,318.93
131,36,95,existence,336.96
26,16,10,payment,64.42
43,9,34,debt,96.43
76,41,35,debt,236.11
125,82,43,existence,301.86
76,55,21,payment,236.01
97,95,2,existence,262.22
64,48,16,existence,153.81
44,35,9,existence,107.39
5,3,2,debt,23.11
88,15,73,payment,157.96
131,119,12,existence,322.67
143,105,38,payment,313.72
113,104,9,payment,301.39
102,95,7,payment,344.84
96,58,38,payment,238.09
103,22,81,debt,241.67
28,1,27,existence,42.78
146,24,122,debt,357.69
138,84,54,debt,289.24
136,111,25,existence,355.67
111,40,71,payment,230.62
16,7,9,payment,50.17
9,4,5,payment,31.63
117,65,52,existence,286.46
74,64,10,existence,274.64
10,7,3,existence,20.67
14,13,1,payment,47.57
98,57,41,payment,227.02
150,87,63,payment,323.36
28,7,21,payment,78.19
128,46,82,payment,357.75
52,36,16,existence,153.19
23,19,4,debt,94.85
138,25,113,debt,297.42
53,39,14,payment,100.13
121,69,52,debt,374.18
62,51,11,existence,174.36
155,145,10,existence,516.77
61,17,44,debt,163.43
148,58,90,debt,342.67
12,2,10,payment,28.83
104,57,47,existence,174.95
26,23,3,payment,87.02
156,117,39,existence,434.62
79,51,28,existence,204.73
96,46,50,debt,206.31
128,82,46,payment,372.81
90,81,9,payment,185.61
134,45,89,payment,282.44
51,34,17,payment,150.11
47,20,27,existence,86.87
57,27,30,existence,117.7
55,26,29,payment,134.8
84,42,42,payment,252.53
25,2,23,payment,72.16
157,99,58,payment,449.82
37,4,33,payment,64.09
76,9,67,payment,186.38
129,16,113,debt,269.59
102,92,10,existence,308.68
84,18,66,payment,139.91
40,36,4,payment,140.05
1,1,0,existence,2.37
31,17,14,existence,85.35
16,11,5,debt,57.17
152,30,122,existence,356.02
108,82,26,payment,306.76
41,9,32,existence,104.97
150,100,50,payment,428.88
145,87,58,debt,390.56
16,11,5,existence,47.65
108,93,15,existence,249.9
19,4,15,debt,74.26
74,32,42,payment,198.35
28,9,19,debt,89.73
21,8,13,existence,59.65
97,60,37,existence,267.94
139,74,65,existence,356.85
139,130,9,debt,355.45
34,27,7,payment,89.64
76,27,49,payment,211.72
97,80,17,debt,278.11
7,7,0,payment,31.45
19,2,17,existence,26.49
53,21,32,existence,135.64
141,69,72,debt,330.27
84,77,7,existence,292.45
46,12,34,existence,116.37
133,90,43,payment,307.42
101,67,34,existence,270.28
153,95,58,debt,382.88
9,8,1,payment,36.07
139,37,102,debt,264.76
101,37,64,existence,218.36
75,24,51,debt,185.54
12,1,11,existence,18.02
60,46,14,debt,149.6
64,26,38,payment,176.3
79,8,71,payment,117.5
34,32,2,debt,104.45
63,50,13,payment,149.9
133,118,15,existence,387.93
53,34,19,existence,113.39
4,4,0,payment,16.89
68,59,9,payment,191.94
77,37,40,payment,235.58
8,4,4,payment,29.36
36,15,21,debt,85.22
116,91,25,existence,325.5
49,40,9,existence,176.34
106,18,88,debt,220.35
126,35,91,payment,245.12
107,53,54,payment,314.68
146,52,94,debt,307.45
50,13,37,debt,145.05
154,150,4,existence,486.85
23,20,3,debt,77.57
116,46,70,debt,244.78
122,5,117,payment,216.71
127,57,70,payment,342.5
48,3,45,existence,99.15
10,3,7,existence,21.9
119,66,53,payment,327.96
81,11,70,debt,161.58
74,33,41,existence,152.19
88,27,61,existence,184.73
48,15,33,existence,97.81
40,29,11,debt,146.79
100,71,29,debt,303.45
115,107,8,debt,275
84,4,80,existence,169.13
115,81,34,payment,282.72
25,15,10,existence,49.45
33,26,7,existence,69.02
154,147,7,payment,443.36
80,70,10,debt,267.76
103,28,75,payment,242.48
124,74,50,payment,302.32
104,18,86,payment,145.66
42,42,0,debt,149.58
149,21,128,debt,405.3
29,18,11,payment,74.42
73,42,31,debt,248.94
9,7,2,payment,22.76
89,51,38,debt,255.39
70,35,35,existence,202.69
46,33,13,payment,93.84
88,39,49,payment,157.66
98,96,2,debt,271.76
90,24,66,payment,219.5
46,37,9,existence,115.31
154,31,123,debt,309.26
77,15,62,existence,130.49
54,15,39,payment,87.72
35,6,29,payment,60.24
77,28,49,payment,214.47
50,48,2,existence,160.5
26,6,20,payment,44.95
68,67,1,existence,240.7
134,129,5,existence,297.34
141,92,49,existence,327.51
19,7,12,payment,55.76
121,101,20,payment,273.69
148,7,141,debt,276.66
149,145,4,payment,357.59
18,6,12,debt,47.54
101,66,35,existence,268.58
3,2,1,debt,19.58
30,17,13,payment,70.21
154,138,16,payment,431.87
56,19,37,existence,144.51
9,6,3,debt,44.93
155,54,101,payment,347.3
144,18,126,payment,313.38
38,8,30,payment,76.56
151,60,91,existence,245.59
90,34,56,payment,180.21
25,6,19,payment,57.07
59,44,15,existence,114.59
100,1,99,existence,232.02
68,36,32,payment,135.49
20,20,0,existence,43.07
6,2,4,existence,15.18
81,71,10,payment,285.93
144,119,25,payment,434.91
8,8,0,debt,31.08
104,86,18,debt,333.99
106,29,77,payment,270.64
155,34,121,existence,256.71
4,2,2,debt,36.74
147,121,26,payment,531.4
40,14,26,debt,77.5
107,51,56,payment,259.6
36,11,25,existence,96.65
105,94,11,existence,316.61
108,65,43,existence,333.84
88,83,5,existence,222.36
40,1,39,existence,87.82
131,111,20,debt,376.4
87,52,35,payment,165.15
125,60,65,debt,288.51
97,89,8,debt,312.02
90,20,70,payment,210.57
150,144,6,payment,434.1
153,55,98,existence,315.24
132,106,26,payment,408.75
46,19,27,payment,141.17
12,2,10,existence,20.48
117,46,71,debt,231.55
134,131,3,existence,424.64
72,72,0,existence,180.45
117,116,1,payment,284.78
44,19,25,payment,85.31
119,33,86,debt,292.45
26,15,11,payment,75.58
23,10,13,existence,50.66
80,15,65,payment,156.32
56,37,19,existence,124.7
155,82,73,payment,399.02
9,2,7,payment,19.23
21,16,5,existence,55.64
19,18,1,payment,77.71
10,9,1,debt,52.79
16,4,12,existence,36.34
154,61,93,debt,327.8
52,49,3,existence,164.09
151,45,106,debt,371.3
61,57,4,payment,180.46
88,22,66,existence,252.43
82,27,55,existence,174.8
80,50,30,payment,205.2
136,11,125,existence,208.85
134,94,40,debt,413.87
147,52,95,payment,362.69
16,7,9,existence,31.51
76,31,45,payment,206.62
153,131,22,existence,362.59
90,85,5,existence,224.31
21,10,11,debt,67.33
14,12,2,existence,26.71
129,101,28,existence,440.18
90,7,83,payment,173.16
108,91,17,payment,363.85
62,3,59,existence,153.74
10,9,1,existence,21.23
4,3,1,existence,11.57
2,2,0,debt,26.51
109,99,10,debt,306.66
24,11,13,debt,100.47
84,61,23,existence,196.95
98,22,76,debt,172.72
14,9,5,payment,47.93
46,19,27,debt,145.79
129,25,104,existence,232.87
46,34,12,existence,152.14
74,51,23,debt,174.01
67,56,11,existence,189.23
155,142,13,payment,419.03
100,50,50,payment,240.31
134,83,51,debt,355.14
152,89,63,existence,256.2
26,13,13,debt,77.18
1,1,0,payment,19.41
153,96,57,existence,281.69
15,9,6,existence,38.86
86,73,13,debt,265.7
139,3,136,payment,295.31
58,12,46,existence,152.06
111,39,72,debt,295.08
123,7,116,payment,249.28
64,36,28,existence,157.97
15,5,10,existence,37.73
48,10,38,payment,79.96
29,17,12,payment,85.94
157,77,80,debt,389.06
23,21,2,existence,64.05
37,18,19,existence,75.52
133,55,78,existence,319.17
27,15,12,existence,58.88
39,19,20,existence,83.34
11,7,4,existence,29.4
40,14,26,payment,77.26
58,35,23,payment,113.32
24,22,2,existence,69.38
121,56,65,existence,366.95
90,67,23,existence,199.01
140,4,136,existence,275.9
106,44,62,debt,242.81
70,33,37,debt,181.26
132,15,117,debt,211.59
87,25,62,debt,214.98
113,54,59,existence,308.71
92,23,69,payment,247.53
69,68,1,existence,190.21
6,2,4,payment,24.28
77,75,2,debt,210.33
88,30,58,payment,172.67
31,18,13,existence,67.51
87,12,75,existence,151.66
71,52,19,debt,247.87
48,27,21,payment,100.56
143,8,135,payment,254.88
20,14,6,debt,68.01
64,43,21,payment,171.83
4,1,3,debt,24.45
83,4,79,debt,124.99
74,42,32,existence,160.53
15,13,2,payment,46.93
5,1,4,existence,8.01
39,21,18,payment,111.62
27,18,9,debt,106.92
138,121,17,payment,471.23
71,43,28,debt,229.97
104,22,82,payment,227.17
152,125,27,debt,524.59
146,50,96,payment,361.83
78,57,21,debt,189.81
23,22,1,existence,74.26
121,89,32,existence,355.39
50,3,47,payment,88.53
138,92,46,debt,414.44
10,1,9,payment,38.54
81,51,30,existence,134.49
157,150,7,existence,332.35
135,36,99,debt,382.56
32,5,27,existence,84.96
17,12,5,debt,59.68
24,13,11,debt,85.68
127,36,91,debt,272.28
23,9,14,debt,65.22
153,139,14,debt,377.01
3,1,2,debt,22.48
129,50,79,existence,202.69
85,82,3,payment,241.69
107,39,68,payment,268.37
147,17,130,existence,297.05
117,21,96,payment,221.09
66,32,34,existence,177.1
13,4,9,debt,54.94
134,63,71,payment,306.93
12,12,0,debt,41.14
140,80,60,debt,371.21
55,10,45,debt,113.89
79,60,19,payment,160.14
118,56,62,payment,356.25
137,52,85,debt,244.04
1,1,0,existence,2.19
98,85,13,payment,257.46
151,130,21,debt,478.08
153,101,52,payment,474.37
94,18,76,debt,281.96
97,24,73,payment,188.63
77,14,63,payment,149.41
124,124,0,existence,403.1
10,9,1,existence,22.68
103,71,32,debt,297.9
52,1,51,payment,68.55
77,55,22,payment,247.6
26,21,5,payment,103.55
131,90,41,existence,319.17
127,100,27,existence,238.99
130,51,79,payment,270.06
87,59,28,existence,240.46
40,32,8,payment,100.88
5,3,2,debt,29.81
79,46,33,debt,168.36
80,67,13,existence,155.49
16,8,8,payment,43.74
97,34,63,payment,260.83
141,41,100,debt,319.01
87,11,76,debt,150.95
106,77,29,existence,304.3
75,47,28,existence,176.57
43,2,41,existence,60.52
133,28,105,payment,336.81
31,16,15,existence,100.13
47,40,7,existence,112.21
127,50,77,debt,254.4
128,76,52,payment,301.31
53,3,50,existence,93.35
29,5,24,debt,77.82
10,3,7,existence,27.98
98,26,72,debt,238.49
147,125,22,payment,482.71
142,97,45,existence,350.33
70,39,31,existence,115.79
155,109,46,payment,485.81
150,121,29,existence,433.27
17,16,1,payment,69.74
72,47,25,payment,217.91
73,39,34,debt,236
128,9,119,debt,259.93
94,3,91,existence,122.08
64,47,17,debt,140.87
45,24,21,existence,110.99
107,64,43,existence,253
71,36,35,payment,234.66
45,34,11,debt,125.83
126,64,62,debt,418.36
104,55,49,debt,292.09
23,5,18,existence,60.26
70,7,63,existence,165.06
60,51,9,debt,236
78,24,54,payment,188.24
154,151,3,debt,451.44
63,2,61,existence,124.65
113,18,95,debt,276.56
29,7,22,existence,70.65
54,8,46,payment,91
109,12,97,debt,281.23
47,11,36,payment,130.26
137,55,82,debt,361.23
129,29,100,existence,250.82
32,7,25,payment,75.17
36,32,4,payment,117.16
130,106,24,debt,343.95
59,16,43,existence,94.99
113,109,4,debt,342.37
113,110,3,debt,361.88
12,4,8,existence,20.2
81,43,38,debt,185.06
80,79,1,existence,168.45
97,70,27,debt,294.9
58,56,2,existence,189.97
21,8,13,payment,60.32
49,35,14,debt,111.4
44,6,38,payment,91.87
121,2,119,payment,156.36
145,119,26,existence,513.85
137,32,105,existence,287.67
65,11,54,payment,163.47
13,10,3,debt,55.69
139,95,44,existence,439.61
51,11,40,existence,90.25
57,43,14,payment,186.73
157,152,5,payment,458.76
144,62,82,debt,339.18
157,97,60,existence,475.83
128,3,125,existence,154.06
54,33,21,existence,146.78
110,41,69,debt,194
49,13,36,payment,99.97
133,27,106,existence,188.82
96,67,29,debt,263.99
49,2,47,debt,138.81
5,1,4,debt,18.23
48,41,7,debt,154.87
121,116,5,payment,420.96
107,58,49,debt,306.04
9,2,7,debt,37.4
114,87,27,existence,350.23
56,46,10,existence,147.75
143,16,127,payment,278.26
111,80,31,existence,315.44
57,17,40,existence,121.39
40,28,12,debt,158.07
82,28,54,existence,121.78
65,53,12,existence,191.53
45,39,6,debt,156.59
10,7,3,payment,46.85
67,47,20,debt,198.63
97,84,13,existence,213.59
37,13,24,payment,63.58
34,7,27,payment,82.6
85,23,62,debt,170.18
54,41,13,payment,128.62
90,26,64,payment,189.04
7,3,4,debt,38.39
121,85,36,existence,269.17
16,16,0,existence,44.88
11,9,2,payment,42.53
134,7,127,payment,264.62
125,111,14,debt,339.93
112,100,12,payment,246.53
99,12,87,payment,202.04
18,9,9,debt,61.53
74,56,18,existence,154.55
133,129,4,debt,464.53
12,7,5,debt,56.09
58,27,31,existence,116.02
52,47,5,debt,135.21
34,16,18,debt,82.56
72,41,31,debt,227.8
134,42,92,existence,362.8
81,65,16,debt,233.23
86,28,58,debt,225.18
55,11,44,debt,149.93
87,70,17,payment,204.03
104,83,21,existence,297.32
62,14,48,debt,136.87
21,19,2,debt,97.12
141,135,6,debt,496.77
12,2,10,payment,25.46
127,8,119,payment,280.59
113,7,106,existence,169.65
32,12,20,debt,120.66
60,57,3,debt,230.94
41,33,8,payment,108.02
7,3,4,existence,16.68
54,14,40,payment,124.05
34,25,9,debt,112.71
90,43,47,payment,205.31
36,6,30,debt,92.94
98,81,17,payment,219.41
40,40,0,payment,133.53
54,50,4,existence,171.51
147,85,62,existence,473.47
109,47,62,debt,227.85
96,88,8,payment,214.48
76,26,50,existence,155.84
15,8,7,payment,47.17
43,8,35,debt,105.86
102,92,10,existence,317.21
42,2,40,payment,59.14
20,8,12,existence,45.69
156,151,5,existence,558.35
12,7,5,payment,34.09
154,10,144,existence,244.39
69,39,30,payment,199.45
154,74,80,debt,290.86
19,9,10,payment,57.07
56,29,27,debt,134.89
36,7,29,payment,73.21
63,8,55,debt,185.71
100,79,21,debt,265.56
65,58,7,existence,214.08
54,8,46,debt,88.63
44,23,21,existence,104.15
74,73,1,existence,177.47
40,29,11,payment,127.48
157,79,78,debt,338.59
32,7,25,debt,78.67
44,7,37,debt,105.53
21,12,9,existence,39.95
71,6,65,debt,109.04
6,2,4,debt,30.35
14,9,5,existence,37.8
5,1,4,payment,19.7
38,30,8,payment,102.43
30,7,23,payment,92.48
138,39,99,payment,233
106,10,96,payment,277.05
153,132,21,payment,366.92
50,29,21,debt,112.51
38,34,4,debt,97.2
74,11,63,debt,201.79
92,54,38,payment,215.42
156,129,27,debt,494.46
17,6,11,debt,54.82
89,7,82,existence,142.86
153,108,45,existence,376.82
144,27,117,existence,381.25
86,33,53,debt,252.23
89,8,81,existence,199.28
22,12,10,debt,52.72
88,81,7,payment,200.68
79,11,68,existence,144.66
106,71,35,payment,328.28
61,20,41,payment,161.18
66,47,19,existence,166.43
89,84,5,existence,242.98
56,26,30,debt,142.62
102,8,94,payment,181.75
36,19,17,debt,88.57
3,3,0,debt,33.19
66,36,30,debt,173.27
7,4,3,existence,18.26
80,14,66,payment,136.68
144,60,84,existence,215.4
28,21,7,existence,84.53
96,58,38,debt,225.87
138,59,79,debt,261.05
122,116,6,payment,368.68
145,45,100,payment,382.52
25,6,19,payment,64.1
66,19,47,payment,168.45
43,23,20,debt,144.66
42,18,24,payment,135.44
53,6,47,existence,92.92
6,1,5,payment,22.88
70,17,53,debt,131.82
134,45,89,existence,370.4
84,41,43,existence,172.53
124,113,11,existence,388.33
93,57,36,debt,225.4
157,10,147,existence,204.98
49,10,39,existence,101.75
139,84,55,existence,336.6
79,23,56,payment,128.66
45,40,5,existence,145.84
53,11,42,payment,98.65
34,29,5,debt,113.31
73,14,59,existence,141.32
142,106,36,debt,486.33
122,12,110,existence,275.96
123,33,90,existence,168.07
123,119,4,payment,363.21
17,8,9,payment,64.67
130,56,74,debt,366.5
66,23,43,payment,177.33
114,35,79,existence,286.67
151,7,144,payment,321.03
59,36,23,existence,177.46
127,74,53,debt,303.41
130,13,117,debt,295.46
155,103,52,payment,448.58
74,31,43,payment,146.85
117,9,108,debt,310.66
60,19,41,existence,152.87
99,98,1,debt,358.87
25,3,22,existence,50.01
155,144,11,existence,415.13
105,64,41,existence,305.75
118,32,86,payment,326.63
122,30,92,debt,317.66
79,22,57,existence,201.28
105,20,85,payment,218.2
148,7,141,debt,364.21
141,62,79,existence,341.3
70,56,14,existence,184.66
81,48,33,payment,164.29
120,75,45,payment,250.6
61,17,44,debt,115.22
157,112,45,payment,391.57
88,55,33,debt,203.6
93,91,2,existence,232.19
92,46,46,debt,282.96
151,39,112,existence,351.01
101,21,80,existence,269.62
2,2,0,payment,19.31
81,1,80,debt,161.58
129,99,30,debt,387.22
37,7,30,debt,88.51
133,57,76,existence,332.12
2,1,1,existence,3.95
104,87,17,payment,303.52
35,26,9,payment,121.52
148,74,74,payment,304.52
53,5,48,existence,101.66
103,46,57,debt,270.79
109,47,62,payment,340.05
35,4,31,existence,57.18
142,129,13,existence,437.48
4,1,3,payment,19.37
74,60,14,existence,233.82
94,50,44,existence,206.83
1,1,0,existence,3.39
97,68,29,payment,303.83
20,16,4,existence,56.3
156,62,94,payment,482.51
97,91,6,payment,305.02
157,25,132,payment,323.99
136,118,18,existence,365.71
37,10,27,existence,61.17
153,150,3,debt,582.03
18,11,7,payment,44.61
33,26,7,payment,102.21
133,34,99,payment,237.59
103,17,86,existence,195.05
69,51,18,existence,170.37
59,10,49,debt,103.37
77,52,25,existence,219.86
81,19,62,debt,193.06
116,78,38,existence,228.83
80,25,55,existence,127.04
106,51,55,debt,300.78
2,1,1,debt,12.79
152,12,140,existence,350.2
132,4,128,payment,191.97
81,69,12,payment,216.72
83,34,49,existence,164.53
120,5,115,existence,237.09
2,1,1,payment,19.35
33,8,25,debt,76.12
101,41,60,payment,222.3
72,37,35,debt,239.06
147,77,70,debt,371.95
108,102,6,existence,334.32
155,98,57,debt,320.42
124,49,75,existence,309.59
75,33,42,payment,169.95
47,33,14,debt,129.01
18,18,0,existence,70.34
150,139,11,payment,358.96
141,19,122,existence,323.22
118,49,69,payment,323.71
91,6,85,debt,138.55
53,37,16,payment,99.21
41,33,8,existence,122.38
28,2,26,debt,77.26
65,49,16,payment,211.35
6,1,5,existence,15.26
19,13,6,debt,68.3
145,49,96,payment,412.55
122,66,56,debt,315.01
88,61,27,debt,259.03
91,29,62,existence,193.7
77,16,61,existence,210.1
103,83,20,payment,312.25
91,69,22,payment,305.79
95,2,93,payment,152.4
54,5,49,payment,120.19
148,30,118,existence,290
68,28,40,payment,185.73
7,2,5,payment,26.37
49,43,6,payment,165.75
55,38,17,payment,174
145,68,77,debt,388.69
62,40,22,existence,179.6
111,19,92,debt,184.58
127,9,118,debt,198.6
112,87,25,existence,337.62
73,27,46,debt,126.22
157,89,68,debt,367.66
7,3,4,debt,24.29
121,113,8,payment,251.15
11,10,1,debt,37.08
65,51,14,existence,196.69
154,93,61,payment,286.16
55,38,17,existence,119.58
105,94,11,payment,334.97
47,18,29,debt,154.07
48,46,2,payment,158.35
24,19,5,existence,65.05
47,27,20,debt,123.35
81,78,3,existence,216.32
3,3,0,existence,10.08
115,59,56,payment,238.65
93,49,44,debt,179.49
90,33,57,payment,163.74
148,56,92,payment,346.6
86,82,4,debt,257
49,11,38,debt,98.33
63,37,26,debt,180.22
24,4,20,debt,57.05
18,2,16,payment,40.84
86,34,52,payment,228.93
81,27,54,payment,170.34
97,61,36,debt,242.75
9,4,5,existence,20.26
27,12,15,existence,69.77
105,88,17,payment,212.79
149,136,13,debt,475.01
133,25,108,existence,203.77
12,9,3,existence,28.9
89,43,46,payment,189.42
65,2,63,payment,171.53
94,47,47,debt,261.79
23,16,7,debt,70.3
4,2,2,payment,27.96
71,70,1,existence,171.61
56,28,28,payment,161.54
27,19,8,existence,80.9
102,12,90,existence,210.01
141,32,109,payment,240.95
94,76,18,payment,297.68
64,20,44,payment,114.56
15,15,0,existence,39.24
55,7,48,payment,96.38
143,143,0,debt,376.7
107,41,66,existence,298.25
115,86,29,debt,310.04
23,19,4,existence,68.06
42,26,16,debt,150.45
135,48,87,debt,323.87
10,2,8,existence,15.31
23,9,14,payment,62.91
119,99,20,existence,334.86
100,20,80,debt,185.05
75,18,57,payment,133.55
76,54,22,debt,191.13
47,26,21,debt,161.73
87,29,58,debt,197.17
75,60,15,payment,242.04
149,81,68,debt,442.72
28,20,8,debt,92.67
47,42,5,debt,145.54
56,38,18,debt,205.06
119,22,97,debt,328.72
109,34,75,debt,187.76
50,25,25,debt,158.55
7,5,2,debt,45.05
73,57,16,existence,172.32
129,9,120,existence,265.23
54,35,19,payment,136.49
93,92,1,payment,212.48
93,16,77,payment,195.41
2,2,0,payment,10.67
53,26,27,payment,151.14
92,10,82,debt,236.26
135,95,40,debt,287.13
6,5,1,payment,29.12
106,66,40,payment,302.69
70,51,19,debt,212.43
26,20,6,debt,74.76
154,22,132,payment,302.56
107,102,5,payment,256.98
38,12,26,payment,67.63
3,3,0,debt,23.19
37,24,13,existence,90.86
95,84,11,existence,289.22
24,19,5,debt,82.01
134,12,122,debt,201.4
15,14,1,debt,51.98
27,7,20,debt,49.44
42,39,3,existence,132.46
86,76,10,existence,183.78
53,47,6,debt,149.14
157,133,24,payment,336.74
138,91,47,debt,409.86
138,64,74,debt,325.79
10,1,9,debt,47.92
13,3,10,payment,33.05
2,2,0,existence,5.86
86,65,21,payment,238.36
149,134,15,debt,446.63
91,21,70,debt,212.04
65,54,11,payment,144.68
50,47,3,payment,169.78
31,10,21,payment,89.53
51,34,17,existence,112.01
28,4,24,debt,82.58
59,37,22,payment,195.74
42,17,25,existence,118.51
6,2,4,payment,17.34
144,135,9,debt,428.98
146,79,67,existence,397.23
54,45,9,debt,173.29
139,38,101,payment,402.14
126,117,9,debt,267.95
151,25,126,existence,260.2
156,57,99,payment,396.08
145,89,56,existence,401.22
138,118,20,debt,350.93
119,95,24,payment,408.83
33,2,31,debt,71.89
80,27,53,existence,165.52
95,9,86,existence,200.55
85,62,23,debt,217.94
121,85,36,payment,309.79
156,139,17,debt,439.08
91,64,27,debt,227.72
45,4,41,debt,84.01
87,42,45,debt,203.81
20,10,10,existence,54.7
77,17,60,payment,172.48
47,20,27,existence,128.03
45,39,6,payment,127.32
72,35,37,payment,136.45
44,25,19,debt,135.1
99,12,87,payment,175.47
16,15,1,debt,39.58
80,29,51,existence,161.33
37,28,9,existence,81.39
101,86,15,debt,320.58
150,109,41,existence,373.3
70,65,5,debt,196.52
4,1,3,existence,7.99
58,20,38,payment,131.51
92,80,12,debt,312.08
91,52,39,payment,259.65
114,92,22,payment,333.09
136,134,2,debt,509.07
37,2,35,debt,91.73
22,15,7,payment,59.77
28,1,27,payment,69.89
55,26,29,debt,129.88
38,12,26,existence,96.58
85,38,47,existence,249.29
132,25,107,existence,302.23
60,37,23,payment,149.87
54,42,12,existence,189.15
57,57,0,existence,165.31
10,4,6,debt,46
117,9,108,existence,301.6
119,21,98,existence,288
151,40,111,existence,308.85
128,108,20,existence,291.86
82,8,74,existence,100.97
157,93,64,payment,470.37
44,31,13,payment,109.3
105,13,92,debt,266.22
38,9,29,debt,112.76
22,7,15,debt,60.13
36,35,1,debt,99.73
29,23,6,existence,85.96
97,62,35,debt,332.61
151,57,94,debt,360.26
122,84,38,payment,383.58
28,1,27,debt,55.8
58,7,51,debt,175.81
79,62,17,payment,202.76
111,8,103,payment,215.43
80,27,53,payment,164.09
51,4,47,payment,116.2
99,43,56,payment,230.55
46,19,27,payment,106.3
140,51,89,debt,298.64
124,20,104,payment,331.57
100,66,34,debt,268.21
41,12,29,payment,81.36
77,60,17,payment,176.31
142,16,126,payment,252.64
90,19,71,existence,166.59
104,17,87,debt,171.57
153,18,135,payment,299.52
91,15,76,debt,214.47
4,2,2,existence,7.07
153,38,115,debt,329.26
138,137,1,existence,473.23
116,35,81,existence,267.12
55,8,47,payment,144.73
70,40,30,debt,155.02
36,7,29,existence,89.5
97,56,41,payment,302.75
53,48,5,payment,171.74
120,86,34,payment,280.22
47,1,46,payment,81.87
94,62,32,existence,274.64
6,5,1,existence,17.53
139,38,101,existence,305.17
106,82,24,debt,303.54
79,16,63,debt,205.08
3,3,0,debt,28.15
150,100,50,existence,376.91
114,66,48,debt,347.35
112,100,12,existence,293.05
102,77,25,existence,290.58
17,7,10,existence,51.63
5,1,4,payment,23.74
95,40,55,debt,188.71
48,46,2,debt,175.09
59,25,34,payment,176.47
12,10,2,debt,64.19
19,11,8,payment,62.66
142,140,2,debt,472.11
80,11,69,payment,228.7
106,106,0,debt,319.95
43,31,12,existence,93.86
103,12,91,existence,226.8
23,11,12,debt,71.1
34,9,25,existence,56.13
114,43,71,existence,260.31
104,56,48,payment,262.78
5,1,4,debt,26.38
5,2,3,debt,29.66
110,8,102,existence,233.87
127,29,98,existence,196.07
133,70,63,debt,284.11
48,19,29,existence,112.4
37,21,16,existence,102.14
143,44,99,payment,428.28
132,56,76,existence,337.49
19,12,7,existence,47.63
139,45,94,payment,246.4
71,36,35,existence,152.2
46,12,34,existence,100.52
92,80,12,payment,233.61
20,8,12,existence,40.94
27,17,10,payment,87.35
51,11,40,payment,97.24
136,126,10,existence,433.02
32,4,28,payment,85.75
38,24,14,payment,114.98
126,20,106,debt,309.5
95,82,13,existence,265.65
41,40,1,payment,154.11
2,1,1,payment,20.51
101,38,63,payment,220.61
62,54,8,debt,194.36
133,47,86,existence,192.55
16,10,6,existence,45.67
26,8,18,existence,68.91
117,75,42,payment,303.65
61,8,53,debt,161.58
14,11,3,existence,31.5
43,32,11,debt,108.63
134,23,111,payment,329.54
20,7,13,payment,54.22
106,61,45,debt,275.77
114,10,104,existence,200.52
56,39,17,debt,205.4
68,16,52,debt,146.47
69,43,26,debt,227.23
15,3,12,payment,39.57
124,62,62,payment,341.58
113,30,83,debt,308.51
40,39,1,existence,102.38
138,50,88,debt,251.21
17,6,11,debt,58.19
128,2,126,payment,256.89
87,7,80,payment,213.4
63,7,56,debt,135.43
69,66,3,existence,219.17
152,150,2,existence,442.64
134,43,91,payment,264.71
7,4,3,existence,13.57
43,36,7,debt,158.36
117,102,15,payment,355.2
120,101,19,debt,317.63
1,1,0,existence,2.56
118,33,85,payment,232.99
49,7,42,payment,135.66
93,36,57,payment,262.14
63,52,11,existence,196.72
9,6,3,existence,22.91
10,5,5,payment,41.44
114,2,112,existence,175.12
122,36,86,debt,352.28
152,37,115,payment,279.17
149,105,44,debt,290.37
157,28,129,debt,252.27
36,23,13,existence,82.65
29,4,25,debt,77.69
31,4,27,payment,95.32
27,23,4,debt,95.49
35,16,19,payment,79
41,25,16,debt,112.55
99,2,97,debt,154.51
104,6,98,existence,138.33
134,83,51,debt,386.65
27,19,8,existence,70.26
5,4,1,existence,16.78
142,119,23,payment,437.41
37,29,8,existence,96.13
131,4,127,debt,184.4
146,40,106,existence,273.1
124,44,80,existence,222.83
128,22,106,debt,307.92
148,52,96,existence,269.71
132,43,89,debt,347.06
40,20,20,existence,86.63
42,25,17,payment,137.95
70,49,21,debt,196.7
29,10,19,debt,83.37
146,45,101,debt,360.82
15,6,9,payment,44.53
37,3,34,debt,95.91
155,136,19,debt,589.73
115,10,105,payment,242.46
15,13,2,debt,65.69
8,2,6,existence,20.39
99,63,36,payment,248.35
152,38,114,payment,390.66
112,67,45,payment,249.68
33,27,6,payment,111.41
33,12,21,payment,57.83
48,43,5,existence,140.07
62,33,29,payment,162.36
125,22,103,payment,352.21
26,11,15,payment,84.37
5,2,3,existence,13.73
70,39,31,existence,170.24
52,41,11,existence,133.25
29,12,17,debt,77.9
26,20,6,payment,83.24
52,45,7,debt,137.15
36,23,13,payment,128.64
2,1,1,existence,4.58
11,6,5,payment,47.86
65,42,23,existence,138.05
65,27,38,payment,163.79
24,12,12,payment,63.06
130,97,33,debt,367.08
11,5,6,existence,29.8
144,55,89,debt,298.83
27,1,26,debt,84.94
63,17,46,debt,129.27
71,34,37,payment,206.61
151,70,81,payment,279.78
54,40,14,payment,165.82
2,2,0,existence,6.55
92,76,16,debt,195.51
38,1,37,payment,84.99
45,43,2,debt,193.32
131,112,19,debt,496.76
67,50,17,debt,192.5
61,45,16,payment,164.72
115,47,68,debt,234.72
89,64,25,existence,208.34
104,6,98,existence,264.09
51,21,30,debt,138.11
123,2,121,existence,282.64
58,38,20,existence,105.77
34,16,18,existence,86.98
73,29,44,existence,123.4
137,4,133,debt,316.39
55,34,21,debt,161.87
10,4,6,debt,39.41
45,13,32,existence,107.77
148,64,84,payment,314.43
24,11,13,payment,56.47
98,57,41,existence,245.89
54,24,30,existence,107.82
138,11,127,existence,311.61
33,18,15,debt,115.47
10,3,7,payment,33.77
23,10,13,payment,51.62
77,31,46,debt,229.09
53,21,32,debt,121.33
110,84,26,debt,255.68
133,61,72,payment,277.74
52,35,17,payment,164.83
75,20,55,debt,140.01
55,46,9,existence,119.64
123,86,37,existence,320.76
131,103,28,existence,324.41
65,3,62,payment,117.97
157,34,123,debt,427.32
13,2,11,existence,19.63
143,67,76,debt,313.18
88,82,6,payment,261.87
6,3,3,debt,40.02
108,16,92,payment,209.38
23,22,1,payment,80.22
52,7,45,debt,132.07
102,3,99,debt,194.29
118,117,1,payment,255.2
6,1,5,payment,28.91
87,48,39,debt,169.44
102,77,25,debt,279.83
29,29,0,existence,96.64
32,24,8,debt,101.54
73,17,56,payment,132.27
85,14,71,debt,181.51
107,47,60,debt,298.01
93,2,91,payment,134.45
4,2,2,debt,34.72
57,3,54,payment,157.03
140,89,51,payment,473.42
149,77,72,debt,350.23
133,112,21,payment,362.31
24,14,10,existence,66.89
149,103,46,payment,371.36
143,79,64,existence,339.78
70,42,28,debt,252.01
81,54,27,payment,199.99
132,20,112,debt,254.69
30,12,18,payment,53.96
20,9,11,debt,84.3
113,105,8,debt,321.05
150,73,77,payment,410.32
94,50,44,debt,197.06
1,1,0,debt,19.77
13,6,7,existence,34.27
20,3,17,debt,40.21
47,28,19,existence,93.51
108,17,91,payment,201.81
130,39,91,payment,241.68
152,70,82,existence,461.42
124,75,49,payment,424.95
71,54,17,debt,273.89
128,127,1,existence,372.04
102,85,17,debt,262.84
24,1,23,debt,69.85
41,7,34,payment,69.03
83,9,74,debt,150.48
73,40,33,existence,171.73
60,53,7,existence,170.45
31,25,6,existence,80.97
150,62,88,existence,246.47
114,106,8,debt,375.79
30,18,12,existence,52.47
27,16,11,payment,65.45
134,10,124,payment,281.13
54,46,8,debt,165
77,36,41,payment,236.55
135,57,78,debt,412.04
139,72,67,existence,400.62
68,35,33,payment,125.85
113,88,25,payment,314.79
118,2,116,debt,252.83
60,57,3,payment,181.35
49,34,15,debt,157.03
12,3,9,payment,42.91
94,93,1,debt,313.89
60,48,12,payment,148.83
37,7,30,debt,87.89
80,43,37,existence,236.38
101,58,43,payment,262.38
69,23,46,existence,185.64
102,77,25,debt,292.42
18,18,0,existence,41.53
129,45,84,payment,225.47
22,17,5,debt,61.32
30,3,27,debt,82.49
33,17,16,payment,103.71
97,81,16,payment,330.54
77,58,19,payment,226.12
20,8,12,payment,72.59
107,45,62,debt,204.89
144,143,1,existence,415.12
124,104,20,payment,300.14
40,25,15,debt,127.5
23,1,22,payment,51.52
55,37,18,debt,179.11
87,11,76,existence,153.2
97,43,54,existence,251.72
153,99,54,payment,332.04
146,125,21,debt,399.85
126,64,62,existence,279.74
131,126,5,existence,435.93
144,49,95,debt,302.73
85,76,9,payment,246.97
146,58,88,payment,406
16,2,14,debt,48.53
147,60,87,payment,363.82
143,41,102,existence,327.6
8,4,4,payment,34.9
88,45,43,debt,280.25
37,16,21,debt,83.3
148,134,14,existence,463.46
62,21,41,existence,167.34
114,3,111,debt,304.83
126,59,67,payment,252.96
20,14,6,debt,92.31
35,27,8,existence,84.37
68,37,31,payment,218.5
67,60,7,debt,230.75
139,71,68,debt,339.29
10,10,0,debt,42.2
24,18,6,existence,51.77
46,46,0,existence,139.99
110,104,6,existence,364.96
145,3,142,existence,214.76
152,94,58,debt,461.55
38,23,15,payment,110.79
88,23,65,payment,236.49
150,144,6,payment,340.48
19,5,14,existence,27.59
16,5,11,existence,38.27
65,4,61,debt,154.45
137,96,41,debt,404.54
34,20,14,debt,127.11
116,102,14,debt,341.27
143,119,24,debt,384.38
45,29,16,debt,113.86
148,81,67,existence,457.91
131,101,30,payment,465.71
54,2,52,debt,155.93
128,127,1,existence,366.79
60,8,52,payment,143.85
33,7,26,debt,65.44
120,39,81,existence,343.97
116,115,1,existence,277.51
77,49,28,debt,253.25
36,35,1,payment,103.23
35,3,32,debt,96.32
127,51,76,debt,353.93
17,4,13,payment,50.41
48,48,0,existence,156.43
152,40,112,debt,335.8
146,19,127,existence,358.4
64,48,16,payment,166.48
67,56,11,existence,132.21
146,96,50,debt,413.21
2,2,0,debt,23.44
86,4,82,payment,232.43
71,48,23,existence,146.56
64,42,22,payment,186.84
110,33,77,debt,243.46
78,7,71,payment,178
29,6,23,debt,82.68
14,9,5,existence,36.28
34,7,27,existence,55.02
88,84,4,debt,230.15
113,43,70,payment,199.58
51,33,18,existence,146.63
140,114,26,existence,391.86
155,2,153,debt,237.88
46,30,16,payment,135.31
141,1,140,existence,232.85
77,59,18,debt,176.02
146,35,111,existence,326.67
125,116,9,payment,260.52
6,4,2,payment,27.73
38,4,34,debt,80.94
124,97,27,debt,404.15
22,17,5,debt,99.72
140,51,89,debt,326.23
72,50,22,payment,176.92
101,66,35,existence,322
56,37,19,existence,168.2
3,3,0,existence,11.93
71,2,69,payment,95.41
129,1,128,debt,285.88
116,75,41,existence,336.89
79,22,57,payment,194.16
149,131,18,debt,506.95
73,64,9,debt,249.17
85,72,13,existence,284.41
43,35,8,debt,121.21
78,62,16,payment,201.93
97,27,70,payment,190.93
105,99,6,debt,294.06
86,60,26,debt,220.09
63,18,45,existence,115.78
22,9,13,existence,65.54
102,100,2,debt,316.71
39,29,10,debt,139.46
53,44,9,payment,142.05
86,58,28,existence,228.83
50,6,44,payment,128.64
139,30,109,debt,223.38
37,12,25,payment,98.57
66,59,7,debt,182.92
86,42,44,debt,194.86
157,105,52,payment,402.92
65,65,0,payment,191.79
26,21,5,payment,77.2
19,3,16,debt,67.25
4,3,1,payment,18.81
139,3,136,existence,267.65
114,73,41,payment,236.58
97,84,13,existence,317
88,31,57,existence,167.58
24,23,1,payment,88.45
32,8,24,payment,64.15
125,84,41,debt,315.16
26,26,0,existence,72.53
98,14,84,payment,180.39
12,7,5,debt,41.02
147,66,81,payment,373.71
44,21,23,debt,119.33
7,6,1,debt,31.23
12,7,5,existence,27.75
24,6,18,payment,56.55
78,61,17,debt,212.48
89,80,9,payment,250.4
126,82,44,payment,362.2
16,2,14,debt,55.56
51,10,41,payment,122.59
40,1,39,existence,85.94
13,3,10,debt,36.23
141,8,133,payment,336.76
22,2,20,existence,28.75
61,53,8,debt,207.48
22,4,18,existence,42.85
126,50,76,existence,277.21
86,51,35,debt,307.92
99,79,20,payment,268.33
112,20,92,payment,175.28
109,92,17,existence,359.85
157,58,99,existence,323.01
28,27,1,existence,60.18
70,51,19,debt,173.18
99,61,38,debt,265.67
24,4,20,existence,38.07
43,28,15,debt,130.42
140,119,21,existence,384.43
61,39,22,payment,142.58
129,101,28,debt,274.34
149,116,33,payment,315.2
75,71,4,existence,163.78
84,59,25,debt,177.71
21,3,18,payment,42.26
83,71,12,debt,250.81
15,2,13,debt,60.84
150,19,131,existence,307.6
140,1,139,debt,289.09
126,50,76,existence,218.41
120,38,82,existence,329.52
85,5,80,payment,171
152,24,128,existence,253.88
143,7,136,debt,349.49
150,91,59,payment,434.58
134,74,60,debt,324.98
141,60,81,existence,365.2
108,29,79,existence,255.63
106,55,51,existence,267.46
90,75,15,debt,212.91
2,1,1,debt,33.25
96,31,65,payment,233.83
63,46,17,payment,208.9
9,2,7,debt,41.03
91,70,21,existence,232.8
76,46,30,payment,142.4
144,131,13,existence,474.12
29,15,14,debt,85.6
11,11,0,debt,52.17
90,5,85,debt,246.77
57,25,32,debt,162.4
6,4,2,debt,22.59
105,53,52,existence,284.56
33,4,29,debt,82.93
76,47,29,existence,158.76
81,33,48,existence,237.64
143,14,129,existence,214.52
117,94,23,existence,238.25
151,87,64,debt,255.57
103,37,66,existence,245.81
92,86,6,existence,278.6
147,82,65,existence,384.29
107,10,97,debt,156.56
131,33,98,payment,357.1
138,20,118,debt,366.62
126,94,32,debt,427.51
59,11,48,debt,155.73
73,67,6,existence,215.31
148,32,116,debt,232.36
120,53,67,existence,338.39
134,128,6,payment,450.82
84,6,78,payment,137.94
44,28,16,debt,130.8
76,44,32,payment,180.86
45,16,29,debt,109.28
55,8,47,payment,125.61
34,13,21,payment,97.05
99,7,92,payment,135.83
151,17,134,debt,297.72
11,2,9,debt,45.65
62,4,58,existence,96.99
22,8,14,payment,67.71
21,20,1,existence,54.05
2,1,1,payment,20.46
43,22,21,payment,128.11
9,4,5,existence,19.38
69,51,18,existence,204.15
80,48,32,existence,161.57
70,23,47,payment,140.02
83,33,50,payment,143.25
84,45,39,debt,230.13
94,66,28,debt,243.39
25,9,16,existence,61.48
68,19,49,payment,184.38
12,2,10,payment,35.4
62,7,55,debt,128.62
153,76,77,payment,323.86
122,10,112,payment,226.23
21,2,19,existence,48.35
70,41,29,payment,151.42
123,116,7,debt,317.44
1,1,0,debt,19.37
62,59,3,debt,192.75
70,13,57,existence,188.09
45,17,28,debt,116.94
26,18,8,existence,69.25
8,7,1,existence,26.1
88,44,44,existence,259.47
142,105,37,payment,412.76
67,46,21,existence,188.75
2,1,1,debt,15.68
80,54,26,debt,256.5
32,9,23,existence,68.89
122,101,21,debt,292.12
45,34,11,existence,120.47
37,31,6,debt,108.65
157,102,55,debt,509.11
7,5,2,debt,43.61
1,1,0,existence,2.99
59,1,58,payment,92.19
79,37,42,debt,212.12
51,47,4,existence,111.32
143,85,58,payment,366.3
20,8,12,debt,65.78
102,54,48,debt,214.21
150,73,77,existence,339.47
149,74,75,existence,273.77
127,125,2,debt,464.2
139,17,122,existence,249.65
46,21,25,debt,152.77
61,36,25,payment,112.64
40,28,12,existence,105.1
125,18,107,payment,224.4
128,64,64,payment,357.15
73,9,64,payment,194.72
98,45,53,debt,274.5
39,16,23,debt,122.69
148,140,8,existence,414.98
38,6,32,existence,74.59
30,4,26,debt,82.33
103,18,85,existence,168.07
136,26,110,payment,285.95
149,139,10,debt,441.42
138,102,36,payment,366.39
23,10,13,payment,50.11
27,18,9,payment,81.94
118,58,60,payment,302.73
23,4,19,payment,46.75
80,16,64,existence,124.04
84,67,17,debt,286.55
153,48,105,payment,308.6
15,3,12,debt,38.21
118,116,2,payment,315.22
152,78,74,payment,407.5
10,1,9,debt,50.99
143,89,54,debt,398.17
39,1,38,debt,75.52
34,11,23,existence,68.21
26,2,24,payment,48.85
153,56,97,debt,330.58
84,60,24,payment,211.49
109,90,19,debt,255.47
118,47,71,existence,271.03
85,81,4,existence,228.46
119,87,32,payment,344.62
34,14,20,payment,101.31
14,5,9,debt,44.54
145,10,135,existence,215.74
146,16,130,debt,252.72
143,2,141,debt,361.41
11,10,1,payment,48.23
110,57,53,debt,279.59
31,7,24,payment,75.49
156,156,0,debt,507.65
121,102,19,debt,429.58
113,24,89,payment,232.59
66,63,3,debt,239
78,64,14,debt,279.11
6,6,0,payment,30.38
38,16,22,existence,101.13
63,25,38,debt,178.31
46,30,16,existence,89.34
93,45,48,existence,204.73
2,2,0,existence,6.08
3,3,0,payment,20.11
95,21,74,existence,234.83
10,6,4,payment,33.63
129,93,36,existence,372.36
93,89,4,payment,199.77
54,53,1,payment,179.92
21,14,7,debt,58.84
64,9,55,debt,168.26
40,31,9,existence,112.17
86,39,47,payment,188.32
100,59,41,debt,267.25
61,2,59,existence,147.02
103,100,3,existence,307.49
92,29,63,payment,147.72
18,13,5,payment,57.93
48,10,38,debt,155.74
115,23,92,debt,213.26
104,53,51,debt,225.59
60,6,54,payment,160.66
5,2,3,payment,22.16
74,71,3,debt,263.92
139,90,49,debt,389.19
69,59,10,existence,197.08
100,80,20,existence,238.67
120,23,97,payment,241.14
118,52,66,existence,252.16
150,13,137,existence,336.37
20,19,1,existence,53.25
128,26,102,payment,266.92
90,50,40,existence,152
32,5,27,existence,79.71
82,80,2,debt,247.37
39,23,16,existence,100.83
101,42,59,debt,270.27
27,3,24,debt,74.23
124,55,69,payment,371.07
48,12,36,debt,81.72
14,7,7,payment,46.98
69,51,18,existence,150.02
87,38,49,payment,258.72
50,43,7,existence,146.52
80,63,17,payment,277.01
29,20,9,payment,103.74
9,4,5,debt,40.51
107,40,67,payment,301.04
56,12,44,debt,123.68
13,3,10,existence,28.06
32,23,9,debt,90.6
152,39,113,existence,272.42
43,6,37,existence,66.93
132,40,92,debt,366.12
17,11,6,existence,41.13
20,8,12,payment,56.4
76,15,61,payment,123.09
129,74,55,payment,317.72
54,12,42,existence,119.85
32,25,7,payment,85.37
26,22,4,debt,75.65
43,12,31,existence,66.71
7,3,4,existence,14.02
32,3,29,existence,62.76
105,71,34,existence,278.28
59,2,57,debt,122.3
19,5,14,debt,41.99
77,16,61,payment,215.31
51,3,48,payment,137.16
149,116,33,existence,413.19
33,8,25,payment,59.99
15,8,7,debt,64.74
58,35,23,debt,132.42
77,21,56,debt,192.01
55,52,3,existence,118.18
102,23,79,debt,196.43
100,21,79,debt,227.62
19,13,6,payment,61.55
109,101,8,debt,377.04
147,65,82,debt,423
67,40,27,debt,155.17
157,87,70,payment,509.73
12,5,7,existence,34.48
14,4,10,debt,28.4
88,24,64,payment,146.82
63,30,33,existence,168.36
131,14,117,existence,322.21
85,7,78,payment,126.43
25,1,24,existence,62.47
31,8,23,debt,82.05
17,15,2,existence,50.63
134,105,29,existence,376.86
113,83,30,payment,253.72
84,33,51,payment,261.06
32,11,21,existence,60.13
132,53,79,debt,289.1
122,19,103,payment,218.98
58,29,29,debt,138.92
42,33,9,existence,145.63
93,16,77,existence,174.16
118,42,76,existence,294.96
81,71,10,existence,263.26
83,53,30,debt,280.64
87,69,18,debt,284.43
35,6,29,debt,72.73
149,20,129,debt,364.16
52,38,14,debt,147.55
152,103,49,debt,538.72
84,60,24,existence,165.62
18,3,15,debt,51.25
135,54,81,payment,307.12
90,67,23,payment,241.03
105,60,45,existence,304.37
147,98,49,payment,406.49
107,17,90,debt,193.83
33,30,3,existence,83.61
102,10,92,payment,195.4
79,31,48,existence,163.2
67,37,30,payment,136.54
70,70,0,payment,215.5
1,1,0,payment,13.97
94,76,18,payment,279.51
152,118,34,debt,472.03
124,2,122,existence,157.8
66,56,10,existence,244.11
54,13,41,debt,130.69
2,1,1,payment,11.36
112,68,44,payment,255.85
56,37,19,existence,133.44
109,33,76,existence,253
12,1,11,debt,44.42
59,31,28,payment,191.66
46,25,21,payment,108.69
142,126,16,debt,431.14
111,57,54,debt,363.75
112,102,10,debt,319.95
36,11,25,debt,121.97
43,24,19,existence,91.4
144,101,43,debt,412.63
139,33,106,payment,270.05
100,2,98,existence,222.43
62,6,56,existence,79.63
43,42,1,existence,111.54
12,5,7,existence,34.99
98,62,36,debt,224.32
103,64,39,payment,227.68
67,35,32,existence,146.57
133,4,129,debt,176.14
157,120,37,payment,529.18
78,49,29,payment,252.11
150,54,96,payment,398.54
99,64,35,existence,287.36
96,52,44,debt,304.67
148,52,96,existence,364.45
85,49,36,debt,172.61
29,27,2,existence,74.45
51,33,18,existence,115.6
74,62,12,debt,171.21
67,19,48,debt,168.65
35,30,5,existence,92.47
5,2,3,payment,18.1
131,57,74,debt,385.1
82,33,49,existence,240.56
25,5,20,payment,62.64
25,14,11,existence,73.12
46,17,29,debt,143.99
19,5,14,existence,40.61
132,36,96,debt,382.41
115,45,70,payment,204.04
91,6,85,payment,129.97
115,16,99,existence,198.36
154,118,36,payment,514.98
81,54,27,payment,267.33
93,91,2,existence,301.76
156,44,112,payment,294.88
69,3,66,payment,117.27
140,59,81,existence,235.75
35,5,30,existence,68.79
7,1,6,payment,22.44
118,114,4,debt,304.36
72,15,57,payment,166.01
33,28,5,debt,87.6
4,3,1,payment,27.11
116,9,107,debt,185.42
75,9,66,payment,183.32
78,67,11,payment,233.56
100,75,25,payment,341.28
119,90,29,existence,221.64
38,28,10,existence,98.99
76,66,10,existence,181.31
68,34,34,payment,185.03
118,87,31,debt,350.41
86,54,32,debt,280.22
106,18,88,debt,191.33
62,4,58,payment,165.2
58,5,53,debt,146.68
78,12,66,payment,172.29
18,3,15,payment,62.39
121,63,58,payment,276.37
148,148,0,existence,541.1
116,92,24,debt,332.67
117,92,25,payment,236.4
41,38,3,debt,112.45
5,1,4,debt,29.01
23,5,18,debt,83.45
59,12,47,debt,133.17
41,26,15,debt,163.65
149,58,91,payment,343.23
144,78,66,existence,282.3
47,31,16,existence,150.2
55,38,17,existence,115.66
76,31,45,payment,206.32
36,16,20,debt,123.06
32,14,18,payment,75.63
65,41,24,existence,157.38
93,75,18,payment,330.34
110,40,70,existence,247.64
47,11,36,existence,76.17
18,17,1,debt,64.66
74,42,32,payment,147.88
38,3,35,payment,71.48
108,54,54,existence,307.41
86,41,45,debt,265.21
38,5,33,payment,90.04
120,40,80,payment,326.61
50,26,24,debt,144.71
44,13,31,payment,78.4
124,54,70,payment,302.21
82,53,29,debt,233.17
93,12,81,debt,235.03
46,10,36,existence,127.13
115,26,89,debt,224.09
141,135,6,existence,449.22
7,1,6,existence,16.43
39,35,4,existence,104.32
17,12,5,payment,53.35
119,17,102,existence,241.39
65,1,64,payment,114.64
56,44,12,payment,161.76
11,11,0,payment,46.15
49,13,36,debt,162.2
49,42,7,payment,118.04
25,12,13,existence,61.77
146,125,21,debt,419.6
122,23,99,debt,276.72
115,1,114,debt,186.11
124,24,100,existence,312.9
157,146,11,debt,362.98
66,39,27,existence,128.3
80,24,56,existence,154.14
70,47,23,existence,219.14
34,32,2,payment,94.58
1,1,0,payment,13.6
21,7,14,debt,59.66
39,26,13,debt,113.75
31,14,17,debt,64.21
81,76,5,existence,268.2
50,5,45,debt,136.17
31,8,23,payment,69.99
102,34,68,debt,308.61
130,7,123,existence,288.82
9,2,7,existence,15.32
87,24,63,payment,253.36
32,6,26,payment,55.06
157,34,123,payment,371.06
122,90,32,existence,418.13
34,21,13,existence,106.05
132,45,87,payment,285.75
156,148,8,debt,499.41
63,18,45,payment,128.98
111,97,14,payment,355.47
8,8,0,debt,39.49
15,6,9,payment,40.24
50,23,27,debt,99.21
106,61,45,debt,221.69
91,1,90,existence,149.28
129,124,5,existence,396.92
144,137,7,payment,436.46
127,119,8,payment,460.36
55,24,31,debt,129.55
82,42,40,debt,285.76
45,38,7,debt,164.1
59,37,22,debt,207.84
39,39,0,existence,148.97
14,8,6,existence,32.97
4,4,0,payment,23.64
56,32,24,debt,185.63
157,13,144,existence,351.49
26,5,21,debt,76.74
44,12,32,debt,93.04
152,127,25,debt,478.19
16,14,2,existence,45.27
14,8,6,existence,35.52
1,1,0,debt,13.22
24,24,0,payment,72.41
63,18,45,payment,121.45
75,37,38,debt,178.52
60,40,20,existence,150.33
66,17,49,debt,117.87
24,2,22,debt,61.67
67,21,46,existence,126.44
101,40,61,debt,220.59
142,39,103,payment,354.06
99,8,91,existence,224.26
35,33,2,debt,100.41
64,37,27,debt,179.58
71,69,2,existence,225.83
141,3,138,existence,342.22
121,8,113,payment,293.62
6,4,2,payment,25.73
49,22,27,existence,136.38
123,55,68,existence,319.27
130,29,101,debt,334.02
5,4,1,existence,13.35
129,34,95,payment,321.34
127,59,68,existence,243.51
148,70,78,payment,393.95
121,70,51,debt,387.06
145,71,74,debt,442.35
49,47,2,payment,150.45
34,24,10,existence,106.16
125,46,79,debt,250.91
22,3,19,existence,44.17
122,2,120,payment,191.8
44,18,26,debt,114.25
15,3,12,existence,31.77
152,131,21,payment,523.28
49,35,14,debt,185.7
127,53,74,existence,324.97
116,23,93,payment,278.67
116,99,17,payment,366
134,86,48,payment,447.1
135,52,83,debt,362.56
147,133,14,existence,478.62
128,107,21,existence,398.67
21,4,17,payment,43.43
88,74,14,debt,271.2
68,35,33,existence,142.91
87,59,28,debt,270.12
77,35,42,payment,180.06
129,129,0,payment,449.73
140,118,22,payment,347.45
63,26,37,existence,141.8
73,40,33,debt,135.47
22,21,1,payment,88.73
39,36,3,debt,117.37
50,22,28,existence,126.37
38,26,12,payment,125.63
9,6,3,payment,36.72
13,9,4,existence,25.91
81,62,19,debt,305.38
121,79,42,debt,382.34
91,89,2,debt,272.17
150,52,98,existence,405.28
63,54,9,payment,203.9
76,38,38,payment,171
122,84,38,debt,446.26
111,93,18,payment,344.23
102,52,50,debt,323.11
14,14,0,payment,53.5
109,94,15,existence,304.27
114,3,111,payment,263.91
53,2,51,existence,78.45
40,20,20,payment,121.61
132,72,60,existence,294.33
50,27,23,payment,145.06
57,3,54,payment,157.26
24,16,8,existence,53.97
80,46,34,debt,208.05
56,52,4,debt,145.2
77,54,23,payment,248.77
63,34,29,payment,148.13
139,11,128,debt,306.66
56,41,15,payment,181.04
145,51,94,payment,398.37
28,24,4,existence,82.31
119,115,4,payment,259.82
144,104,40,debt,317.55
157,77,80,existence,281.3
113,92,21,debt,326.43
16,6,10,debt,63.83
8,5,3,payment,31.36
100,41,59,existence,271.01
42,29,13,debt,121.85
134,126,8,debt,464.56
32,18,14,debt,107.11
106,22,84,payment,163.96
61,54,7,existence,181.94
27,17,10,payment,97.52
32,11,21,payment,89.3
134,103,31,payment,339.11
8,3,5,payment,31.44
103,101,2,debt,326.84
141,106,35,existence,306.94
49,31,18,debt,108.16
99,85,14,payment,314.72
50,31,19,debt,147.8
99,49,50,debt,201.51
66,20,46,existence,174.11
86,8,78,debt,219.07
58,3,55,debt,98.45
53,26,27,payment,150.29
144,96,48,payment,331.4
25,10,15,payment,76.87
44,16,28,debt,112.53
18,8,10,payment,64.68
102,5,97,existence,168.04
105,78,27,debt,269.3
130,48,82,existence,283.65
150,52,98,debt,365.12
61,33,28,debt,202.01
87,62,25,existence,168.76
6,2,4,payment,23.8
131,55,76,existence,341.11
52,47,5,existence,134.17
42,1,41,payment,106.38
50,6,44,payment,86.84
70,40,30,existence,205.03
91,14,77,existence,126.65
143,17,126,debt,343.97
155,104,51,debt,476.41
75,10,65,debt,173.89
153,124,29,existence,432.76
81,80,1,payment,300.14
29,21,8,debt,100.95
143,42,101,debt,275.23
35,21,14,payment,117.88
72,17,55,payment,156.11
61,44,17,debt,122.66
26,2,24,existence,65.37
32,22,10,existence,62.5
40,18,22,debt,115.84
26,19,7,payment,89.78
34,3,31,debt,99.9
72,65,7,existence,164.9
8,4,4,payment,39.53
87,33,54,payment,200.45
88,1,87,debt,182.06
75,27,48,debt,159.61
111,111,0,existence,345.21
146,108,38,existence,427.33
128,101,27,existence,412.48
155,33,122,existence,389.58
139,130,9,existence,283.12
133,114,19,debt,414.35
44,5,39,existence,62.28
8,7,1,debt,44.3
100,9,91,debt,249.99
73,25,48,existence,150.86
126,57,69,debt,348.25
22,17,5,existence,71.42
74,14,60,debt,200.63
67,58,9,debt,223.88
13,8,5,payment,38.88
134,97,37,existence,275.34
70,41,29,debt,180.52
39,29,10,existence,118.66
98,82,16,existence,267.28
77,7,70,payment,144.94
4,4,0,existence,12.44
116,33,83,existence,304.02
23,12,11,existence,54.94
19,19,0,debt,79.57
130,10,120,debt,219.39
27,5,22,debt,79.68
152,25,127,existence,368.19
144,44,100,existence,230.31
19,9,10,payment,56.82
19,4,15,debt,58.44
117,3,114,debt,249.74
123,58,65,existence,331.77
67,35,32,payment,213.14
32,7,25,payment,65.78
52,28,24,existence,117.66
9,5,4,debt,31.93
30,10,20,payment,79.43
14,11,3,debt,68.99
5,1,4,payment,26.63
55,24,31,payment,139.51
6,1,5,debt,16.63
140,106,34,existence,323.69
89,16,73,payment,134.1
126,92,34,existence,253.43
156,7,149,existence,368.67
107,41,66,existence,225.91
134,58,76,debt,292.51
130,74,56,debt,297.31
151,85,66,payment,359.06
39,36,3,existence,131.26
18,1,17,existence,22.11
104,23,81,payment,271.53
3,1,2,debt,35.59
151,56,95,payment,389.9
44,44,0,payment,177.44
68,12,56,payment,179.3
41,22,19,payment,117.57
156,17,139,payment,292.88
133,69,64,existence,381.36
96,10,86,existence,136.8
78,13,65,payment,145.86
7,3,4,debt,46.68
3,1,2,existence,7.7
130,56,74,payment,386.24
81,69,12,existence,255.91
35,33,2,payment,130.86
119,81,38,payment,365.81
107,95,12,debt,281.62
66,39,27,debt,174.96
72,47,25,existence,207.66
69,14,55,payment,189.13
155,82,73,debt,373.63
89,64,25,payment,278.87
48,41,7,payment,122.52
92,42,50,debt,230.01
89,37,52,debt,236.48
146,100,46,existence,467.25
97,32,65,existence,155.21
19,12,7,existence,37.4
82,73,9,payment,191.43
100,60,40,existence,257.83
73,20,53,debt,154.62
71,51,20,debt,239.03
62,54,8,existence,159.82
32,24,8,debt,91.66
96,71,25,debt,290.91
1,1,0,payment,12.9
33,20,13,existence,79.07
19,17,2,payment,77.2
78,73,5,payment,197.86
63,2,61,existence,79.55
34,7,27,debt,99.34
119,32,87,payment,238.23
31,20,11,existence,96.1
65,13,52,existence,129.21
124,24,100,existence,191.88
104,7,97,payment,145.92
45,20,25,payment,90.12
102,10,92,debt,164.7
54,53,1,existence,133.08
121,84,37,debt,242.8
108,32,76,payment,282.89
142,113,29,payment,371.83
2,2,0,debt,18.05
75,4,71,payment,143.85
126,73,53,payment,242.62
134,104,30,debt,296.26
73,51,22,debt,187.29
111,102,9,debt,306.58
87,39,48,payment,223.64
1,1,0,debt,23.84
85,5,80,debt,188.29
137,56,81,existence,202.87
7,3,4,payment,31.74
112,76,36,existence,323.75
106,32,74,payment,208.64
131,82,49,existence,272.16
86,73,13,debt,277.33
16,11,5,payment,57.53
82,12,70,existence,195.5
64,14,50,payment,99.52
105,12,93,payment,234.06
115,38,77,payment,211.96
35,10,25,payment,90.84
38,19,19,payment,129.8
63,13,50,debt,151.94
146,35,111,debt,236.56
69,68,1,debt,244.47
113,71,42,debt,314.1
81,65,16,existence,187.49
157,5,152,payment,345.02
130,38,92,existence,285.71
71,43,28,payment,136.86
28,16,12,debt,82.04
32,13,19,debt,107.83
144,85,59,debt,471.51
147,117,30,debt,396.8
47,47,0,payment,165.15
42,12,30,payment,95.03
50,38,12,debt,184.36
5,5,0,payment,27.01
73,68,5,debt,192.33
74,63,11,debt,232.54
54,52,2,existence,136.71
1,1,0,existence,2.82
82,79,3,payment,191.45
151,145,6,debt,389.92
104,88,16,debt,358.78
46,32,14,existence,156.97
33,22,11,debt,110.6
82,59,23,payment,192.65
150,24,126,payment,303.76
55,16,39,existence,134.39
2,2,0,existence,5.91
4,3,1,debt,34.61
37,15,22,debt,101.91
105,24,81,payment,184.87
139,15,124,debt,301.57
127,56,71,debt,323.22
139,134,5,existence,458.61
69,25,44,payment,124.46
9,7,2,existence,22
148,148,0,debt,367.29
96,66,30,payment,239.29
83,9,74,debt,166.87
100,97,3,debt,329.3
62,14,48,payment,173.3
35,27,8,debt,100.84
148,117,31,debt,305.04
23,7,16,existence,63.67
94,30,64,existence,242.68
86,23,63,existence,168.83
147,94,53,debt,478.59
131,21,110,debt,239.93
69,12,57,existence,171.01
70,15,55,debt,213.57
71,55,16,debt,255.05
82,12,70,payment,222.63
95,27,68,existence,210.32
144,15,129,debt,272.91
1,1,0,debt,29.8
106,35,71,existence,189.12
146,136,10,existence,376.04
111,36,75,payment,264.64
41,33,8,existence,106.53
110,19,91,debt,260.68
156,107,49,existence,443.76
13,4,9,payment,40.22
4,4,0,existence,12.04
137,67,70,payment,329.49
156,82,74,payment,285.99
106,38,68,payment,242.86
9,8,1,existence,20.91
147,35,112,existence,391.6
78,2,76,existence,112.62
49,26,23,payment,108.43
137,58,79,payment,389.38
88,36,52,debt,274.16
154,45,109,debt,435.06
90,86,4,payment,327.11
150,21,129,existence,349.06
5,4,1,existence,11.89
113,37,76,payment,319.32
43,2,41,existence,73.22
139,106,33,payment,477.34
21,6,15,existence,46.56
21,21,0,existence,54.5
87,81,6,payment,280.53
84,13,71,payment,182.58
93,18,75,existence,201.49
5,2,3,payment,23.2
56,51,5,existence,192.7
30,29,1,payment,93.02
130,25,105,debt,315.61
157,116,41,payment,434.08
15,3,12,existence,32.75
83,9,74,debt,137.64
125,23,102,payment,326.02
55,40,15,payment,152.96
4,2,2,debt,35.39
78,28,50,payment,184.56
137,99,38,debt,393.62
117,62,55,debt,299.23
142,54,88,debt,403.98
113,95,18,existence,226.3
148,94,54,existence,447.72
124,7,117,payment,315.05
11,5,6,payment,31.16
128,30,98,payment,228.96
10,2,8,debt,35.25
117,34,83,payment,221.39
106,37,69,payment,231.2
15,15,0,existence,36.89
17,16,1,debt,67.08
92,72,20,payment,205.52
145,32,113,payment,372.67
129,91,38,existence,344.65
155,9,146,debt,347.44
88,19,69,payment,171.91
138,99,39,payment,329.99
23,14,9,debt,63.32
92,87,5,payment,277.29
119,58,61,payment,353.95
93,49,44,payment,257.72
88,26,62,debt,237.02
107,26,81,payment,302.54
136,31,105,debt,280.23
154,127,27,debt,371.34
5,1,4,payment,24.93
21,11,10,debt,68.54
149,16,133,debt,247.46
133,37,96,payment,283.42
105,14,91,debt,263.04
142,74,68,debt,253.97
124,23,101,payment,219.02
25,23,2,debt,94.72
141,31,110,debt,227.6
1,1,0,debt,26.34
1,1,0,existence,2.37
67,3,64,debt,144.36
18,2,16,existence,35.08
61,45,16,debt,154.29
65,24,41,payment,185.84
2,2,0,debt,27.16
123,30,93,existence,238.95
18,13,5,debt,60.77
130,58,72,existence,371.45
37,16,21,payment,78.63
95,49,46,debt,188.79
27,25,2,debt,109.52
96,20,76,debt,151.33
23,2,21,debt,63.35
119,58,61,payment,326.71
135,91,44,payment,446.76
16,2,14,existence,27.02
23,15,8,existence,68.82
134,25,109,payment,243.4
35,34,1,debt,136.12
115,43,72,debt,315.23
152,99,53,debt,349.34
76,67,9,payment,168.71
60,37,23,existence,168.44
57,23,34,existence,143.6
33,7,26,payment,96.53
44,25,19,payment,88.88
56,4,52,payment,157.97
87,87,0,existence,210.54
139,113,26,existence,388.93
151,90,61,debt,454.66
55,42,13,payment,184.13
97,94,3,existence,351.38
16,10,6,debt,67.13
129,8,121,payment,280.84
72,62,10,payment,151.3
2,1,1,payment,22.34
77,16,61,debt,229.71
33,7,26,debt,82.41
152,103,49,existence,449.43
86,57,29,existence,198.61
149,36,113,existence,387.86
132,115,17,payment,271.84
44,4,40,existence,76.09
31,23,8,existence,79.73
106,83,23,payment,294
55,7,48,payment,104.13
62,3,59,existence,147.28
42,24,18,existence,95.69
97,13,84,debt,171.14
147,17,130,existence,389.82
114,26,88,debt,262.1
152,147,5,existence,376.46
49,14,35,payment,116.09
69,65,4,debt,228.05
97,51,46,payment,259.21
46,3,43,existence,114.6
115,6,109,existence,244.32
46,10,36,existence,121.81
106,105,1,payment,274.84
29,27,2,existence,87.62
147,24,123,existence,363.69
71,55,16,payment,226.44
125,24,101,payment,235.16
35,4,31,existence,52
21,6,15,existence,36.72
14,14,0,debt,46.38
27,6,21,debt,81.34
48,27,21,debt,124.52
17,14,3,payment,59.58
154,138,16,existence,357.43
119,110,9,debt,386.93
54,41,13,existence,111.08
89,46,43,existence,225.56
100,30,70,debt,194.28
89,74,15,payment,289.79
125,14,111,existence,241.59
114,68,46,existence,292
20,9,11,debt,58.84
132,90,42,existence,369.47
151,95,56,payment,464.93
14,9,5,existence,33.02
18,8,10,debt,54.82
134,101,33,existence,408.44
157,64,93,payment,361.05
73,20,53,existence,170.82
8,1,7,payment,25.74
83,82,1,payment,222.87
115,113,2,payment,286.82
29,20,9,payment,93.39
71,66,5,payment,215.7
30,25,5,existence,84.87
121,66,55,payment,268.67
125,7,118,existence,289.73
10,7,3,debt,35.08
150,61,89,debt,437.15
147,145,2,debt,452.59
143,45,98,payment,289.36
157,112,45,existence,259.76
94,55,39,payment,204.18
38,38,0,existence,123.81
31,31,0,existence,108.48
61,29,32,debt,175.42
157,13,144,payment,380.66
38,16,22,existence,106.86
123,30,93,payment,200.37
50,21,29,existence,96.95
3,1,2,existence,5.65
24,19,5,existence,56.46
138,88,50,payment,296.27
53,12,41,existence,114.93
22,7,15,debt,62.08
90,7,83,payment,216.46
48,14,34,debt,117.11
112,12,100,payment,199.81
15,10,5,payment,58.47
106,70,36,debt,318.93
27,2,25,payment,86.67
111,93,18,debt,296.85
105,72,33,debt,251.74
58,16,42,existence,134.44
116,36,80,debt,232.75
128,120,8,payment,370.45
11,7,4,debt,48.96
81,34,47,debt,171.58
63,3,60,debt,170.44
3,1,2,payment,14.48
140,5,135,payment,275.25
95,28,67,existence,226.34
28,8,20,existence,69.87
99,82,17,existence,263.11
34,23,11,existence,108.95
93,83,10,existence,227.01
61,28,33,debt,148.11
28,14,14,existence,69.81
35,10,25,existence,77.32
133,10,123,existence,264.24
6,2,4,existence,10.45
128,113,15,payment,344.57
41,7,34,existence,86.57
73,62,11,payment,161.88
32,26,6,payment,83.31
25,11,14,payment,75.19
92,68,24,payment,230.17
12,6,6,existence,33.98
112,76,36,payment,255.01
103,97,6,existence,269.61
65,54,11,existence,196.02
123,91,32,existence,393.07
94,83,11,existence,198.03
81,10,71,payment,170.4
6,3,3,existence,10.51
48,47,1,existence,137.46
94,66,28,debt,192.27
60,53,7,payment,211.84
101,53,48,payment,214.2
156,24,132,debt,243.76
80,60,20,debt,207.02
113,66,47,payment,233.16
78,7,71,payment,181.54
97,68,29,existence,232.6
27,2,25,payment,85.56
117,60,57,payment,284.66
18,7,11,debt,49.59
120,100,20,debt,300.25
90,78,12,existence,247.91
92,31,61,existence,242.51
35,10,25,payment,81.55
69,2,67,existence,88.31
149,90,59,debt,450.29
121,106,15,debt,441.04
59,35,24,existence,126.39
76,9,67,debt,164.53
13,5,8,payment,36.35
111,99,12,payment,280.23
50,31,19,existence,90.52
149,39,110,debt,260.31
113,29,84,existence,262.68
27,1,26,payment,62.32
36,36,0,payment,90.11
9,5,4,existence,23
23,7,16,payment,58.2
117,113,4,existence,412.55
106,55,51,payment,302.56
8,1,7,debt,25.6
127,73,54,debt,442.75
8,2,6,existence,20.52
110,29,81,payment,259.44
21,21,0,payment,70.98
105,55,50,debt,314.87
79,4,75,existence,128.84
3,2,1,payment,18
148,15,133,debt,369.95
100,3,97,existence,185.08
52,29,23,existence,112.07
154,125,29,payment,373.69
9,4,5,payment,34.47
154,128,26,debt,393.12
135,105,30,payment,270.75
16,16,0,payment,71.04
108,76,32,debt,266.37
8,4,4,debt,33.27
114,93,21,existence,272.35
149,86,63,existence,270.61
82,3,79,payment,130.34
93,64,29,debt,287.18
95,15,80,debt,271.29
118,89,29,debt,251.39
146,40,106,payment,245.13
72,64,8,existence,236.71
19,13,6,debt,62.3
58,11,47,debt,114.11
62,47,15,debt,199.5
142,136,6,existence,416.98
143,100,43,payment,356.35
115,50,65,existence,324.95
17,12,5,payment,46.88
48,26,22,debt,112.12
25,11,14,existence,74.18
19,17,2,debt,66.2
12,12,0,payment,51.61
49,30,19,debt,145.75
64,57,7,debt,227.42
88,18,70,payment,230.21
65,65,0,existence,178.43
109,82,27,payment,257.04
132,107,25,debt,429.46
55,36,19,debt,152.49
37,7,30,payment,90.9
41,41,0,payment,128.19
58,24,34,payment,171.62
31,20,11,debt,102.12
61,12,49,debt,154.57
17,12,5,existence,38.61
31,1,30,existence,57.25
129,91,38,existence,340.63
1,1,0,debt,16.28
117,77,40,payment,326.83
24,15,9,payment,54.62
27,22,5,existence,61.06
157,13,144,debt,276.45
55,8,47,existence,80.57
126,14,112,payment,227.59
48,18,30,payment,139
118,17,101,existence,257.36
71,4,67,payment,167.24
81,49,32,payment,260.94
88,68,20,existence,208.51
111,80,31,payment,330.15
25,25,0,existence,67.96
112,61,51,debt,350.25
53,2,51,debt,153.41
116,26,90,debt,215.65
8,5,3,payment,35.28
139,104,35,payment,352.47
113,86,27,debt,267.58
95,6,89,debt,248.96
51,43,8,payment,137.47
26,7,19,existence,71.55
157,144,13,debt,436.07
31,8,23,existence,66.93
146,103,43,debt,318.42
19,15,4,debt,84.22
81,2,79,payment,199.5
155,71,84,debt,455.47
110,91,19,existence,249.67
48,5,43,existence,107.9
75,27,48,payment,156.04
20,19,1,debt,82.73
79,62,17,debt,280.03
92,49,43,payment,177.69
50,13,37,existence,85.23
20,3,17,payment,56.74
36,25,11,existence,75.69
58,18,40,existence,125.71
20,3,17,existence,39.81
10,2,8,payment,35.19
87,40,47,debt,222.05
73,52,21,debt,190.06
45,19,26,payment,138.41
149,70,79,debt,275.75
133,59,74,debt,328.71
128,101,27,debt,422.09
46,18,28,debt,101.36
67,24,43,debt,193.96
142,45,97,payment,329.01
82,56,26,existence,182.98
52,50,2,debt,158.82
45,6,39,payment,81.87
77,67,10,payment,233.58
123,75,48,existence,254.7
13,10,3,payment,40.25
88,67,21,existence,250.36
127,12,115,existence,289.44
106,83,23,debt,293.04
100,16,84,existence,215.16
2,1,1,payment,16.55
40,24,16,existence,117.85
123,86,37,existence,241.75
141,125,16,payment,365.98
133,35,98,debt,329.49
141,91,50,existence,399.37
73,43,30,existence,141.04
26,10,16,payment,76.31
41,6,35,existence,62.31
155,84,71,debt,387.61
105,54,51,payment,339.17
136,89,47,payment,294.59
55,12,43,existence,108.06
15,1,14,debt,67.51
95,67,28,debt,219.18
108,14,94,debt,186.46
147,13,134,payment,377.23
5,1,4,payment,24.47
100,24,76,debt,187.79
57,47,10,payment,168.91
112,71,41,debt,258.47
116,87,29,debt,319.25
81,48,33,debt,242.05
150,9,141,existence,187.67
135,124,11,payment,386.01
81,44,37,existence,149.64
104,13,91,debt,255.3
140,24,116,payment,249.39
19,16,3,payment,45.4
61,50,11,existence,159.2
28,7,21,existence,70.71
18,1,17,debt,72.05
126,124,2,debt,503.32
70,55,15,payment,234.99
155,61,94,payment,438.24
48,20,28,payment,102.07
67,27,40,debt,155.86
33,10,23,debt,84.43
141,105,36,existence,439.49
5,3,2,payment,31.43
43,21,22,existence,111.06
103,1,102,debt,270.77
43,8,35,existence,73.05
133,32,101,existence,211.7
149,79,70,existence,407.31
149,72,77,existence,326.76
114,75,39,payment,277.26
136,102,34,debt,413.99
47,42,5,debt,122.52
133,32,101,existence,334.52
17,5,12,payment,46.79
82,54,28,existence,207.33
89,69,20,existence,186.26
36,17,19,payment,102.72
131,95,36,existence,238.4
140,82,58,debt,302.83
133,47,86,debt,304.79
152,13,139,debt,386.54
31,13,18,debt,92.58
88,58,30,debt,277.54
16,15,1,debt,53.44
12,8,4,existence,28.51
124,116,8,existence,353.58
13,3,10,payment,45.05
12,5,7,debt,44.81
27,27,0,existence,77.97
116,76,40,payment,351.86
24,4,20,debt,65.13
141,140,1,payment,471.07
142,130,12,debt,510.26
142,119,23,existence,385.68
59,45,14,payment,128.47
49,33,16,debt,154.42
72,20,52,existence,192.75
95,51,44,debt,242.83
107,14,93,payment,157.92
118,44,74,payment,175.49
42,17,25,payment,114.17
77,54,23,debt,273.27
46,12,34,payment,71.98
7,1,6,existence,13.02
103,95,8,debt,305.69
63,42,21,existence,127.94
136,92,44,debt,405.46
66,38,28,debt,201.51
89,89,0,debt,293.77
30,12,18,payment,67.72
88,10,78,existence,170.17
98,67,31,payment,201.85
70,26,44,payment,138.75
47,33,14,payment,145.68
19,18,1,existence,62.58
53,24,29,existence,143.27
23,9,14,payment,51.22
85,29,56,existence,146.36
144,64,80,debt,312.74
8,4,4,payment,32.08
147,10,137,existence,320.53
76,18,58,debt,163.56
139,62,77,existence,273.18
109,95,14,debt,363.24
98,89,9,debt,315.15
70,56,14,debt,202.2
157,79,78,existence,435.05
96,8,88,debt,221.35
48,18,30,payment,115.82
54,36,18,existence,114.86
125,102,23,payment,304.41
112,69,43,payment,264.24
26,23,3,payment,101.37
36,8,28,debt,116.1
111,94,17,payment,286.78
109,26,83,existence,271.92
60,16,44,debt,165.92
37,24,13,payment,98.66
13,2,11,existence,24.53
149,110,39,debt,402.91
6,1,5,debt,42.09
10,10,0,payment,45.34
113,13,100,existence,170.48
71,4,67,existence,98.23
99,88,11,debt,337.44
157,100,57,debt,415.69
65,2,63,payment,163.19
14,1,13,debt,43.57
2,1,1,existence,4.74
117,32,85,payment,329.81
54,38,16,payment,156.64
141,18,123,payment,200.61
69,24,45,payment,173.53
42,24,18,debt,87.34
110,24,86,existence,149.27
101,38,63,payment,239.28
51,30,21,debt,141.2
126,62,64,existence,320.27
106,33,73,payment,175.2
12,9,3,payment,47.73
7,4,3,existence,15.61
138,127,11,payment,481.44
46,33,13,debt,121.88
7,7,0,debt,36.07
110,100,10,payment,343.9
82,6,76,payment,156.85
20,5,15,existence,38.46
136,21,115,debt,365.08
74,67,7,existence,221.26
53,11,42,debt,119.74
95,83,12,payment,271.6
60,58,2,payment,141.66
87,83,4,existence,185.36
37,4,33,debt,79.67
64,32,32,existence,183.31
153,32,121,payment,301.42
48,14,34,existence,97.76
54,39,15,payment,136.26
32,15,17,existence,78.78
29,1,28,payment,48.96
130,76,54,debt,257.46
66,24,42,existence,156.04
26,25,1,payment,110.1
44,37,7,existence,128.55
96,15,81,debt,237.38
33,33,0,debt,134.67
88,73,15,payment,270.56
115,21,94,payment,206.33
132,87,45,existence,378.67
46,31,15,debt,117.35
69,20,49,existence,163.97
4,4,0,existence,13.56
139,32,107,debt,244.12
101,49,52,payment,267.13
120,31,89,payment,320.38
25,12,13,payment,80.45
63,57,6,debt,138.2
61,12,49,debt,166.99
157,127,30,payment,514.49
130,116,14,existence,491.59
127,76,51,existence,227.33
86,65,21,payment,240.87
5,2,3,existence,15.13
16,6,10,payment,58.15
115,26,89,existence,203.36
125,41,84,existence,214.95
60,25,35,debt,146.65
13,12,1,payment,58.49
49,33,16,existence,112.1
94,71,23,payment,193.36
20,2,18,existence,41.84
94,91,3,payment,303.66
78,67,11,debt,184.67
27,24,3,payment,64.21
153,69,84,debt,489.06
124,71,53,existence,296.55
39,4,35,existence,58.79
107,66,41,debt,375.44
124,8,116,payment,254.64
129,18,111,payment,267.65
2,2,0,debt,32.95
99,27,72,existence,208.93
38,5,33,debt,119.39
81,59,22,existence,205.36
50,19,31,payment,88.53
93,70,23,debt,221.05
145,113,32,existence,416.53
109,69,40,existence,272.53
51,33,18,debt,159.89
27,25,2,existence,81.77
86,77,9,payment,205.89
10,5,5,debt,41.3
124,41,83,payment,370.1
72,6,66,payment,119.8
149,84,65,existence,339.63
29,29,0,existence,68.63
25,17,8,payment,55.98
87,24,63,debt,267.57
31,21,10,debt,113.8
24,6,18,debt,56.3
29,11,18,debt,91.47
18,11,7,debt,69.91
57,5,52,payment,92.24
47,13,34,debt,120.93
139,14,125,existence,258.52
135,130,5,payment,353.31
113,92,21,debt,376.1
43,23,20,debt,154.97
54,53,1,debt,219.37
40,6,34,payment,68.56
106,36,70,debt,272.8
152,136,16,debt,327.55
22,9,13,existence,58.84
140,134,6,existence,482.25
86,86,0,debt,294.36
17,7,10,debt,77.91
154,38,116,payment,303.09
65,18,47,debt,148.19
33,13,20,debt,79.81
68,24,44,debt,151.44
132,108,24,debt,452.65
134,77,57,payment,282.71
117,10,107,existence,289.1
65,31,34,payment,126.99
154,67,87,debt,394.06
119,92,27,debt,330.62
33,15,18,existence,82.84
126,104,22,payment,362.23
84,67,17,payment,220.76
86,59,27,existence,212.52
100,84,16,existence,329.58
47,33,14,payment,106.9
136,40,96,debt,339.93
94,19,75,payment,168.14
34,8,26,payment,107.98
143,47,96,debt,282.04
106,26,80,payment,162.47
141,52,89,existence,364.93
43,5,38,debt,103.78
108,3,105,existence,187.68
36,36,0,payment,117.79
53,15,38,payment,114
25,6,19,debt,72.32
54,11,43,payment,108.52
26,25,1,payment,99.81
17,9,8,payment,62.27
82,73,9,debt,244
129,77,52,existence,320.6
24,16,8,payment,84.81
30,7,23,payment,74.14
26,1,25,existence,61.32
124,35,89,debt,249.87
142,19,123,payment,281.49
2,2,0,debt,23.24
20,1,19,debt,55.91
5,5,0,existence,14.6
36,36,0,existence,113.81
157,146,11,existence,591.59
56,52,4,payment,130.13
10,5,5,debt,33.23
93,73,20,payment,240.3
53,24,29,debt,179.13
150,15,135,payment,254.96
74,55,19,payment,257.35
22,15,7,debt,77.59
9,6,3,debt,40.08
81,22,59,debt,123.39
76,65,11,payment,226.5
27,13,14,debt,108.08
12,10,2,existence,35.97
48,20,28,debt,131.92
156,20,136,payment,318.09
143,41,102,debt,336.24
125,107,18,existence,351.52
64,51,13,existence,168.61
38,21,17,debt,106.22
16,16,0,existence,61.6
5,4,1,existence,13.77
116,87,29,existence,297.55
95,14,81,debt,202.14
66,61,5,payment,237.3
58,27,31,debt,160.08
104,6,98,existence,160.59
51,43,8,payment,171.72
155,77,78,existence,386.18
114,35,79,debt,307.6
62,35,27,payment,129.52
2,1,1,debt,25.17
104,81,23,payment,202.19
110,84,26,payment,389.5
109,5,104,debt,282.7
39,17,22,existence,74.35
108,84,24,payment,342.01
124,70,54,existence,335.55
81,18,63,debt,169.87
105,56,49,payment,307.93
57,23,34,existence,155.76
55,9,46,debt,137.49
86,36,50,payment,222.94
119,80,39,payment,353.82
67,2,65,debt,142.52
119,60,59,debt,287.88
147,102,45,existence,295.1
18,15,3,existence,42.46
69,56,13,payment,245.14
115,74,41,debt,313.1
106,22,84,payment,203.7
147,47,100,payment,276.83
98,39,59,debt,280.77
136,57,79,existence,262.04
101,37,64,debt,258.08
12,5,7,existence,19.47
155,76,79,payment,365.59
55,47,8,debt,144.11
123,95,28,debt,322.04
79,18,61,debt,151.66
116,1,115,existence,276.76
49,30,19,existence,99.25
12,5,7,existence,30.15
152,31,121,existence,346.94
156,92,64,existence,431.71
79,62,17,debt,188.15
15,1,14,existence,20.36
11,4,7,debt,55.36
73,50,23,existence,142.5
153,139,14,existence,355.21
29,18,11,payment,81.42
69,34,35,payment,151.02
86,6,80,debt,158.41
24,11,13,payment,58.48
59,43,16,debt,141.95
35,10,25,payment,86.9
4,3,1,existence,7.62
21,14,7,existence,40.26
71,24,47,existence,129.37
83,35,48,debt,203.7
20,7,13,payment,47.41
31,26,5,debt,101.45
76,67,9,payment,251.88
29,22,7,debt,95.01
49,11,38,debt,87.8
3,2,1,existence,8.69
156,77,79,debt,320.49
39,30,9,existence,92.52
157,52,105,debt,459.58
96,7,89,existence,132.64
130,35,95,existence,331.78
112,51,61,payment,252.98
72,12,60,existence,134.06
29,5,24,payment,88.6
42,40,2,debt,141.93
111,74,37,payment,277.79
80,6,74,payment,165.48
67,42,25,debt,160.64
56,36,20,payment,190.66
127,114,13,existence,369.47
112,37,75,payment,213.78
83,65,18,debt,191.13
45,10,35,existence,70.72
140,136,4,existence,367.74
96,53,43,existence,244.56
34,15,19,existence,93.9
56,19,37,existence,125.92
153,50,103,existence,287.07
136,86,50,payment,451.34
39,19,20,payment,81.63
110,68,42,payment,327.03
79,41,38,payment,179.22
104,8,96,existence,184.21
100,44,56,debt,273.71
18,9,9,existence,46.96
49,31,18,payment,115.79
28,7,21,payment,62.74
5,4,1,payment,33.61
71,53,18,payment,219.32
5,3,2,existence,10.28
88,47,41,existence,198.17
150,104,46,debt,534.24
109,105,4,debt,369.35
55,4,51,debt,88.45
101,27,74,existence,225.61
79,74,5,debt,284.67
125,8,117,payment,233.66
71,41,30,debt,256.58
111,31,80,payment,206.22
53,9,44,debt,109.33
20,18,2,payment,72.67
40,3,37,debt,87.16
78,24,54,existence,168.8
90,4,86,debt,231.97
38,22,16,existence,93.46
77,63,14,debt,197.95
110,59,51,debt,283.09
15,12,3,payment,48.94
149,6,143,payment,380.14
11,1,10,existence,15.66
113,94,19,debt,322.47
131,117,14,debt,428.46
122,35,87,debt,349.02
16,10,6,payment,57.11
131,107,24,debt,323.66
44,7,37,debt,94.09
68,65,3,debt,211.99
112,32,80,debt,325.57
28,11,17,payment,58.88
51,4,47,payment,133.79
62,23,39,existence,170.93
147,82,65,payment,375.22
34,3,31,debt,96.74
77,21,56,existence,186.05
113,81,32,existence,357.5
91,3,88,debt,145.26
26,16,10,payment,80.72
39,11,28,existence,63.23
143,101,42,payment,326.49
146,97,49,payment,313.83
60,22,38,debt,161.9
94,21,73,payment,240.39
139,2,137,existence,221.98
88,79,9,existence,263.49
64,4,60,existence,90.12
4,4,0,existence,13.35
151,22,129,payment,292.02
100,55,45,debt,240.31
58,25,33,existence,131.84
92,1,91,debt,159.15
56,31,25,existence,132.57
98,10,88,payment,233.48
93,59,34,payment,258.32
119,69,50,existence,329.11
117,107,10,debt,434.23
108,54,54,debt,203.09
91,70,21,payment,226.76
65,61,4,existence,157.59
43,26,17,debt,147.57
90,9,81,payment,210.72
148,54,94,payment,346.16
129,31,98,payment,370.25
132,84,48,existence,432.99
69,46,23,payment,168.63
103,33,70,existence,272.82
11,6,5,debt,52.96
82,12,70,debt,140.16
13,10,3,payment,30.54
74,49,25,existence,160.96
125,55,70,existence,298.05
18,9,9,existence,45.33
128,58,70,debt,303.66
27,9,18,payment,66.04
133,101,32,payment,362.33
51,33,18,existence,125.67
157,83,74,debt,372.84
57,17,40,debt,146.31
64,40,24,existence,163.74
17,8,9,payment,54.86
107,1,106,debt,235.03
105,105,0,debt,369.26
13,12,1,debt,62.1
42,25,17,existence,77.11
122,107,15,payment,370.21
61,11,50,debt,119.45
83,61,22,debt,245.08
64,57,7,payment,164
120,116,4,existence,395.11
80,68,12,payment,259.5
60,26,34,debt,159.76
65,50,15,payment,157.33
40,18,22,payment,100.02
56,8,48,debt,142.22
135,53,82,existence,256.33
45,37,8,payment,181.09
121,48,73,debt,352.08
120,114,6,existence,409.23
116,26,90,payment,231.43
52,31,21,payment,161
110,52,58,debt,305.5
9,7,2,debt,47.67
32,11,21,debt,103.1
151,43,108,debt,261.88
104,86,18,payment,329.22
114,100,14,payment,314.12
104,77,27,payment,219.87
134,65,69,existence,272.56
115,114,1,existence,339.52
56,37,19,payment,156.81
59,26,33,debt,159.11
83,35,48,existence,243.15
87,22,65,existence,162.14
131,5,126,payment,227.45
60,9,51,debt,139.78
71,60,11,existence,189.93
41,19,22,payment,111.81
60,21,39,debt,157.93
94,47,47,payment,268.15
87,51,36,debt,234.9
37,24,13,debt,141.73
151,12,139,payment,245.64
147,35,112,existence,304.76
124,40,84,debt,343.46
87,82,5,existence,205.58
142,38,104,payment,220.51
35,20,15,existence,89.66
43,43,0,payment,135.71
145,118,27,debt,349.23
100,89,11,payment,262.75
89,55,34,payment,234.11
134,66,68,debt,384.74
100,54,46,payment,208.55
156,118,38,debt,466.47
31,11,20,existence,84.36
32,22,10,existence,78.03
54,33,21,debt,161.5
28,22,6,debt,111.85
54,33,21,debt,166.47
102,55,47,payment,292.06
16,14,2,debt,67.53
98,32,66,debt,235.84
103,3,100,payment,220.91
28,5,23,existence,68.55
152,7,145,payment,350.47
80,76,4,payment,262.23
102,92,10,payment,357.65
18,17,1,debt,62.31
117,113,4,debt,336.95
74,51,23,debt,228
55,35,20,payment,166.28
105,5,100,existence,133.96
147,26,121,debt,228.76
85,43,42,payment,185.36
122,97,25,payment,276.82
100,96,4,debt,377.27
35,35,0,payment,118.88
123,8,115,existence,223.04
20,10,10,existence,50.49
32,25,7,payment,93.31
74,70,4,payment,270.49
71,63,8,existence,154.8
87,23,64,payment,226.08
71,43,28,debt,165.98
70,2,68,existence,86.53
122,64,58,payment,321.07
125,78,47,existence,348.67
1,1,0,existence,2.76
135,125,10,debt,406.12
87,28,59,debt,243.99
60,60,0,payment,187.84
25,12,13,payment,77.52
30,30,0,debt,107.04
63,39,24,debt,160.22
76,67,9,payment,201.27
21,11,10,existence,41.26
133,76,57,debt,405.53
125,40,85,existence,226.82
70,57,13,existence,227.26
144,78,66,debt,277.5
6,6,0,existence,13.85
100,71,29,existence,234.72
142,97,45,debt,363.66
143,20,123,existence,232.8
70,37,33,existence,170.78
71,66,5,payment,203.73
34,29,5,debt,92.14
59,16,43,payment,107.78
84,77,7,existence,263.72
49,38,11,payment,117.41
52,37,15,debt,179.29
75,65,10,debt,271.62
87,28,59,existence,191
73,26,47,payment,135.43
58,22,36,payment,142.7
44,41,3,existence,135.72
100,74,26,payment,288.47
14,4,10,payment,48.97
61,8,53,existence,127.98
87,70,17,payment,215.05
64,45,19,debt,164.89
119,8,111,existence,191.21
144,72,72,debt,389.51
142,140,2,debt,370.19
37,21,16,debt,113.14
101,16,85,payment,177.37
105,18,87,existence,242.21
105,91,14,existence,315.05
128,100,28,existence,292.68
117,28,89,debt,297.34
72,72,0,existence,180.36
56,33,23,debt,159.95
87,46,41,existence,225.29
14,1,13,payment,45.27
38,35,3,debt,144.32
18,17,1,existence,45.09
13,10,3,existence,26.43
117,88,29,existence,299.63
41,37,4,existence,156.79
14,13,1,existence,37.01
134,20,114,existence,286.84
42,1,41,debt,99.85
77,59,18,existence,240.07
4,4,0,existence,14.4
123,53,70,payment,281.06
46,25,21,existence,129.35
143,136,7,payment,395.12
4,2,2,existence,8.47
138,75,63,payment,313.61
152,32,120,debt,325.53
121,32,89,debt,234.82
87,55,32,existence,243.98
64,64,0,payment,221.32
87,60,27,existence,192.82
30,10,20,debt,100.12
16,16,0,payment,46.88
46,28,18,debt,118.16
29,26,3,payment,104.4
21,14,7,debt,69.76
22,22,0,existence,77.31
47,44,3,debt,137.73
48,33,15,debt,162.42
9,8,1,existence,18.03
50,42,8,debt,158.38
16,2,14,payment,38.99
34,11,23,payment,66.19
127,8,119,payment,250.34
82,17,65,existence,146.06
79,58,21,existence,191.5
81,61,20,debt,267.94
53,48,5,payment,150.26
35,19,16,existence,98.71
98,66,32,payment,302.72
110,9,101,existence,145.62
90,43,47,payment,219.08
105,10,95,debt,148.26
90,48,42,payment,206.17
106,9,97,payment,183.77
82,26,56,existence,167.9
15,2,13,existence,27.88
39,26,13,existence,118.05
137,13,124,payment,275.17
37,1,36,payment,83.21
154,55,99,payment,362.74
83,80,3,payment,206.22
101,75,26,payment,225.83
114,3,111,payment,162.55
115,85,30,existence,210.53
45,43,2,payment,142.41
145,141,4,debt,410.34
156,48,108,existence,256.11
125,29,96,debt,301.83
89,55,34,existence,237.66
38,8,30,payment,89.27
80,49,31,existence,243.04
78,58,20,debt,239.96
130,64,66,debt,295.32
13,8,5,existence,38.83
20,11,9,existence,44.86
153,133,20,payment,525.02
77,11,66,payment,160.74
96,21,75,payment,257.47
5,1,4,debt,25.38
6,2,4,debt,21.35
117,64,53,debt,374.94
69,46,23,debt,218.76
151,84,67,payment,345.17
157,153,4,debt,439.77
6,3,3,debt,35.95
6,2,4,existence,11.11
26,15,11,payment,63.09
124,43,81,debt,193.62
133,88,45,existence,250.24
32,30,2,debt,97.25
24,23,1,debt,84.67
17,14,3,debt,49.28
66,9,57,debt,119.29
96,27,69,existence,225.23
92,23,69,payment,261.34
111,24,87,payment,201.37
134,115,19,existence,442.49
143,134,9,debt,389.53
79,28,51,existence,218.51
88,5,83,existence,209.88
133,52,81,debt,259.86
14,9,5,payment,40.4
7,4,3,debt,27.34
50,23,27,payment,157.16
87,17,70,payment,168.69
144,49,95,payment,277.33
20,12,8,payment,61.46
122,100,22,payment,380.74
145,71,74,debt,424.28
149,122,27,existence,499.01
98,83,15,payment,358.1
76,55,21,existence,240.2
70,24,46,debt,162.85
155,2,153,debt,262.44
156,153,3,existence,489.84
66,62,4,existence,222.08
115,47,68,existence,272.99
97,50,47,existence,244.02
128,69,59,payment,344.42
104,19,85,debt,225.28
92,44,48,payment,220.48
61,45,16,debt,192.15
6,3,3,payment,23.77
36,26,10,debt,83.17
57,5,52,payment,100.09
144,15,129,existence,358.8
108,87,21,existence,380.17
51,43,8,payment,159.29
157,93,64,debt,470.85
30,3,27,existence,46.12
135,57,78,existence,279.58
113,43,70,existence,295.25
57,3,54,debt,134.75
1,1,0,payment,21.2
89,21,68,existence,249.71
136,34,102,debt,278.7
21,13,8,debt,65.76
136,38,98,existence,234.3
117,114,3,existence,313.71
150,24,126,debt,316.02
64,39,25,debt,238.86
68,11,57,debt,108.92
95,44,51,payment,305.41
137,106,31,debt,309.83
50,2,48,existence,91.04
32,3,29,existence,67.97
55,24,31,payment,94.14
150,33,117,debt,264.1
106,19,87,existence,167.76
18,12,6,payment,61.26
157,30,127,debt,293.52
15,1,14,payment,48.88
67,63,4,existence,163.3
53,31,22,existence,122.73
23,9,14,debt,48.16
107,82,25,payment,389.11
155,107,48,debt,384.31
113,109,4,payment,332.06
136,134,2,payment,473.92
127,39,88,debt,377.74
142,32,110,payment,366.75
43,32,11,existence,140.61
30,9,21,payment,75.1
93,91,2,existence,282.03
29,25,4,payment,75.09
70,34,36,payment,169.5
143,26,117,debt,358.78
36,11,25,payment,67.5
13,12,1,existence,36.09
91,86,5,existence,313.56
114,103,11,payment,243.44
146,2,144,existence,293.41
12,11,1,payment,49.39
95,30,65,payment,230.6
148,25,123,payment,375.1
13,8,5,payment,40.36
87,74,13,payment,210.3
92,39,53,existence,177.11
76,47,29,payment,244.35
88,58,30,debt,157.33
108,56,52,payment,280.56
54,4,50,payment,118.78
143,43,100,payment,377.71
68,24,44,payment,134.08
128,59,69,debt,357.04
17,11,6,existence,40.11
99,99,0,payment,294.88
50,28,22,existence,89.78
49,43,6,existence,144.39
118,108,10,payment,350.66
141,31,110,debt,357.4
24,5,19,existence,42.89
29,4,25,debt,61.01
94,35,59,payment,236.67
20,6,14,payment,60.73
82,20,62,debt,159.36
152,81,71,debt,333.39
140,47,93,existence,285.01
39,26,13,payment,107.06
1,1,0,payment,16.38
108,33,75,debt,301.72
137,129,8,payment,460.5
107,61,46,payment,194.96
123,84,39,payment,343.09
137,64,73,payment,261.37
156,126,30,payment,414.46
40,16,24,debt,135.71
95,69,26,existence,246.23
14,4,10,debt,35.28
88,10,78,debt,223.3
90,74,16,debt,289.46
49,24,25,payment,102.93
40,11,29,existence,99.98
101,37,64,payment,188.31
43,34,9,debt,107.12
92,22,70,debt,238.4
118,10,108,existence,272.66
113,78,35,existence,284.15
30,17,13,debt,92.99
6,2,4,existence,12.93
152,64,88,payment,246.45
146,99,47,debt,473.2
5,2,3,debt,23.65
93,79,14,existence,238.7
83,43,40,existence,184.62
155,68,87,existence,444.43
26,20,6,existence,63.75
96,29,67,payment,224.18
138,60,78,payment,414.03
84,30,54,existence,212.9
154,66,88,payment,272.43
37,22,15,payment,123.66
17,13,4,payment,50.76
73,16,57,payment,178.37
141,87,54,debt,402.92
109,24,85,debt,161.07
66,1,65,payment,159.68
38,38,0,existence,99.61
102,24,78,payment,199.82
7,3,4,debt,44.15
139,102,37,debt,443.08
156,15,141,debt,293.1
7,6,1,payment,35.91
83,36,47,payment,216.99
119,46,73,existence,329.29
104,26,78,payment,244.92
42,21,21,payment,136.05
151,73,78,payment,299.22
13,9,4,existence,29.72
157,105,52,payment,455.61
73,52,21,existence,231.71
87,17,70,payment,133.34
45,2,43,payment,102.94
12,10,2,existence,24.78
101,36,65,debt,302.92
66,36,30,debt,186.38
15,11,4,existence,30.35
119,35,84,existence,320.96
44,7,37,debt,97.55
24,16,8,debt,91.58
65,37,28,debt,151.73
153,110,43,existence,449.92
70,57,13,debt,222.49
106,92,14,debt,254.01
85,79,6,debt,289.35
12,3,9,payment,30.8
143,9,134,payment,334.02
80,65,15,existence,215.37
77,52,25,payment,226.26
43,17,26,existence,124.66
70,24,46,debt,219.16
117,100,17,existence,300.85
103,22,81,debt,273.88
144,31,113,payment,291.15
121,66,55,existence,296.25
101,4,97,payment,147.91
110,61,49,existence,205.81
14,6,8,existence,29.33
73,2,71,debt,143.09
48,44,4,payment,172.78
111,79,32,debt,312.82
139,31,108,debt,386.77
45,43,2,debt,139.16
104,38,66,existence,172.04
86,57,29,existence,173.07
102,32,70,payment,288.02
32,22,10,existence,85.27
37,33,4,debt,90.04
87,40,47,payment,263.69
20,9,11,payment,66.53
87,1,86,debt,220.72
91,91,0,debt,297.38
91,46,45,payment,236.49
81,48,33,payment,239.51
32,13,19,existence,73.27
25,3,22,existence,51.89
134,37,97,existence,305.32
112,59,53,payment,282.73
131,17,114,payment,280.52
157,105,52,debt,532.01
108,107,1,existence,340.09
156,29,127,existence,372.94
120,10,110,payment,192.76
33,16,17,existence,77.18
95,12,83,payment,239.59
97,80,17,debt,337.62
35,22,13,debt,132.48
93,63,30,existence,233.93
125,15,110,debt,203.29
157,78,79,existence,339.57
67,18,49,debt,174.14
155,83,72,payment,345.27
28,14,14,debt,96.88
45,2,43,existence,62.98
27,20,7,existence,75.41
1,1,0,debt,20.78
105,80,25,payment,271.24
133,14,119,payment,311.9
67,43,24,existence,171.84
102,97,5,payment,278.31
3,1,2,payment,20.91
37,2,35,existence,81.87
154,119,35,payment,510.17
140,72,68,payment,425.9
58,4,54,debt,127.72
9,3,6,existence,23.76
37,21,16,debt,111.72
56,13,43,existence,80.17
28,19,9,existence,45.98
55,53,2,existence,175.44
15,7,8,debt,48.92
54,43,11,payment,178.43
87,28,59,payment,204.41
71,53,18,existence,228.15
7,3,4,payment,33.18
147,36,111,debt,339.01
33,28,5,debt,117.81
142,21,121,payment,275.41
11,9,2,debt,54.03
63,18,45,payment,162.58
45,43,2,debt,132.99
48,40,8,existence,99.14
106,92,14,existence,314.64
13,9,4,debt,50.43
144,124,20,payment,420.03
48,43,5,debt,179.72
67,10,57,payment,130.81
121,19,102,debt,292.77
70,35,35,debt,224.83
140,66,74,payment,270.83
41,37,4,existence,112.9
29,1,28,existence,63.64
130,36,94,existence,247.72
88,7,81,debt,178.71
59,9,50,existence,120.71
125,20,105,existence,316.76
89,56,33,existence,210.63
124,115,9,existence,390.13
58,58,0,debt,168.85
52,46,6,payment,130.4
104,9,95,payment,150.71
105,46,59,payment,285.4
105,31,74,existence,243.7
122,49,73,existence,314.44
16,7,9,existence,43.14
75,44,31,existence,207.98
73,37,36,existence,156.75
143,97,46,payment,302.21
50,49,1,existence,139.95
79,21,58,payment,179.42
117,17,100,debt,209.61
36,32,4,debt,136.52
97,46,51,existence,265.76
113,24,89,debt,270.51
135,80,55,debt,359.53
75,30,45,debt,137.62
9,2,7,payment,26.42
139,62,77,existence,417.56
137,87,50,existence,299.29
123,88,35,payment,385.75
35,5,30,debt,82.06
88,51,37,payment,211.95
36,19,17,debt,131.5
144,71,73,payment,281.87
86,45,41,existence,212.97
144,102,42,debt,487.5
15,13,2,payment,39.01
24,3,21,existence,34.47
43,31,12,existence,110.05
54,48,6,debt,150.39
85,19,66,debt,244.94
77,1,76,existence,162.07
46,4,42,existence,98.71
77,8,69,existence,141.62
32,1,31,existence,49.89
45,13,32,existence,104.81
75,70,5,debt,270.97
113,97,16,debt,338.41
135,48,87,existence,386.2
114,57,57,existence,274.96
94,3,91,debt,237.53
68,4,64,existence,97.19
31,6,25,debt,89.82
55,47,8,existence,156.16
130,22,108,payment,300.83
109,65,44,payment,226.05
112,76,36,payment,275.08
69,34,35,debt,217.13
49,8,41,existence,105.81
136,104,32,payment,318.42
152,107,45,existence,384.21
126,34,92,existence,319.41
59,57,2,existence,186.78
62,42,20,payment,118.95
24,5,19,existence,34.21
138,44,94,existence,307.8
36,22,14,payment,88.18
87,21,66,existence,196.79
129,27,102,debt,226.64
88,47,41,existence,251.6
28,16,12,debt,64.02
131,90,41,debt,392.36
133,2,131,payment,223.88
104,78,26,existence,292.69
7,6,1,existence,16.42
27,18,9,existence,82.15
49,39,10,debt,141.65
25,23,2,existence,87.86
52,43,9,payment,133.84
80,22,58,payment,219.79
63,40,23,existence,175.05
30,23,7,debt,105.47
44,23,21,debt,100.94
139,106,33,debt,374.9
90,16,74,debt,204.18
43,4,39,existence,69.31
154,94,60,payment,361.72
145,108,37,payment,389.39
59,18,41,existence,99.94
40,35,5,existence,132.71
133,98,35,payment,367.47
8,7,1,debt,48.35
74,55,19,payment,153.27
151,95,56,payment,385.49
54,34,20,existence,126.6
68,46,22,existence,209.68
18,5,13,debt,64.42
153,87,66,debt,398.42
89,83,6,debt,276.08
107,1,106,payment,194.82
150,56,94,debt,449.49
3,1,2,debt,23.74
11,5,6,existence,26.1
26,9,17,existence,45.5
116,14,102,payment,232.81
106,27,79,debt,194.5
146,18,128,debt,308.67
138,47,91,payment,405.01
33,27,6,existence,95.09
98,22,76,payment,218.19
84,45,39,debt,169.62
30,21,9,existence,71.25
27,8,19,payment,84.61
10,6,4,debt,36.71
37,15,22,existence,91.93
86,32,54,payment,196.7
148,88,60,debt,443.5
36,4,32,payment,53.56
67,4,63,debt,174.37
80,12,68,existence,123.88
74,73,1,existence,180.37
64,34,30,existence,131.84
31,18,13,payment,105.87
128,50,78,existence,280.44
50,14,36,payment,109.35
57,25,32,payment,128.99
125,59,66,debt,246.48
4,2,2,debt,18.72
78,24,54,debt,206.59
125,40,85,payment,272.86
86,44,42,payment,249.57
118,118,0,debt,395.9
78,7,71,payment,205.56
110,75,35,debt,265.85
90,89,1,payment,281
92,43,49,payment,235.49
24,24,0,payment,82.46
139,44,95,payment,357.8
10,9,1,payment,31.48
12,1,11,existence,26.56
118,13,105,debt,326.36
49,24,25,existence,127.89
88,34,54,debt,258.42
37,18,19,payment,117.58
27,1,26,debt,69.62
40,12,28,existence,101.3
138,10,128,debt,348.87
83,9,74,payment,220.77
119,6,113,payment,265.53
151,4,147,existence,355.22
123,21,102,debt,314.65
7,1,6,debt,28.11
86,78,8,debt,260.93
94,72,22,existence,200.75
120,120,0,payment,345.47
149,56,93,existence,278.7
149,142,7,existence,386.32
145,140,5,existence,351.27
52,45,7,existence,146.54
35,12,23,existence,89.5
27,26,1,debt,96.32
44,1,43,payment,123.35
120,12,108,payment,270.72
88,11,77,payment,132.26
157,150,7,debt,618.87
42,17,25,payment,89.03
42,9,33,existence,69.39
91,29,62,existence,251.2
54,5,49,debt,148.58
96,16,80,existence,142.59
141,6,135,debt,208.88
22,1,21,debt,50.89
136,25,111,payment,373.95
142,4,138,debt,181.47
24,3,21,payment,63.45
102,25,77,existence,162.6
12,9,3,debt,32.52
141,40,101,payment,404.31
121,52,69,debt,342.87
122,49,73,existence,372.02
119,70,49,payment,299.46
20,6,14,debt,66.35
128,117,11,debt,405.09
13,4,9,payment,42.33
112,68,44,existence,317.66
149,60,89,payment,404.57
143,25,118,existence,381.6
136,29,107,existence,312.56
47,8,39,debt,128.38
157,42,115,debt,443.1
94,9,85,payment,210.87
76,28,48,debt,209.86
145,60,85,existence,350.33
89,72,17,debt,211.47
12,1,11,existence,23.04
84,22,62,existence,137.98
1,1,0,existence,3.78
107,73,34,payment,219.45
138,39,99,debt,369.32
120,112,8,existence,331.17
60,13,47,debt,166.89
138,51,87,payment,296.27
118,57,61,existence,290.7
27,17,10,payment,84.62
12,8,4,payment,37.1
157,22,135,payment,339.87
49,11,38,debt,124.04
13,9,4,debt,44.11
79,43,36,payment,184.51
2,1,1,payment,20.67
73,58,15,existence,236.88
104,20,84,payment,188.83
107,3,104,existence,211.01
78,30,48,existence,188.58
82,27,55,existence,239.64
10,4,6,payment,36.13
31,27,4,debt,126.66
95,59,36,payment,295.8
60,36,24,existence,187.01
50,36,14,debt,127.9
147,80,67,existence,271.14
125,90,35,debt,424.93
109,76,33,debt,282.19
91,74,17,existence,213.46
87,21,66,existence,238.37
132,82,50,existence,413.98
51,31,20,payment,153.06
109,23,86,payment,235.61
133,128,5,debt,391.59
65,43,22,existence,220.33
117,19,98,existence,251.15
25,16,9,payment,68.34
128,45,83,debt,388.52
135,68,67,existence,286.35
1,1,0,existence,2.18
154,53,101,debt,306.6
103,87,16,debt,283.94
104,36,68,existence,204.5
13,5,8,payment,36.87
66,34,32,debt,197.22
78,56,22,existence,222.93
35,7,28,debt,106.41
53,5,48,debt,102.6
147,117,30,payment,452.58
42,42,0,debt,163.17
87,36,51,debt,180.59
152,138,14,payment,568.29
8,8,0,debt,41.47
118,30,88,payment,209.64
140,12,128,debt,237.6
100,90,10,existence,369.37
129,57,72,debt,236.05
147,97,50,debt,486.91
71,15,56,existence,158.1
89,37,52,payment,220.19
97,87,10,payment,308.75
85,61,24,debt,235.53
71,51,20,existence,140.04
16,2,14,debt,51.63
105,18,87,existence,203.55
123,27,96,payment,233.37
88,64,24,payment,295.99
156,105,51,debt,352.54
130,52,78,payment,246.51
84,61,23,debt,185.57
79,38,41,debt,188.72
38,15,23,payment,112.66
93,18,75,debt,227.1
134,63,71,existence,243.94
71,43,28,payment,192.56
112,95,17,payment,355.02
57,56,1,debt,162.53
76,49,27,debt,200.14
110,47,63,existence,238.54
148,122,26,existence,426.25
48,9,39,existence,71.88
96,75,21,existence,276.62
143,63,80,debt,297.37
157,12,145,existence,213.39
125,97,28,debt,287.65
9,1,8,debt,25.32
93,41,52,existence,236.67
141,32,109,payment,220.14
19,10,9,payment,73.55
26,13,13,existence,46.25
144,31,113,debt,348.71
154,100,54,payment,511.53
73,63,10,debt,233.9
4,4,0,payment,26.75
32,10,22,existence,66.98
77,62,15,payment,276.48
10,3,7,payment,31.37
97,18,79,existence,183.58
152,142,10,existence,385.25
129,33,96,payment,273.64
150,44,106,existence,258.47
86,22,64,debt,211.63
22,1,21,debt,55.2
78,48,30,payment,166.89
37,17,20,payment,129.78
113,84,29,debt,304.64
128,3,125,debt,335.91
18,17,1,debt,69.2
80,30,50,debt,162.5
133,109,24,existence,422.05
151,147,4,debt,417.67
83,34,49,payment,144.22
116,18,98,debt,227.53
89,74,15,payment,237.86
117,94,23,existence,259.46
19,14,5,debt,68.84
126,78,48,payment,320.7
147,32,115,debt,332.45
151,35,116,debt,243.55
109,79,30,payment,336.3
145,131,14,existence,295.13
58,40,18,existence,164.66
78,52,26,existence,174.77
62,62,0,payment,148.91
75,62,13,debt,241.21
21,5,16,debt,57.17
7,4,3,payment,28.22
90,63,27,debt,244.84
134,45,89,payment,285.32
150,43,107,debt,440.21
58,46,12,existence,171.57
143,104,39,payment,441.76
148,63,85,existence,412.13
61,10,51,payment,106.18
57,54,3,debt,222.07
90,75,15,payment,208.69
117,11,106,existence,266.45
131,107,24,payment,274.4
77,37,40,existence,173.85
23,5,18,payment,57.29
87,37,50,existence,220.93
122,86,36,payment,286.44
154,86,68,existence,388.56
139,114,25,payment,379.56
36,23,13,existence,94.72
75,35,40,debt,160.09
6,2,4,payment,26.92
56,18,38,payment,132.37
20,6,14,payment,52.13
143,16,127,debt,344.72
120,58,62,payment,252.21
24,9,15,existence,70.1
108,51,57,debt,316.83
121,24,97,debt,303.78
116,6,110,debt,190.31
31,5,26,existence,72.1
68,48,20,debt,228.6
115,103,12,payment,289.15
13,10,3,existence,40.59
48,7,41,debt,128.28
82,60,22,existence,217.19
154,118,36,debt,448.19
83,27,56,payment,184.86
117,63,54,debt,298.44
126,72,54,payment,406.54
8,8,0,payment,44.97
56,30,26,payment,150.06
135,4,131,payment,208.21
77,66,11,debt,297
118,75,43,debt,324.4
14,7,7,existence,31.76
83,27,56,payment,205.28
152,26,126,payment,225.18
11,4,7,payment,34.73
123,85,38,debt,375.85
141,15,126,existence,230.54
55,16,39,debt,120.84
87,29,58,payment,180.57
73,45,28,existence,222.33
135,15,120,existence,207.99
12,11,1,payment,46.1
83,74,9,payment,200.96
118,64,54,existence,296.8
55,37,18,debt,186.11
26,7,19,existence,58.27
7,1,6,payment,19.96
36,24,12,existence,73.11
12,3,9,debt,44.8
115,5,110,existence,136.24
84,23,61,existence,196.97
157,125,32,payment,520.91
87,56,31,payment,187.61
78,42,36,debt,173.62
39,31,8,debt,90.98
109,104,5,existence,358.68
11,1,10,existence,20.11
18,13,5,payment,52.31
32,29,3,existence,109.14
156,83,73,payment,324.04
77,45,32,existence,181.76
84,1,83,debt,198.44
128,83,45,payment,387.26
47,43,4,payment,120.21
16,11,5,existence,45.25
66,65,1,debt,212.17
62,42,20,existence,138.05
145,127,18,debt,335.85
4,3,1,existence,9.48
124,75,49,payment,360.57
138,102,36,payment,416.04
2,1,1,existence,5.61
88,73,15,debt,231.04
108,40,68,payment,200.36
70,5,65,debt,161.47
79,12,67,debt,193.07
62,26,36,payment,181.73
106,30,76,existence,173.97
89,11,78,existence,214.84
20,14,6,existence,38.65
144,45,99,payment,392.36
134,123,11,debt,294.55
19,18,1,existence,68.56
83,51,32,debt,223.12
64,45,19,existence,172.04
146,51,95,payment,375.97
66,60,6,debt,208.09
139,79,60,payment,281.93
20,20,0,existence,50.55
82,77,5,existence,263.16
152,137,15,existence,339.56
53,41,12,debt,128.23
100,14,86,payment,194.72
8,5,3,payment,25.74
92,55,37,existence,282.97
12,2,10,debt,49.06
44,36,8,payment,154.47
26,22,4,payment,77.27
57,45,12,existence,180.27
79,76,3,existence,256.08
73,14,59,debt,118.43
30,2,28,payment,78.24
141,89,52,payment,410.12
121,110,11,payment,388.17
127,123,4,debt,360.2
39,22,17,debt,82.32
73,58,15,existence,215.32
130,104,26,payment,362.41
105,60,45,payment,215.81
71,50,21,existence,185.77
72,50,22,debt,205.68
52,35,17,payment,137.26
13,13,0,payment,47.1
36,25,11,payment,109.77
33,29,4,payment,134.47
29,9,20,existence,48.91
129,22,107,existence,284.02
1,1,0,payment,9.71
4,1,3,payment,24.84
5,5,0,debt,30.59
55,54,1,existence,153.57
70,10,60,existence,183.58
50,3,47,debt,102.22
103,94,9,existence,370.08
9,4,5,payment,34.96
41,7,34,existence,101.81
151,63,88,payment,339.72
113,29,84,debt,308.83
15,9,6,debt,44.16
42,7,35,payment,79.27
37,3,34,payment,64.64
15,14,1,debt,63.88
71,34,37,debt,158.62
37,24,13,payment,98.95
82,2,80,existence,176.19
7,7,0,payment,32.51
27,13,14,payment,80.14
116,37,79,existence,237.25
141,80,61,existence,418.14
128,29,99,debt,208.05
55,30,25,existence,99.19
17,11,6,existence,43.36
131,101,30,existence,378.4
19,5,14,existence,51.27
3,3,0,existence,7.33
32,26,6,existence,85.37
119,40,79,payment,235.59
49,35,14,existence,128.55
124,64,60,payment,333.52
127,62,65,existence,347.73
68,4,64,existence,117.82
154,55,99,existence,275.44
76,64,12,debt,224.68
87,84,3,existence,291.7
93,75,18,payment,234.08
34,15,19,debt,69.52
74,73,1,existence,241.39
129,103,26,payment,364.22
139,8,131,existence,292.11
27,1,26,payment,56.69
147,39,108,debt,299.88
132,57,75,existence,298.86
44,9,35,existence,105.55
136,106,30,payment,341.36
72,67,5,payment,194.78
61,34,27,payment,167.19
82,10,72,existence,173.39
119,33,86,existence,320.84
105,43,62,debt,279.45
119,95,24,payment,360.66
39,31,8,debt,141.09
6,4,2,existence,19.45
11,1,10,debt,44.36
122,81,41,payment,350.68
19,12,7,payment,53.8
10,9,1,existence,26.18
72,57,15,existence,179.71
32,24,8,debt,114.54
65,62,3,payment,227.72
71,13,58,payment,141.79
32,17,15,debt,74.24
61,34,27,debt,155.28
99,19,80,existence,222.2
155,6,149,existence,322.1
105,24,81,debt,313.31
133,23,110,debt,275.98
56,33,23,debt,181.59
38,8,30,payment,86.8
137,98,39,existence,340.61
122,37,85,existence,223.14
33,20,13,existence,67
150,42,108,debt,311.95
62,31,31,debt,214.5
149,5,144,payment,214.74
138,101,37,payment,342.54
135,20,115,existence,308.24
101,1,100,payment,125.85
112,106,6,payment,293.74
115,82,33,payment,370.04
118,72,46,payment,315.86
127,34,93,existence,336.32
144,81,63,debt,279.49
3,1,2,existence,6.5
76,55,21,debt,253.09
35,16,19,existence,74.76
6,2,4,debt,40.55
151,96,55,existence,305.12
85,82,3,debt,241.33
25,15,10,existence,73.34
82,66,16,payment,188.87
132,66,66,existence,307.46
153,125,28,debt,428.55
28,13,15,payment,57.49
22,8,14,payment,69.62
27,23,4,debt,91.24
156,81,75,payment,411.82
19,2,17,debt,59.99
129,31,98,existence,298.09
4,4,0,existence,9
33,2,31,existence,41.94
8,8,0,payment,39.31
92,66,26,payment,270.98
74,41,33,existence,192.94
73,4,69,debt,123.71
83,2,81,payment,212.23
62,18,44,existence,134.49
116,15,101,existence,298.12
117,93,24,existence,255.01
110,64,46,payment,239.99
40,7,33,existence,92.55
44,29,15,payment,149.22
70,39,31,existence,169.47
18,5,13,payment,45.58
42,39,3,payment,127.16
40,11,29,payment,96.15
71,45,26,payment,187.58
22,19,3,debt,83.4
6,2,4,payment,22.13
53,20,33,existence,108.84
24,20,4,debt,97.71
86,2,84,debt,240.84
55,42,13,payment,126.96
67,7,60,debt,121.16
127,39,88,existence,310.22
60,48,12,debt,208.57
135,117,18,debt,419.31
148,137,11,debt,386.44
23,7,16,debt,77.64
118,50,68,debt,253.45
121,57,64,existence,231.95
157,138,19,existence,297.08
10,7,3,debt,38.89
84,81,3,payment,260.35
60,45,15,debt,144.48
101,2,99,debt,274.52
83,53,30,payment,202.25
150,93,57,payment,372.1
145,58,87,debt,340.37
50,10,40,debt,147.09
15,2,13,existence,23.54
93,69,24,debt,230.26
68,63,5,payment,154.33
34,19,15,debt,106.01
129,53,76,existence,221.25
36,8,28,debt,98.72
135,115,20,payment,314.65
100,35,65,existence,175.25
101,4,97,payment,157.79
55,47,8,existence,167.65
7,7,0,debt,37.33
11,5,6,debt,47.64
44,43,1,payment,138.06
54,13,41,payment,144.17
99,86,13,debt,343.64
137,72,65,existence,346.96
97,65,32,debt,205.24
42,13,29,existence,91.35
55,1,54,debt,108.93
138,135,3,payment,284.34
23,1,22,payment,70.58
20,11,9,payment,73.58
113,15,98,debt,281.73
74,43,31,existence,159.07
33,28,5,debt,117.78
112,56,56,existence,250.37
66,28,38,debt,207.53
23,11,12,existence,71.34
116,30,86,existence,262.02
142,19,123,existence,310.75
99,56,43,debt,205.57
34,31,3,payment,83.08
26,14,12,debt,105.28
133,35,98,payment,263.99
46,23,23,payment,99.28
149,26,123,debt,250.53
33,21,12,payment,99.66
47,2,45,existence,101.48
49,36,13,existence,140.43
86,48,38,payment,233.86
79,36,43,payment,201.1
38,6,32,payment,80.19
32,5,27,existence,83.35
10,4,6,debt,55.89
65,56,9,existence,181.91
127,57,70,debt,333.65
43,42,1,payment,119.79
113,41,72,payment,276.09
51,42,9,debt,166.38
84,21,63,payment,245.22
148,24,124,debt,245.42
32,21,11,payment,108.37
64,33,31,debt,181.51
21,6,15,debt,63.05
64,40,24,payment,170.6
36,34,2,existence,86.91
120,13,107,payment,309.6
35,35,0,payment,98.22
118,51,67,debt,224.54
124,117,7,payment,289.86
108,44,64,debt,288.41
148,121,27,debt,486.43
42,22,20,debt,109.19
129,119,10,payment,288.85
25,15,10,payment,64.1
31,31,0,existence,86.24
24,13,11,payment,77.3
80,33,47,debt,151.75
106,97,9,debt,326.13
36,20,16,payment,93
35,15,20,existence,84.29
31,5,26,existence,71.71
18,10,8,payment,63.08
9,2,7,payment,30.05
1,1,0,payment,14.52
40,33,7,debt,149.96
90,47,43,debt,273.61
33,7,26,existence,49.3
83,53,30,existence,181.83
53,34,19,debt,159.26
129,79,50,existence,305.02
115,69,46,debt,280.56
38,37,1,debt,148.65
41,35,6,existence,94.25
57,22,35,debt,132.33
58,49,9,existence,158.61
31,12,19,existence,56.59
140,58,82,payment,389.85
132,130,2,payment,377.06
29,15,14,payment,68.79
83,33,50,debt,194.88
35,25,10,existence,69.71
36,35,1,debt,109.87
62,37,25,payment,164.66
44,6,38,existence,110.35
145,113,32,payment,408.87
130,95,35,debt,376.13
59,3,56,existence,107.32
62,48,14,payment,183.09
89,67,22,debt,218.27
124,67,57,payment,352.33
51,48,3,existence,175.88
110,72,38,debt,266.02
75,1,74,existence,117.97
80,64,16,debt,194.46
9,7,2,debt,40.58
87,32,55,debt,220.97
46,9,37,existence,122.84
142,94,48,debt,515.9
39,1,38,debt,78.37
23,10,13,existence,55.43
87,43,44,debt,215.17
66,53,13,debt,182.71
68,22,46,debt,173.91
118,19,99,payment,316.66
130,55,75,payment,260.36
63,63,0,debt,218.63
16,3,13,payment,33.88
54,9,45,existence,121.02
137,59,78,existence,263.12
146,146,0,existence,359.21
83,15,68,existence,190.01
107,77,30,existence,256.9
23,17,6,existence,63.26
49,26,23,existence,118.11
45,37,8,debt,138.11
115,70,45,payment,325.57
122,89,33,existence,295.61
131,13,118,debt,250.08
41,29,12,existence,99.51
144,15,129,payment,214.72
23,17,6,payment,80.22
136,27,109,debt,338.63
36,10,26,debt,75.75
106,14,92,payment,242.48
53,19,34,existence,87.16
6,5,1,existence,13.17
35,8,27,debt,86.16
99,33,66,existence,200.27
39,15,24,debt,102.4
43,3,40,debt,80.78
131,19,112,debt,362.24
24,18,6,existence,72.64
37,31,6,payment,112.77
108,10,98,payment,245.23
150,112,38,existence,422.64
38,5,33,existence,50.35
115,90,25,existence,359.67
48,43,5,existence,157.19
121,51,70,existence,350.87
57,39,18,existence,134.09
78,66,12,debt,230.52
30,9,21,debt,85.24
50,16,34,payment,139.41
121,118,3,existence,384.37
140,78,62,payment,345.33
137,121,16,payment,457.32
25,5,20,payment,55.92
42,41,1,payment,113.66
143,88,55,payment,453.74
57,51,6,payment,149.53
105,80,25,existence,267.36
89,18,71,debt,221.32
123,76,47,existence,393.19
35,4,31,payment,62.8
33,27,6,debt,112.99
88,67,21,debt,177.75
44,39,5,debt,102.69
8,2,6,debt,31.81
144,121,23,debt,520.21
72,50,22,payment,217.2
144,125,19,debt,378.07
59,54,5,payment,147.72
116,19,97,payment,305.43
126,98,28,debt,377.94
96,5,91,debt,249.89
150,23,127,payment,291.99
96,84,12,payment,314.43
52,33,19,payment,110.71
100,62,38,debt,331.19
1,1,0,existence,2.66
134,89,45,debt,320.98
87,34,53,payment,146.57
88,30,58,payment,180.13
114,21,93,payment,198.6
129,49,80,existence,217.81
38,16,22,debt,131.47
129,33,96,debt,282.08
54,36,18,existence,171.87
80,12,68,existence,170.47
144,57,87,payment,357.09
118,64,54,payment,343.89
71,18,53,existence,131.8
147,27,120,debt,274.58
94,67,27,existence,237.74
150,62,88,debt,381.57
19,9,10,debt,78.97
44,25,19,existence,88.38
157,151,6,payment,430.15
94,16,78,payment,185.44
78,61,17,payment,187.43
153,6,147,existence,284.25
104,40,64,payment,237.38
69,68,1,payment,208.78
31,9,22,existence,53.36
13,2,11,debt,47.42
94,76,18,debt,248.11
86,47,39,debt,260.06
48,7,41,existence,75.97
115,17,98,existence,163.13
46,16,30,payment,82.28
41,38,3,payment,133.32
117,40,77,payment,181.73
34,21,13,existence,74.51
42,23,19,existence,80.7
16,5,11,debt,44.83
39,30,9,payment,124.47
21,3,18,existence,33.14
108,44,64,debt,291.07
135,44,91,debt,300.01
60,11,49,debt,110
118,13,105,debt,320.03
16,11,5,payment,37.33
17,3,14,debt,67.26
43,12,31,existence,100.39
58,2,56,existence,120.78
148,43,105,debt,221.92
81,19,62,existence,115.12
112,68,44,payment,312.42
41,38,3,payment,121.88
144,137,7,debt,469.65
96,74,22,existence,339.07
1,1,0,existence,2.38
4,4,0,debt,38.97
3,1,2,existence,5.16
96,1,95,payment,228.39
69,69,0,debt,169.16
21,16,5,payment,61.8
67,35,32,existence,182.42
88,25,63,existence,189.46
144,98,46,debt,376.7
85,19,66,debt,171.9
97,43,54,debt,283.02
20,14,6,debt,68.73
78,8,70,debt,204.42
108,104,4,debt,418.36
153,98,55,existence,282.26
15,2,13,existence,25.25
121,61,60,payment,370.68
59,22,37,existence,105.86
33,11,22,payment,90.19
29,22,7,payment,95.16
155,16,139,existence,376.61
129,106,23,existence,404.72
79,19,60,debt,178.03
109,81,28,payment,379.72
38,27,11,existence,77.61
150,93,57,debt,356.03
80,33,47,debt,194.69
145,1,144,payment,240.2
107,94,13,payment,359.63
43,7,36,payment,70.41
131,111,20,debt,335.55
24,10,14,existence,66.59
87,85,2,payment,348.5
74,61,13,payment,271.15
97,38,59,existence,256.98
40,16,24,payment,70.21
148,66,82,payment,391.16
75,66,9,payment,222.94
101,40,61,debt,285.05
71,42,29,payment,176.49
70,11,59,debt,177.43
120,91,29,payment,324.42
67,31,36,payment,127.21
67,17,50,existence,128.38
121,66,55,debt,288.24
96,48,48,existence,245.34
28,27,1,payment,97.74
154,70,84,payment,365.73
142,137,5,payment,542.52
5,2,3,existence,14.5
154,152,2,debt,493.95
137,116,21,debt,364.94
117,55,62,existence,204.87
23,18,5,existence,52.9
145,65,80,payment,394.06
101,26,75,payment,232.47
59,23,36,existence,141.98
50,37,13,existence,114.27
20,10,10,debt,58.99
64,8,56,debt,142.96
8,6,2,existence,18.82
98,71,27,debt,232.54
82,69,13,debt,270.31
82,26,56,payment,152.48
74,40,34,payment,238.09
23,17,6,payment,70.21
36,35,1,debt,137.93
80,9,71,existence,148.88
106,57,49,existence,253.88
79,59,20,debt,164.37
126,107,19,debt,307.69
128,115,13,existence,389.25
89,72,17,payment,298.91
90,72,18,debt,219.27
69,12,57,debt,129.8
124,55,69,existence,255.57
79,47,32,payment,236.44
64,14,50,payment,156.29
11,8,3,debt,53.23
22,15,7,debt,85.81
120,48,72,existence,266.06
154,118,36,existence,465.47
94,72,22,payment,231.64
142,73,69,existence,246.46
143,135,8,debt,500.82
136,84,52,debt,357.31
6,1,5,payment,23.77
29,12,17,debt,87.07
76,66,10,payment,198.47
75,59,16,payment,266.93
84,11,73,existence,146.03
73,29,44,existence,135.78
111,62,49,payment,331.37
59,50,9,payment,133.74
29,25,4,debt,115.51
22,10,12,existence,38.61
85,36,49,payment,236.47
99,16,83,debt,222.14
146,22,124,payment,347.57
32,14,18,existence,64.02
66,24,42,debt,188.88
77,72,5,payment,269
74,39,35,existence,133.19
17,17,0,payment,73.5
2,2,0,payment,21.9
59,19,40,debt,183.4
64,23,41,payment,153.57
80,7,73,existence,172.4
95,81,14,existence,296.42
127,55,72,debt,312.03
26,21,5,existence,55.59
101,22,79,payment,269.69
23,13,10,payment,65.95
110,81,29,debt,293.62
2,1,1,payment,20.4
113,66,47,payment,245.14
16,12,4,payment,58.59
151,86,65,debt,421.07
56,35,21,payment,186.72
53,23,30,debt,140.37
90,64,26,payment,253.19
119,91,28,payment,297.74
51,32,19,payment,136.52
143,40,103,existence,311.23
113,32,81,debt,196.34
19,18,1,debt,73.58
30,28,2,payment,120.76
47,7,40,existence,105.3
29,22,7,debt,76.87
77,57,20,payment,262.31
37,21,16,debt,95.88
140,2,138,existence,275.4
7,4,3,payment,29.08
63,21,42,payment,127.7
93,45,48,debt,270.62
76,4,72,existence,190.45
75,71,4,existence,251.42
148,136,12,debt,472.07
20,7,13,payment,68.68
140,118,22,debt,384.2
19,2,17,payment,44.72
13,5,8,existence,24.69
65,34,31,existence,182.32
70,50,20,existence,227.88
47,43,4,existence,118.18
75,35,40,payment,154.42
32,4,28,debt,71.78
125,66,59,debt,346.03
90,62,28,debt,266.79
49,24,25,payment,152.27
42,42,0,debt,126.42
29,13,16,payment,91.31
47,22,25,payment,155.07
104,37,67,payment,285
113,49,64,existence,317.6
4,2,2,payment,25.8
48,12,36,debt,156.89
80,69,11,debt,204.22
83,50,33,debt,242.43
107,17,90,debt,256.35
70,30,40,debt,165.56
50,3,47,debt,119.03
76,62,14,existence,226.94
101,47,54,payment,266.75
49,23,26,debt,126.68
90,37,53,debt,232.99
89,87,2,existence,336.88
26,22,4,debt,86.91
116,34,82,debt,270.89
147,69,78,payment,377.06
93,73,20,payment,208.28
116,19,97,debt,279.95
151,58,93,existence,391.98
120,9,111,payment,281.01
65,10,55,debt,129.23
95,95,0,debt,296.46
45,9,36,debt,97.73
57,2,55,existence,122.69
157,115,42,existence,429.28
126,33,93,debt,215.01
37,25,12,payment,112.19
106,71,35,debt,245.23
25,7,18,payment,78.94
58,49,9,existence,165.22
109,53,56,payment,208.65
93,83,10,payment,344.06
36,26,10,payment,95.89
76,15,61,existence,176.6
62,4,58,existence,100.51
77,10,67,payment,125.55
124,9,115,existence,179.69
13,5,8,debt,40.95
105,88,17,existence,286.97
22,3,19,payment,52.27
109,3,106,payment,271.3
13,5,8,existence,27.29
84,61,23,debt,229.86
156,48,108,existence,453.46
35,23,12,debt,115.14
94,15,79,existence,228
122,16,106,existence,256.04
48,29,19,debt,131.32
75,14,61,existence,204.08
13,8,5,debt,59.82
28,13,15,debt,82.78
127,69,58,payment,317.72
23,16,7,debt,90.9
133,63,70,payment,398.67
45,38,7,payment,139.6
67,8,59,debt,156.66
70,65,5,existence,157.08
42,38,4,debt,104.28
131,104,27,existence,365.85
36,28,8,payment,71.72
33,29,4,existence,68.18
113,102,11,payment,359.54
119,42,77,payment,335.33
142,125,17,existence,408.17
111,22,89,existence,207.03
133,22,111,debt,231.89
87,37,50,existence,237.89
27,9,18,existence,50.49
41,23,18,debt,134.36
155,151,4,existence,455.02
107,93,14,existence,340.73
65,60,5,existence,198.15
98,15,83,existence,145.72
133,30,103,debt,219.07
124,51,73,payment,369.84
36,13,23,payment,77.28
126,111,15,payment,402.01
49,39,10,payment,151.31
128,87,41,debt,355.74
93,69,24,debt,278.36
53,6,47,payment,147.16
83,64,19,existence,285.34
119,112,7,payment,386.51
36,3,33,payment,64.68
67,42,25,debt,190.49
35,21,14,debt,132.75
87,70,17,payment,300.8
2,1,1,debt,17.57
79,4,75,debt,188.85
91,17,74,debt,178.33
145,84,61,existence,334.71
113,50,63,payment,232.78
80,12,68,existence,179.18
44,6,38,debt,112.86
144,73,71,payment,358.59
109,104,5,existence,208.67
81,66,15,payment,221.3
82,70,12,payment,226.08
141,133,8,debt,382.91
138,9,129,payment,189.04
155,43,112,existence,411.9
136,25,111,existence,218.23
84,77,7,existence,216.13
94,94,0,payment,223.09
152,58,94,existence,324.83
32,6,26,payment,69.76
5,4,1,payment,20.76
39,22,17,debt,117.19
103,61,42,existence,267.87
97,97,0,payment,333.63
40,17,23,payment,103.81
98,48,50,payment,257.11
50,37,13,existence,129.14
66,50,16,existence,200.25
82,49,33,existence,175.04
39,29,10,payment,105.52
94,87,7,payment,244.94
102,91,11,payment,342.39
73,36,37,debt,229.92
56,31,25,debt,178.8
22,20,2,debt,53.71
4,2,2,payment,26.67
78,27,51,existence,216.09
19,6,13,debt,74.74
132,20,112,debt,341.01
69,36,33,debt,151.76
153,131,22,payment,480.04
56,53,3,payment,224.33
112,95,17,debt,262.89
60,50,10,payment,179.19
19,16,3,debt,55.02
101,47,54,payment,224.98
34,29,5,payment,133.48
6,2,4,existence,14.03
63,16,47,payment,179.34
83,38,45,debt,191.87
57,4,53,existence,69.79
99,5,94,existence,190
22,6,16,debt,67.12
3,1,2,payment,19.38
31,9,22,debt,89.23
22,7,15,debt,88.89
92,5,87,payment,179.03
96,78,18,debt,309.01
52,28,24,payment,142.59
117,1,116,debt,154.7
18,16,2,payment,68.6
110,19,91,existence,141.66
66,11,55,existence,124.08
73,58,15,payment,209.3
155,26,129,existence,254.42
96,38,58,debt,286.74
136,6,130,payment,330.1
68,27,41,payment,174.51
65,43,22,debt,125.47
87,62,25,existence,274.35
120,54,66,debt,351.41
55,42,13,payment,184.87
95,60,35,debt,221.07
24,8,16,payment,61.18
153,66,87,payment,362.28
131,43,88,debt,355.29
137,112,25,debt,347.07
80,23,57,payment,161.75
84,53,31,existence,269.09
105,56,49,debt,218.24
117,100,17,debt,373.57
5,4,1,debt,29.64
53,19,34,debt,165.51
36,23,13,payment,109.91
145,72,73,payment,246.2
76,39,37,debt,215.52
68,50,18,payment,150.32
25,19,6,debt,59.06
36,6,30,payment,96.96
114,87,27,debt,305.55
23,15,8,debt,62.39
64,53,11,payment,208.74
36,10,26,debt,114.25
67,41,26,existence,164.83
88,30,58,debt,239.92
103,32,71,debt,234.33
5,3,2,debt,36.12
108,61,47,existence,250.38
77,74,3,existence,272.75
88,17,71,existence,215.89
114,83,31,payment,278.45
128,10,118,debt,307.1
72,13,59,existence,179.5
60,46,14,payment,161.39
151,91,60,existence,280.3
44,17,27,debt,113.09
147,147,0,existence,500.21
108,69,39,payment,336.47
33,5,28,existence,72.72
153,110,43,payment,425.17
100,14,86,debt,213.79
132,108,24,existence,432.26
41,15,26,debt,112.33
106,73,33,existence,280.79
147,124,23,existence,365.95
84,4,80,existence,145.15
125,68,57,payment,380.2
144,17,127,existence,207.92
138,75,63,existence,297
143,93,50,payment,275.55
90,20,70,existence,179.98
80,56,24,payment,286.39
157,71,86,existence,425.31
88,23,65,payment,215.55
124,15,109,existence,326.71
156,135,21,payment,457
41,30,11,payment,129.18
75,33,42,payment,181.82
31,15,16,debt,93.45
38,13,25,payment,111.61
36,7,29,payment,101.86
144,72,72,payment,375.32
89,66,23,existence,252.83
48,8,40,payment,123.4
96,68,28,existence,254.06
37,17,20,debt,124.36
99,45,54,debt,235.74
122,67,55,debt,299.37
11,7,4,payment,45.68
147,50,97,payment,331.76
31,29,2,debt,82.21
138,22,116,existence,351.84
109,5,104,payment,201.78
129,76,53,existence,328.81
154,85,69,payment,364.35
82,60,22,existence,235.9
25,3,22,debt,76.48
58,33,25,payment,172.94
53,25,28,payment,135.42
75,50,25,existence,173.14
92,89,3,payment,251.33
127,109,18,debt,373.32
105,4,101,payment,218.71
10,1,9,existence,19.98
11,5,6,existence,26.74
120,68,52,debt,324.93
96,11,85,payment,218.12
22,1,21,payment,40.84
116,31,85,debt,232.57
24,5,19,existence,41.8
124,88,36,existence,288.99
85,6,79,debt,174.93
126,86,40,debt,440.03
145,126,19,existence,411.37
126,91,35,payment,339.03
69,18,51,existence,114.44
73,39,34,debt,153.93
136,19,117,debt,210.21
1,1,0,debt,29.97
39,35,4,debt,111.76
3,3,0,payment,25.79
35,24,11,payment,80.73
156,85,71,debt,482.44
36,2,34,existence,64.41
69,6,63,payment,152.73
12,3,9,debt,52.32
114,71,43,existence,319.5
84,57,27,debt,183.51
52,2,50,payment,96.65
112,79,33,payment,201.2
137,112,25,existence,475.46
81,20,61,existence,154.08
147,64,83,existence,349.78
149,55,94,debt,368.84
18,3,15,existence,25.6
127,107,20,existence,416.37
116,108,8,payment,298.71
67,9,58,payment,104.65
73,6,67,payment,126.51
17,12,5,debt,58.9
13,12,1,payment,43.32
125,114,11,debt,375.95
17,1,16,existence,26.48
26,7,19,debt,74.2
27,1,26,debt,66.79
26,1,25,existence,41.59
77,52,25,payment,185.87
83,58,25,existence,252.4
16,14,2,debt,76.77
87,50,37,debt,177.77
109,90,19,payment,349.13
142,66,76,debt,446.45
29,29,0,existence,68.71
112,59,53,debt,236.85
39,36,3,payment,120.92
134,128,6,payment,314.1
129,48,81,debt,208.06
20,4,16,existence,53.59
108,95,13,payment,290.09
74,16,58,existence,112.26
7,1,6,existence,15.22
29,10,19,debt,98.91
117,80,37,existence,240.65
74,29,45,payment,189.56
63,27,36,existence,151.07
81,15,66,debt,158.64
6,3,3,existence,16.16
72,56,16,existence,211.53
67,50,17,debt,196.19
36,25,11,existence,92.31
28,11,17,existence,75.39
121,121,0,payment,335.73
39,5,34,debt,85.8
122,2,120,payment,177.22
1,1,0,debt,23.28
116,73,43,existence,283.89
50,49,1,existence,110.19
156,3,153,payment,229.97
109,86,23,payment,398.86
154,139,15,existence,474.81
69,63,6,payment,179.24
149,21,128,payment,305.57
17,12,5,existence,30.6
142,8,134,debt,324.08
24,8,16,payment,48.75
131,63,68,existence,404.34
70,45,25,existence,174.57
143,88,55,payment,392.04
6,3,3,debt,33.35
115,93,22,existence,274.32
144,78,66,existence,383.82
4,2,2,debt,29.87
90,8,82,payment,140.32
53,45,8,payment,157.53
143,5,138,existence,314.87
45,20,25,debt,116.5
10,6,4,payment,42.41
124,77,47,existence,412.7
2,2,0,existence,5.3
64,8,56,payment,141.06
23,14,9,existence,50.91
63,54,9,existence,186.42
11,2,9,existence,25.95
47,29,18,existence,141.35
97,62,35,payment,285.38
38,16,22,payment,91.06
35,31,4,existence,114.98
6,4,2,debt,37.99
35,24,11,debt,126.89
28,13,15,payment,82.32
97,63,34,existence,260.26
86,80,6,existence,212.61
15,11,4,payment,49.45
120,17,103,existence,196.45
121,100,21,payment,433.55
77,12,65,payment,180.34
65,26,39,existence,172.68
106,10,96,payment,215.38
45,40,5,payment,122.73
68,34,34,debt,147.13
54,54,0,existence,163.58
36,3,33,payment,74.45
138,109,29,existence,480.42
98,45,53,debt,263.12
98,57,41,existence,267.93
62,20,42,payment,105.8
98,67,31,existence,303.65
100,20,80,existence,189.88
73,20,53,existence,171.3
117,18,99,debt,323.86
15,3,12,payment,34.9
139,123,16,debt,294.94
93,42,51,debt,263.58
42,17,25,debt,126.17
21,20,1,existence,77.52
120,82,38,existence,339.04
16,12,4,existence,36.02
29,29,0,existence,85.86
55,30,25,debt,136.21
54,52,2,existence,177.65
41,8,33,debt,106.08
90,7,83,debt,197.13
39,28,11,existence,128.51
137,123,14,payment,353.68
76,6,70,existence,97.67
68,41,27,debt,216.5
13,3,10,payment,46.72
44,27,17,payment,129.71
116,52,64,existence,258.39
98,95,3,payment,341.57
117,101,16,payment,334.76
44,26,18,debt,134.52
75,69,6,existence,153.68
120,74,46,debt,266.35
86,20,66,payment,158.19
156,124,32,debt,511.96
154,43,111,payment,365.25
62,33,29,payment,185.25
68,37,31,existence,134.87
36,13,23,payment,88.43
49,10,39,payment,82.35
88,31,57,existence,241.29
124,18,106,debt,344.85
92,39,53,debt,172.74
50,16,34,debt,146.36
93,37,56,debt,221.33
143,92,51,debt,381.69
107,72,35,debt,351.41
23,20,3,debt,69.3
108,31,77,debt,288.32
88,75,13,payment,268.79
104,4,100,existence,143.09
148,144,4,debt,529.86
68,55,13,existence,225.48
60,10,50,payment,93.56
73,63,10,existence,158.11
123,64,59,existence,227.1
104,40,64,payment,267.38
42,10,32,debt,118.71
19,13,6,payment,63.15
150,147,3,payment,538.41
78,77,1,debt,263.54
129,127,2,debt,492.5
100,87,13,debt,315.38
132,50,82,payment,288.51
9,3,6,debt,28.11
88,61,27,payment,214.15
7,7,0,existence,16.78
133,113,20,existence,450.96
152,53,99,payment,356.12
70,25,45,existence,142.18
76,27,49,debt,190.18
20,14,6,payment,63.28
38,12,26,payment,102.55
3,2,1,debt,14.46
87,81,6,existence,302.41
6,4,2,debt,41.66
15,2,13,debt,48.9
69,56,13,payment,187.16
12,6,6,existence,23.51
83,26,57,debt,222.01
68,17,51,payment,174.52
10,2,8,debt,42.69
107,16,91,existence,244.11
16,6,10,payment,45.82
42,36,6,payment,95.44
32,7,25,existence,80.74
46,13,33,existence,128.49
13,6,7,payment,33.71
109,109,0,debt,240.32
41,22,19,existence,101.04
154,42,112,existence,256.88
47,22,25,debt,136.9
90,68,22,existence,269.67
143,139,4,existence,385.2
1,1,0,debt,21.79
114,45,69,debt,274.99
97,93,4,debt,258.53
75,38,37,payment,180.42
111,15,96,existence,289.88
107,44,63,debt,314.08
34,17,17,payment,86.21
78,18,60,payment,161.32
61,55,6,existence,124.4
135,19,116,existence,220.39
82,78,4,debt,247.15
4,2,2,debt,27.04
142,136,6,debt,465.5
133,39,94,payment,232.54
118,72,46,debt,340.47
152,46,106,debt,419.33
125,48,77,debt,214.7
6,6,0,payment,21.17
101,31,70,payment,221.55
126,54,72,existence,364.33
7,6,1,existence,18.18
7,7,0,debt,32.02
147,130,17,debt,422.55
15,13,2,debt,56.43
61,61,0,existence,217.56
39,38,1,payment,127.53
8,7,1,payment,40.99
142,101,41,payment,452.31
151,149,2,payment,508.2
16,2,14,existence,38.06
45,4,41,existence,66.35
16,8,8,payment,57.36
113,18,95,existence,261.94
32,14,18,payment,83.71
132,116,16,payment,300.25
31,25,6,existence,76.2
105,75,30,existence,278.23
86,61,25,payment,185.36
106,66,40,existence,251.02
31,21,10,existence,83.92
22,9,13,existence,50.59
1,1,0,existence,3.58
69,22,47,existence,153.84
137,2,135,debt,290.08
53,40,13,debt,146.97
74,43,31,existence,220.43
68,16,52,debt,205.54
110,63,47,debt,224.59
104,79,25,existence,345.73
69,60,9,debt,199.68
119,101,18,existence,368.27
96,27,69,existence,212.68
48,13,35,existence,113.44
142,43,99,debt,318.18
112,9,103,existence,265.03
15,5,10,payment,38.45
67,56,11,payment,225.08
12,8,4,existence,29.92
103,24,79,debt,270.69
98,12,86,payment,229.18
42,10,32,debt,128.43
131,95,36,debt,381.3
56,49,7,existence,141.69
8,8,0,existence,17.09
56,55,1,existence,184.42
142,38,104,payment,255.52
70,1,69,payment,177.12
130,27,103,debt,343.07
129,120,9,debt,436.89
148,30,118,payment,389.67
89,48,41,existence,220.18
66,50,16,debt,163.44
39,7,32,existence,74.05
54,30,24,debt,154.35
140,118,22,debt,527.2
21,21,0,existence,53.58
90,72,18,existence,305.66
8,8,0,debt,39.75
7,2,5,debt,42.99
50,10,40,payment,113.85
68,58,10,payment,156.98
60,26,34,existence,104.02
96,79,17,debt,322.41
16,8,8,debt,76.06
26,6,20,payment,69.83
140,115,25,payment,465.94
13,3,10,debt,47.18
36,8,28,payment,79.43
137,49,88,payment,311.94
61,33,28,payment,181.59
4,4,0,debt,23.02
63,60,3,existence,203.62
127,111,16,debt,288.99
49,41,8,existence,106.1
14,10,4,payment,40.94
92,50,42,existence,192.92
101,68,33,debt,210.3
146,3,143,existence,366.59
51,27,24,debt,162.53
45,1,44,debt,90.71
128,99,29,existence,351.35
74,49,25,payment,224.64
56,15,41,debt,119.61
107,51,56,debt,290.96
52,2,50,existence,106.75
47,36,11,payment,146.6
135,1,134,existence,212.71
62,20,42,debt,170.51
105,27,78,existence,205.11
40,6,34,debt,107.72
75,55,20,debt,240.85
38,13,25,payment,78.06
65,18,47,existence,94.93
117,106,11,payment,306.33
114,89,25,debt,430.79
138,57,81,payment,373
97,89,8,debt,266.5
82,71,11,debt,208.32
14,14,0,debt,66.76
73,16,57,existence,183.74
64,40,24,existence,121.99
43,15,28,existence,111.07
118,3,115,debt,154.62
79,41,38,debt,251.12
3,3,0,existence,7.58
31,20,11,debt,125.03
133,117,16,debt,405.37
44,6,38,existence,76.52
1,1,0,existence,3.01
57,35,22,existence,158.36
7,6,1,existence,19.76
41,3,38,payment,102.68
35,30,5,debt,108.47
93,46,47,debt,229.99
37,2,35,existence,81.67
7,5,2,existence,19.32
11,9,2,existence,22.41
68,15,53,payment,189.33
1,1,0,existence,2.66
48,15,33,payment,85.17
141,119,22,payment,504.18
118,112,6,existence,299.55
1,1,0,existence,2.59
155,72,83,existence,303.88
63,2,61,debt,173.68
76,14,62,debt,221.23
82,16,66,payment,167.16
137,47,90,existence,349.28
48,21,27,payment,112.02
78,36,42,existence,143.01
35,21,14,debt,100.59
132,92,40,payment,305.5
127,110,17,existence,330.86
11,8,3,debt,42.87
113,107,6,existence,334.12
38,16,22,debt,104.77
96,89,7,payment,240.76
70,17,53,payment,161.01
67,61,6,payment,191.87
107,84,23,existence,356.5
2,1,1,payment,11.13
126,7,119,debt,242.15
116,20,96,payment,230.87
26,25,1,payment,77.87
135,58,77,existence,339.82
29,3,26,existence,47.2
144,15,129,payment,392.3
36,12,24,payment,92.32
46,36,10,existence,88.47
104,96,8,debt,270.02
143,35,108,existence,264.97
96,67,29,payment,331.68
147,8,139,existence,203.1
109,103,6,debt,237.28
44,37,7,debt,154.31
110,108,2,existence,280.85
54,12,42,existence,128.33
120,13,107,debt,321.79
93,3,90,payment,169.61
73,19,54,existence,153.09
58,8,50,payment,122.85
87,28,59,debt,148.48
4,2,2,debt,22.67
68,49,19,existence,180.98
71,63,8,existence,261.75
143,70,73,payment,328.19
15,1,14,debt,47.82
40,15,25,payment,81.92
55,35,20,debt,141.06
26,9,17,debt,68.45
99,74,25,existence,300.57
44,18,26,debt,99.4
91,26,65,debt,205.62
13,11,2,debt,38.66
64,50,14,payment,222.47
84,12,72,existence,127.09
117,82,35,existence,192.94
48,47,1,debt,146.35
11,3,8,existence,29.28
99,52,47,debt,199.38
34,2,32,payment,78.35
81,75,6,debt,292.51
63,45,18,debt,206.44
102,93,9,existence,263.62
63,6,57,payment,113.85
68,20,48,debt,126.17
49,3,46,payment,119.09
75,20,55,payment,128.69
121,41,80,existence,242
20,19,1,existence,62.54
28,22,6,payment,80.74
15,9,6,existence,35.41
58,50,8,payment,184.01
137,121,16,existence,476.28
136,115,21,existence,459.68
121,72,49,existence,230.28
56,35,21,debt,152.81
129,123,6,payment,472.21
60,28,32,existence,132.88
112,58,54,debt,291.94
5,4,1,debt,30.66
13,1,12,debt,42.38
112,84,28,debt,282.67
123,7,116,payment,289.63
85,38,47,existence,156.21
146,80,66,existence,326.67
152,68,84,debt,296.4
37,21,16,payment,83.31
12,6,6,debt,41.84
51,9,42,payment,85.12
26,26,0,debt,63.85
36,15,21,debt,86.13
31,22,9,debt,79.96
114,17,97,existence,237.65
31,2,29,debt,75.3
128,40,88,payment,380.94
30,13,17,payment,80.8
81,29,52,payment,158.02
20,4,16,debt,57.03
90,6,84,debt,173.8
28,11,17,payment,75.13
140,58,82,payment,420.13
111,40,71,payment,181.35
145,16,129,payment,349.31
145,1,144,debt,329.19
107,19,88,existence,201.52
41,1,40,payment,94.46
65,35,30,existence,191.89
42,25,17,payment,102.31
15,1,14,existence,22.87
15,9,6,payment,40.26
17,11,6,debt,75.26
119,59,60,payment,327.29
8,2,6,existence,22.59
22,21,1,existence,79
129,22,107,payment,324.02
110,93,17,debt,274.26
83,24,59,payment,222.94
66,18,48,payment,108.1
118,62,56,debt,217.67
56,44,12,payment,195.6
28,25,3,existence,74.46
118,87,31,existence,242.46
129,87,42,debt,363.01
88,65,23,payment,250.63
136,50,86,payment,343
96,22,74,debt,161.84
50,18,32,debt,177.07
17,1,16,debt,43.49
62,9,53,existence,101.31
126,80,46,payment,259.73
148,37,111,existence,321.56
107,101,6,debt,247.2
152,114,38,existence,354.88
112,26,86,debt,285.2
13,10,3,payment,43.21
76,43,33,debt,160.39
67,7,60,existence,115.49
61,13,48,debt,191.76
105,78,27,debt,325.66
120,20,100,debt,312.9
48,29,19,existence,134.05
137,24,113,existence,200.02
94,15,79,payment,138.81
118,74,44,payment,326.28
139,77,62,existence,357.22
27,24,3,payment,71.87
24,12,12,debt,99.07
122,95,27,payment,322.51
38,9,29,payment,110.66
63,58,5,payment,187.32
86,43,43,debt,256.71
89,4,85,debt,178.87
151,78,73,existence,345.43
9,2,7,existence,22.6
152,126,26,existence,434.48
106,39,67,payment,182.51
85,16,69,payment,218.69
157,5,152,payment,256.97
64,47,17,payment,221.27
137,18,119,debt,251.09
10,2,8,debt,36.36
66,16,50,debt,167.72
147,29,118,debt,252.29
86,23,63,existence,120.51
8,1,7,debt,26.69
74,18,56,payment,169.07
4,1,3,existence,9.13
26,22,4,payment,75.12
147,107,40,debt,384.23
63,36,27,payment,150.53
53,46,7,debt,152.08
23,13,10,payment,59.2
66,16,50,existence,113.26
28,24,4,existence,80.8
141,105,36,debt,311.87
92,58,34,payment,252.55
119,34,85,debt,322.89
93,3,90,existence,217.46
20,3,17,debt,69.31
14,12,2,existence,47.33
84,61,23,payment,169.41
52,7,45,payment,140.98
140,6,134,payment,299.43
148,56,92,existence,433.93
106,82,24,existence,269.82
37,1,36,existence,57.56
90,56,34,debt,237.35
151,130,21,debt,370.95
111,35,76,payment,291.54
12,7,5,existence,27.86
23,3,20,debt,70.82
124,23,101,existence,187.75
96,96,0,existence,231
32,16,16,existence,78.87
76,28,48,existence,108.35
108,94,14,payment,362.06
57,52,5,existence,209.96
45,29,16,debt,156.34
121,76,45,existence,260.81
18,10,8,existence,52.31
154,29,125,debt,256.34
49,31,18,debt,169.5
23,17,6,debt,70.9
19,4,15,payment,47.77
19,1,18,existence,24.94
2,1,1,debt,20.45
29,26,3,existence,69.34
120,54,66,debt,208.87
118,117,1,existence,396.25
18,8,10,existence,47.11
135,59,76,existence,317.33
122,23,99,debt,298.31
29,20,9,payment,84.57
44,6,38,existence,109.83
46,32,14,existence,97.55
120,109,11,existence,387.84
111,90,21,existence,344.15
1,1,0,debt,24.3
120,109,11,payment,358.06
141,25,116,debt,347.1
88,51,37,payment,199.27
40,16,24,existence,101.1
12,7,5,payment,44.43
94,67,27,existence,278.36
134,68,66,existence,282.37
152,78,74,existence,363.73
22,4,18,existence,33.19
28,5,23,payment,86.36
5,2,3,payment,27.42
15,3,12,debt,54.65
102,9,93,payment,272.45
118,115,3,payment,428.37
59,4,55,payment,130.57
131,91,40,debt,377.2
69,60,9,existence,215.21
112,7,105,existence,192.54
82,70,12,existence,201.28
154,73,81,payment,361.24
103,30,73,payment,221.22
157,36,121,payment,292.58
28,19,9,existence,91.01
137,123,14,payment,357.55
109,29,80,existence,154.96
156,136,20,existence,495.49
58,25,33,existence,134.15
21,7,14,existence,44.41
148,39,109,debt,340.65
13,3,10,existence,32.51
13,1,12,payment,44.06
44,9,35,debt,101.17
25,25,0,debt,100.17
22,15,7,debt,95.01
34,16,18,debt,86.2
84,82,2,existence,203.62
68,30,38,payment,197.91
144,55,89,existence,317.86
40,40,0,payment,148.34
92,74,18,existence,216.38
79,3,76,debt,169.14
57,12,45,debt,135
58,11,47,debt,143.5
107,105,2,existence,258.53
18,12,6,existence,38.72
136,56,80,debt,282.36
28,18,10,existence,75.12
111,94,17,debt,284.17
17,15,2,existence,54.2
154,143,11,debt,497.69
103,19,84,existence,249.33
75,34,41,debt,184.12
23,20,3,existence,64.12
116,78,38,existence,304.87
76,18,58,debt,232.98
72,29,43,existence,199.28
10,2,8,existence,14.2
2,1,1,debt,29.62
80,76,4,debt,322.16
35,26,9,debt,87.2
32,14,18,debt,111.8
97,31,66,existence,185.37
48,36,12,existence,150.02
44,25,19,existence,95.22
35,35,0,existence,108.66
42,19,23,existence,81.47
131,110,21,existence,369.29
146,25,121,payment,350.85
51,17,34,debt,169.99
80,30,50,existence,147.04
111,5,106,existence,232.98
152,35,117,payment,326.73
141,104,37,payment,322.09
10,5,5,payment,25.51
133,87,46,existence,376.03
66,53,13,existence,168.83
34,17,17,payment,90.63
3,1,2,existence,5.99
140,117,23,payment,356.65
101,59,42,debt,191.73
114,9,105,existence,218.08
24,3,21,existence,42.22
1,1,0,existence,2.17
37,15,22,payment,69.44
82,49,33,payment,167.69
111,69,42,debt,367.27
54,1,53,existence,90.33
60,3,57,debt,149.92
54,19,35,payment,133.38
83,63,20,existence,193.42
78,15,63,existence,152.88
24,3,21,debt,75.93
151,126,25,debt,462.34
57,38,19,existence,145.48
98,63,35,existence,188.1
103,43,60,existence,260.05
97,86,11,payment,346.58
33,21,12,debt,107
95,58,37,debt,256.85
84,30,54,existence,223.22
36,18,18,payment,70.89
107,3,104,debt,289.79
58,22,36,payment,153.55
63,5,58,existence,132.02
61,22,39,payment,120.84
33,29,4,payment,126.73
126,23,103,debt,244.09
58,55,3,existence,188.65
60,19,41,existence,149.41
54,48,6,existence,126.1
109,43,66,existence,246.32
109,29,80,existence,279.34
107,75,32,existence,273.97
11,4,7,debt,53.78
79,61,18,existence,209.69
5,2,3,existence,9.17
121,75,46,existence,302.35
90,29,61,debt,158.96
48,11,37,existence,80.11
114,20,94,existence,268.37
146,64,82,existence,276.21
23,8,15,existence,49.56
42,30,12,debt,128.79
157,93,64,debt,451.86
23,1,22,payment,62.41
23,9,14,existence,50.38
104,33,71,payment,178.82
16,11,5,payment,51.22
89,28,61,payment,209.63
49,16,33,debt,120.58
55,15,40,payment,175.26
90,45,45,existence,195.22
116,100,16,existence,398.23
107,44,63,existence,223.61
49,25,24,existence,116.3
101,64,37,debt,270.09
78,52,26,payment,198.55
80,67,13,debt,251.69
142,60,82,debt,380.72
67,56,11,debt,233
103,12,91,existence,137.94
9,3,6,debt,39.3
135,26,109,debt,303.44
97,54,43,payment,200.39
23,10,13,existence,36.37
82,18,64,existence,145.14
136,84,52,debt,298.84
98,36,62,debt,208.31
2,1,1,existence,5.7
112,45,67,payment,335.78
62,5,57,existence,90.08
21,16,5,existence,54.92
150,13,137,debt,383.56
66,20,46,debt,169.51
43,19,24,debt,133.21
132,77,55,payment,290.25
156,21,135,debt,270.85
24,1,23,payment,53.26
102,19,83,existence,221.01
127,47,80,payment,359.56
2,2,0,payment,18.05
85,5,80,existence,175.81
44,42,2,debt,131.33
90,18,72,debt,232.27
78,4,74,debt,162.9
92,61,31,debt,327.68
76,53,23,existence,233.12
81,24,57,debt,216.82
29,28,1,payment,111.62
50,30,20,existence,155.23
54,20,34,existence,148.68
67,61,6,debt,219.5
3,3,0,existence,6.46
24,8,16,payment,81.38
135,38,97,payment,244.04
82,41,41,debt,269.26
61,58,3,debt,236.41
38,8,30,existence,88.23
41,5,36,debt,114.1
74,29,45,payment,139.04
8,7,1,payment,32.38
70,26,44,existence,190.73
119,31,88,payment,186.41
3,1,2,debt,26.3
33,20,13,debt,77.89
21,15,6,payment,75.29
9,2,7,existence,21.57
7,5,2,debt,42.09
74,28,46,existence,127.17
60,38,22,debt,179.18
64,57,7,payment,154.97
93,91,2,payment,293.24
61,56,5,existence,139.78
140,126,14,existence,323.47
129,37,92,debt,332.16
155,1,154,payment,272.01
147,95,52,existence,425.14
84,78,6,payment,241.37
9,3,6,debt,28.74
18,18,0,existence,40.33
88,49,39,existence,226.4
141,141,0,debt,460.52
36,21,15,existence,89.86
77,16,61,debt,134.24
111,40,71,existence,283.05
145,137,8,payment,439.08
20,18,2,payment,46.75
47,33,14,payment,103.46
45,41,4,existence,132.92
80,17,63,existence,139.64
9,9,0,payment,40.65
73,68,5,debt,187.63
97,59,38,debt,227.56
111,47,64,existence,272.82
86,64,22,debt,268.99
81,44,37,payment,167.48
112,27,85,debt,268.11
89,77,12,existence,277.82
118,63,55,debt,342.06
18,15,3,existence,50.29
129,12,117,existence,280.6
55,1,54,payment,129.57
84,78,6,payment,299.09
76,38,38,debt,171.45
117,53,64,payment,280.75
82,78,4,debt,252.71
84,7,77,payment,137.44
142,121,21,existence,414.46
136,56,80,payment,356.72
126,39,87,existence,239.57
119,81,38,existence,269.51
61,51,10,debt,162.22
126,87,39,debt,274.83
126,66,60,debt,352.23
118,3,115,existence,155.29
2,2,0,debt,20.35
18,2,16,debt,44.21
125,65,60,existence,232.91
34,5,29,debt,98.79
27,4,23,debt,84.74
103,40,63,debt,256.22
15,10,5,existence,44.69
33,26,7,debt,105.19
104,93,11,payment,374.04
45,8,37,payment,71.46
39,24,15,debt,136.1
97,4,93,existence,211.36
130,5,125,existence,158.62
23,20,3,existence,78.57
126,39,87,debt,289.45
27,17,10,existence,65.29
66,56,10,payment,194.76
110,57,53,payment,256.53
101,77,24,payment,301.08
118,78,40,existence,394.72
131,28,103,existence,270.36
152,9,143,existence,287.3
97,87,10,debt,312.48
8,7,1,debt,39.59
127,20,107,payment,309.9
129,42,87,payment,287.63
71,27,44,existence,125.71
18,15,3,existence,43.8
115,70,45,existence,309.39
12,8,4,debt,49.59
119,55,64,existence,232.68
106,34,72,existence,314.17
52,43,9,debt,184.62
127,85,42,existence,399.28
156,8,148,existence,379.66
37,16,21,payment,128.36
134,45,89,payment,400.38
34,21,13,debt,86.03
75,16,59,debt,140.96
139,105,34,payment,316.01
74,68,6,debt,263.38
29,8,21,debt,66.57
43,13,30,existence,85.12
123,78,45,existence,394.79
51,44,7,existence,163.66
37,23,14,payment,90.25
12,2,10,existence,22.26
152,69,83,debt,329.58
32,23,9,payment,101.61
11,6,5,debt,37.22
58,52,6,existence,168.8
62,21,41,existence,125.36
14,10,4,debt,46.79
101,79,22,payment,248.64
28,20,8,debt,79.25
115,22,93,existence,169.91
130,122,8,payment,397.01
14,8,6,existence,35.76
116,89,27,existence,231.21
110,47,63,debt,264.63
77,52,25,payment,233.27
61,10,51,existence,131.93
101,26,75,debt,174.96
133,72,61,payment,291.64
143,33,110,debt,326.57
52,44,8,existence,178.35
127,63,64,existence,280.17
146,46,100,payment,374.72
5,5,0,payment,23.57
153,144,9,payment,550.43
117,14,103,payment,320.75
59,33,26,existence,140.99
1,1,0,debt,31.94
123,75,48,debt,300.45
132,107,25,payment,360.1
128,22,106,existence,232.05
83,16,67,existence,214.99
107,62,45,debt,248.76
83,4,79,payment,174.03
7,2,5,debt,29.19
104,60,44,payment,251.82
84,82,2,payment,283.07
56,10,46,existence,78.39
2,1,1,existence,3.41
146,81,65,existence,273.15
94,47,47,payment,255.27
134,62,72,debt,393.48
23,3,20,debt,72.1
142,65,77,debt,330.18
29,23,6,debt,104.02
35,27,8,debt,122.4
103,1,102,debt,161.47
139,39,100,existence,229.49
5,2,3,existence,10.02
78,1,77,debt,190.67
76,75,1,debt,219.05
93,8,85,payment,140.74
121,43,78,existence,314.82
93,79,14,existence,229.41
129,97,32,existence,221.13
155,45,110,debt,452.1
62,48,14,payment,134.27
20,18,2,payment,67.39
156,106,50,existence,370.31
98,44,54,existence,165.73
7,5,2,debt,38.27
120,4,116,debt,235.62
102,89,13,existence,299.31
46,42,4,debt,140.61
19,10,9,existence,48.1
115,39,76,existence,298.65
153,84,69,existence,461.44
144,43,101,existence,231.43
15,7,8,debt,45.72
95,15,80,payment,221.3
125,39,86,debt,259.03
35,32,3,debt,122.67
42,16,26,payment,90.81
136,24,112,existence,300.15
72,66,6,debt,193.87
10,1,9,existence,14.6
106,99,7,debt,370.46
137,4,133,payment,298.03
118,111,7,existence,403.56
75,73,2,existence,156.73
44,8,36,debt,118.25
28,18,10,existence,62.18
78,43,35,existence,208.11
152,146,6,existence,280.16
3,2,1,existence,6.84
72,58,14,existence,155.02
70,70,0,debt,253.98
89,53,36,existence,223.54
83,59,24,existence,201.92
22,22,0,debt,79.64
106,95,11,existence,225.46
54,33,21,existence,117.94
13,8,5,debt,50.48
138,28,110,existence,301.28
144,47,97,payment,251.72
129,115,14,debt,383
45,15,30,payment,108.68
130,55,75,debt,260.78
33,8,25,existence,49.99
5,1,4,debt,29.09
23,14,9,payment,57.82
51,38,13,payment,138.85
134,70,64,existence,258.13
109,59,50,debt,337.56
65,44,21,debt,233.76
32,14,18,debt,61.11
30,18,12,existence,63.34
16,8,8,payment,57.08
31,27,4,debt,128.11
137,56,81,existence,217.04
108,104,4,debt,392.67
64,64,0,existence,147.62
130,22,108,existence,271.22
20,9,11,existence,52.63
107,37,70,payment,303.78
29,11,18,payment,99.11
98,62,36,debt,267.77
62,54,8,debt,176.9
20,8,12,existence,52.63
118,41,77,payment,268.94
94,91,3,existence,275.81
138,52,86,payment,283.76
147,59,88,existence,445.16
109,99,10,payment,334.36
106,57,49,debt,302.38
144,113,31,payment,437.04
40,19,21,payment,110
77,73,4,existence,278.06
140,131,9,existence,291.48
150,107,43,debt,414.97
94,61,33,existence,250.89
151,72,79,payment,317.53
87,32,55,payment,250.26
59,21,38,debt,173.9
37,37,0,existence,111.63
66,48,18,debt,163.76
148,100,48,debt,415.52
102,34,68,debt,204.08
30,8,22,debt,78.3
23,2,21,payment,61.62
76,69,7,existence,212.53
35,3,32,existence,59.18
51,1,50,existence,73.76
21,20,1,debt,86.67
101,47,54,payment,229.95
53,46,7,payment,148.18
4,2,2,existence,7.84
130,60,70,existence,239.98
100,74,26,payment,363.99
69,27,42,payment,151.6
32,9,23,existence,82.42
4,2,2,existence,9.59
105,5,100,debt,209.72
8,1,7,debt,30.44
102,88,14,existence,314.91
114,21,93,payment,248.88
131,24,107,debt,375.29
122,113,9,debt,353.09
11,7,4,existence,21.28
42,4,38,existence,94.51
136,38,98,payment,367.23
53,18,35,existence,141.96
83,78,5,debt,227.93
33,11,22,debt,77.81
61,34,27,debt,141.72
3,2,1,existence,5.85
108,50,58,existence,251.54
109,68,41,existence,249.89
4,1,3,debt,25.57
138,28,110,payment,274.92
118,113,5,payment,324.39
45,3,42,debt,90.64
1,1,0,debt,17.4
69,45,24,payment,190.66
108,70,38,payment,279.67
31,21,10,payment,78.6
119,51,68,debt,329.55
100,55,45,existence,321.37
18,8,10,debt,57.3
85,68,17,payment,264.04
154,121,33,payment,456.91
23,5,18,debt,90.15
108,57,51,existence,222.48
51,5,46,existence,89.26
122,106,16,existence,373.77
43,17,26,existence,81.33
112,75,37,debt,337.95
54,9,45,payment,133.16
74,39,35,payment,143.28
143,98,45,existence,363.83
145,135,10,payment,483.07
84,35,49,debt,191.39
51,10,41,existence,78.93
6,5,1,existence,15.39
154,94,60,payment,422.16
66,45,21,payment,185.04
156,120,36,payment,489.02
66,47,19,existence,200.59
141,55,86,payment,401.03
78,62,16,debt,253.24
56,41,15,debt,197.54
107,60,47,payment,307.99
57,45,12,debt,140.58
97,35,62,existence,255.08
116,81,35,payment,252.53
11,8,3,payment,33.01
97,72,25,payment,322.33
87,63,24,payment,255.33
138,30,108,debt,371.8
107,85,22,existence,243.02
27,18,9,debt,88.28
45,41,4,payment,158.41
126,25,101,payment,242
2,1,1,debt,22.82
112,32,80,existence,266.8
157,20,137,payment,317.92
23,21,2,debt,78.6
82,33,49,payment,153.52
104,19,85,payment,284.12
51,39,12,payment,116.61
137,33,104,payment,235.75
109,37,72,existence,235.55
103,65,38,debt,311.87
13,1,12,debt,36.47
32,20,12,debt,108.71
87,77,10,debt,175.91
73,43,30,payment,193.7
138,6,132,existence,180.44
7,1,6,debt,29.74
72,13,59,debt,108.87
58,46,12,payment,201.23
117,94,23,payment,382.78
38,29,9,existence,70.66
43,11,32,existence,77.38
79,8,71,payment,137.02
4,2,2,existence,8.01
19,17,2,payment,53.25
130,101,29,debt,461.77
19,4,15,debt,50
27,23,4,existence,79.23
22,18,4,existence,74.05
79,77,2,debt,232.3
14,12,2,debt,61.12
62,25,37,payment,118.23
39,14,25,payment,80.14
5,2,3,debt,31.23
135,10,125,existence,243.21
45,6,39,existence,85.33
51,48,3,payment,200.3
74,25,49,existence,200.41
106,99,7,debt,319.23
137,66,71,debt,259.25
57,28,29,payment,163.26
124,39,85,payment,344.73
113,11,102,existence,204.1
65,13,52,debt,102.56
149,115,34,debt,380.32
3,1,2,existence,5.87
128,32,96,existence,334.41
72,26,46,payment,127.9
92,46,46,payment,171.35
53,32,21,payment,140.77
126,60,66,payment,261.24
151,44,107,existence,241.21
127,102,25,debt,313.4
99,39,60,payment,314.78
17,3,14,payment,34.07
29,23,6,debt,81.71
118,65,53,debt,244.74
61,44,17,debt,185.33
53,19,34,existence,86.08
1,1,0,payment,20.95
151,130,21,debt,433.99
55,27,28,existence,102.17
142,85,57,debt,341.63
29,5,24,payment,62.97
8,3,5,payment,33.92
113,91,22,debt,250.53
128,83,45,payment,419.32
131,87,44,payment,322.15
135,109,26,payment,434.86
67,15,52,payment,200.55
12,12,0,debt,42.63
124,14,110,payment,332.59
38,15,23,payment,114.46
71,30,41,payment,153.56
152,2,150,payment,247.45
123,113,10,existence,322.64
49,19,30,debt,131.45
35,4,31,debt,85.95
71,6,65,payment,173.65
141,18,123,debt,293.71
22,12,10,payment,72.17
45,15,30,debt,135.06
95,65,30,payment,188.12
50,40,10,existence,134.34
123,11,112,debt,210.49
82,26,56,existence,193.13
120,57,63,existence,336.1
49,8,41,debt,105.38
50,20,30,payment,135.32
145,72,73,existence,300.04
115,21,94,payment,171.72
11,9,2,debt,40.81
116,94,22,existence,253.1
49,6,43,debt,94.38
64,45,19,existence,134.33
150,134,16,debt,492.61
112,54,58,existence,278.81
114,85,29,payment,354.27
77,44,33,debt,232.44
20,13,7,debt,83.85
56,29,27,payment,157.47
23,2,21,payment,67.74
145,120,25,payment,468.94
92,43,49,existence,207.18
140,113,27,payment,471.12
140,31,109,debt,364.04
82,5,77,existence,106.58
114,66,48,existence,342.59
9,7,2,debt,32.52
118,89,29,payment,306.34
117,54,63,debt,300.87
23,9,14,payment,71.01
116,24,92,existence,216.25
128,58,70,debt,266.04
17,12,5,payment,55.28
125,30,95,debt,295.31
45,39,6,debt,144.02
100,83,17,debt,333.44
4,4,0,payment,20.96
52,46,6,debt,177.24
144,124,20,existence,384.46
69,13,56,payment,196.85
61,21,40,existence,108.43
119,21,98,payment,207.01
111,31,80,debt,303.57
83,22,61,payment,242.8
99,18,81,debt,228.63
80,25,55,debt,157.15
67,43,24,debt,146.2
117,85,32,debt,302.71
127,45,82,debt,299.48
78,7,71,existence,143.22
16,2,14,debt,68.48
150,88,62,existence,378.46
116,52,64,debt,187.21
62,44,18,debt,148.21
102,85,17,debt,243.06
147,112,35,existence,269.32
108,98,10,existence,221.8
91,86,5,debt,345.19
11,9,2,existence,28.77
104,78,26,payment,302.41
156,111,45,payment,388.02
88,9,79,payment,142.67
33,20,13,payment,100.19
36,11,25,debt,99.78
66,1,65,existence,100.74
4,2,2,payment,18.37
106,70,36,existence,261.83
121,28,93,debt,201.79
153,71,82,payment,417.9
20,14,6,debt,68.8
50,38,12,debt,156.97
21,14,7,payment,50.58
132,79,53,payment,370.06
57,43,14,payment,149.14
120,70,50,existence,263.05
36,19,17,existence,77.45
140,56,84,existence,339.3
12,2,10,debt,50.78
139,73,66,existence,419.23
75,13,62,existence,196.85
157,136,21,payment,454.08
48,45,3,debt,161.44
95,49,46,debt,239.49
28,25,3,debt,119.67
141,59,82,payment,371.14
98,79,19,payment,307.14
71,15,56,debt,185.65
31,18,13,debt,90.34
61,10,51,debt,160.12
15,8,7,debt,44.57
81,74,7,existence,167.59
75,20,55,payment,192.41
113,87,26,existence,293.67
73,34,39,existence,196.59
128,77,51,debt,382.85
133,50,83,existence,213.02
123,35,88,debt,329.11
90,50,40,existence,239.51
17,1,16,payment,55.71
21,16,5,debt,61.02
31,17,14,debt,111.19
31,31,0,payment,84.32
134,63,71,payment,288.44
33,12,21,payment,89.59
10,2,8,debt,37.7
56,6,50,debt,146.01
85,18,67,payment,224.52
16,10,6,debt,51.21
80,13,67,payment,173.65
148,75,73,payment,332.1
59,24,35,existence,150.72
78,54,24,debt,156.02
135,84,51,existence,302.81
132,97,35,debt,313.4
3,1,2,existence,4.96
90,13,77,payment,241.61
119,52,67,existence,331.35
139,65,74,existence,371.75
1,1,0,payment,19.74
58,7,51,payment,134.66
19,16,3,debt,83.16
13,7,6,debt,42.35
119,66,53,payment,339.09
143,102,41,debt,473.29
42,21,21,payment,127.76
117,66,51,existence,311.17
88,51,37,debt,263.91
140,111,29,payment,328.98
85,28,57,existence,152.74
29,25,4,debt,122.72
117,41,76,existence,298.97
141,128,13,payment,409.67
40,30,10,existence,105.27
152,147,5,payment,349.16
99,61,38,payment,315.37
129,25,104,debt,329.17
72,60,12,debt,236.74
48,47,1,debt,132.45
20,7,13,existence,49.36
70,53,17,debt,213.58
5,2,3,debt,29.15
105,97,8,payment,366.12
134,63,71,payment,342.68
21,10,11,existence,45.11
99,43,56,payment,316.11
107,47,60,debt,337.35
110,102,8,existence,360.88
144,15,129,debt,342.08
120,31,89,payment,171.92
2,2,0,debt,28.98
143,55,88,payment,354.58
96,42,54,payment,294.33
117,57,60,existence,277.36
112,47,65,existence,217.7
128,122,6,debt,386.76
8,3,5,debt,37.46
83,9,74,existence,154.18
15,12,3,payment,50.31
141,135,6,debt,466.32
20,5,15,debt,60.29
68,36,32,existence,116.75
41,19,22,payment,83.1
108,14,94,existence,270.45
29,17,12,debt,89.92
31,6,25,payment,93.8
132,42,90,existence,317.61
22,20,2,debt,94.05
121,20,101,payment,274.74
90,31,59,debt,221.25
58,10,48,payment,132.02
53,19,34,existence,140.61
73,40,33,payment,158.45
135,134,1,payment,302.35
142,9,133,payment,357.65
112,60,52,payment,358.7
68,45,23,existence,191.14
21,11,10,debt,72.6
84,28,56,debt,189.64
141,126,15,payment,523.25
64,39,25,debt,177.45
32,21,11,debt,116.74
54,26,28,payment,154.28
9,5,4,debt,37.62
132,4,128,debt,265.62
49,1,48,payment,105
126,43,83,debt,261.74
65,25,40,existence,148.33
63,12,51,debt,162.57
72,2,70,existence,161.76
137,18,119,existence,267.71
104,28,76,payment,171.67
42,17,25,debt,102.21
106,51,55,existence,317.02
84,68,16,existence,282.89
130,65,65,existence,343.5
40,24,16,debt,146.74
61,24,37,existence,112.69
45,6,39,payment,99.31
58,54,4,payment,154.87
45,45,0,debt,108.2
22,3,19,payment,55.58
65,39,26,existence,187.02
130,103,27,debt,336.16
153,16,137,existence,330.71
94,72,22,existence,204.28
91,39,52,debt,209.8
57,56,1,existence,182.09
154,76,78,existence,470.85
92,82,10,payment,226.82
138,106,32,payment,431.01
35,34,1,payment,100.27
14,9,5,debt,59.48
117,98,19,payment,288.63
89,15,74,debt,228.15
46,8,38,payment,120.29
88,10,78,debt,136.24
153,131,22,payment,380.19
57,45,12,existence,110.99
17,9,8,debt,55.53
3,2,1,debt,36.82
26,14,12,existence,71.12
70,56,14,existence,172.35
34,28,6,payment,113.79
95,20,75,debt,190.54
62,1,61,existence,142.09
52,47,5,debt,185.1
56,8,48,payment,127.37
87,24,63,debt,197.69
8,7,1,debt,45.27
69,56,13,debt,240.1
121,65,56,debt,329.1
86,33,53,payment,194.46
67,33,34,payment,176.03
13,4,9,debt,34.6
47,41,6,debt,162.29
94,43,51,existence,248.97
45,34,11,debt,138.48
38,33,5,existence,92.55
54,44,10,debt,182.13
67,35,32,existence,164.93
117,10,107,debt,219.94
114,88,26,payment,322.27
6,5,1,debt,31.25
122,47,75,payment,271.63
81,61,20,debt,281.9
1,1,0,payment,13.28
151,114,37,debt,332.31
10,3,7,existence,21.09
29,9,20,payment,69.42
73,61,12,payment,207.26
36,22,14,debt,116.54
51,12,39,debt,120.94
107,102,5,existence,399.07
73,33,40,debt,224.46
132,57,75,payment,361.6
149,24,125,debt,319.95
35,5,30,existence,69.72
142,40,102,debt,379.26
4,3,1,payment,28.38
72,34,38,existence,211.31
124,53,71,payment,293.61
151,88,63,existence,277.84
105,56,49,payment,283.29
60,48,12,debt,130.47
115,99,16,payment,304.37
152,97,55,debt,421.08
16,10,6,payment,48.43
144,113,31,payment,421.9
141,120,21,existence,441.48
78,6,72,debt,116.38
131,84,47,payment,377.63
16,7,9,existence,36.06
157,40,117,payment,381.29
7,4,3,payment,29.81
17,16,1,debt,71.15
18,18,0,existence,49.32
5,3,2,debt,28.13
143,61,82,debt,351.81
64,56,8,payment,245.91
103,34,69,existence,248.4
138,46,92,debt,274.73
151,47,104,debt,252.25
68,65,3,existence,237.36
36,27,9,payment,112.28
81,4,77,payment,215.84
19,13,6,payment,67.7
7,4,3,existence,20.66
121,97,24,existence,262.89
35,30,5,existence,85.23
147,64,83,payment,414.99
156,152,4,debt,409.48
9,2,7,debt,24.95
11,7,4,existence,36.94
58,52,6,debt,163.64
153,19,134,payment,296.67
98,85,13,payment,262.31
63,51,12,debt,198.09
24,11,13,existence,70.51
119,115,4,existence,244.6
25,4,21,existence,60.56
157,82,75,payment,392.01
29,7,22,existence,66.54
42,15,27,existence,107.3
46,27,19,existence,117.82
11,10,1,payment,46.31
84,70,14,debt,231.32
45,3,42,payment,75.08
92,76,16,payment,299.86
100,93,7,payment,275
61,13,48,existence,82.9
133,34,99,debt,283.27
74,66,8,payment,243.65
46,23,23,existence,112.57
11,4,7,existence,29.92
138,137,1,debt,359.89
109,95,14,debt,326.82
102,28,74,debt,193.5
58,13,45,existence,102.92
22,16,6,debt,75.45
27,24,3,debt,108.67
13,7,6,payment,39.98
69,17,52,payment,164.55
118,87,31,existence,336.56
137,3,134,debt,229.73
12,2,10,existence,18.28
49,1,48,existence,93.3
18,17,1,existence,34.64
114,51,63,existence,279.79
89,78,11,existence,288.51
57,26,31,debt,160.02
141,119,22,existence,453.38
71,36,35,payment,202.22
70,63,7,existence,222.29
17,1,16,payment,42.92
55,29,26,payment,132.82
65,1,64,existence,162.58
16,7,9,payment,35.33
12,3,9,payment,37.07
69,17,52,debt,188.64
136,67,69,existence,347.62
72,61,11,existence,153.25
27,15,12,debt,71.9
82,76,6,payment,278.52
49,5,44,existence,72.91
37,32,5,existence,93.38
84,32,52,debt,198.45
17,11,6,existence,48.93
117,64,53,payment,278.43
42,30,12,payment,117.91
67,22,45,debt,178.61
53,36,17,existence,133.6
34,5,29,existence,57.07
136,77,59,existence,306.48
79,24,55,payment,127.5
134,24,110,debt,300.67
4,4,0,payment,16.1
128,28,100,debt,214.3
12,6,6,payment,34.01
116,75,41,existence,282.98
6,6,0,payment,26.58
85,17,68,debt,221.24
45,9,36,payment,105.23
109,28,81,payment,293.13
126,116,10,existence,276.84
129,22,107,debt,274.07
77,10,67,existence,104.53
64,15,49,existence,143.49
67,12,55,payment,184.4
29,18,11,existence,83.45
100,8,92,existence,140.99
81,41,40,debt,232.85
148,3,145,payment,190.68
149,130,19,existence,433.29
88,49,39,existence,221.36
44,38,6,debt,135.79
136,93,43,debt,270.68
97,34,63,payment,178.13
64,62,2,debt,207.26
88,6,82,payment,151.16
77,18,59,debt,198.83
40,40,0,debt,150.92
143,117,26,existence,284.98
4,2,2,debt,35.02
109,63,46,existence,251.64
104,38,66,debt,192.13
55,8,47,existence,95.51
55,2,53,debt,98.56
9,5,4,debt,54.02
129,28,101,debt,362.05
88,88,0,debt,256.53
151,128,23,existence,384.4
26,12,14,existence,56.63
7,2,5,payment,24.55
48,14,34,debt,96.7
30,12,18,existence,67.51
5,2,3,payment,19.37
73,46,27,existence,181
139,115,24,debt,412.18
147,130,17,existence,360.2
135,114,21,debt,422.86
116,109,7,payment,290.34
88,2,86,payment,167.31
45,31,14,debt,132.15
71,37,34,existence,213.39
4,2,2,debt,25.02
111,36,75,debt,190.57
135,11,124,existence,286.25
31,21,10,payment,91.41
140,14,126,existence,233.82
2,1,1,existence,5.66
57,2,55,payment,142.21
40,19,21,payment,133.42
141,88,53,existence,389.29
85,69,16,existence,202.16
103,67,36,payment,285.49
141,57,84,existence,414.27
52,40,12,payment,133.98
157,56,101,payment,341.72
22,4,18,debt,47.14
15,10,5,debt,57.82
68,32,36,existence,211.37
75,9,66,existence,100.07
113,49,64,existence,261.1
21,11,10,existence,33.24
34,19,15,existence,107.51
110,22,88,debt,260.93
22,6,16,payment,54.6
122,36,86,payment,181.39
147,104,43,existence,429.53
62,16,46,existence,164.63
54,7,47,existence,117.78
145,57,88,debt,407.09
101,53,48,debt,282.66
40,35,5,payment,126.16
1,1,0,debt,17.39
72,64,8,payment,237.32
115,24,91,debt,202.15
36,29,7,payment,78.2
149,83,66,debt,325.45
3,1,2,debt,29.41
43,2,41,payment,117.89
101,92,9,payment,284.28
138,32,106,payment,323.8
84,40,44,payment,166.24
57,13,44,debt,140.12
22,18,4,payment,47.09
16,9,7,existence,34.06
65,60,5,debt,160.44
45,7,38,existence,67.88
54,52,2,existence,121.92
99,22,77,payment,168.05
5,2,3,debt,23.93
24,24,0,existence,46.35
23,11,12,debt,61.69
140,111,29,payment,387.76
9,2,7,payment,28.06
92,24,68,debt,236.26
116,44,72,existence,330.74
80,40,40,existence,246.05
153,27,126,existence,264.13
22,4,18,debt,51.47
110,86,24,existence,323.62
132,67,65,debt,296.92
19,14,5,existence,45.44
130,54,76,existence,354.86
6,1,5,debt,31.43
54,46,8,payment,192.33
74,29,45,payment,191.16
32,25,7,debt,73.29
57,50,7,debt,185.2
85,4,81,debt,179.14
55,47,8,existence,149.46
107,103,4,debt,346.95
94,57,37,existence,272.91
142,7,135,debt,313.31
47,7,40,payment,125.01
53,10,43,existence,129.15
48,39,9,payment,107.72
124,88,36,payment,375.95
133,8,125,debt,297.25
48,16,32,payment,85.6
49,32,17,payment,162.95
51,6,45,existence,109.16
16,15,1,payment,58.06
99,32,67,payment,288.7
124,36,88,debt,215.55
87,87,0,debt,281.9
47,46,1,debt,147.45
87,72,15,payment,299.36
139,50,89,payment,305.27
48,11,37,payment,121.67
118,6,112,payment,173.49
49,33,16,payment,156.08
118,86,32,payment,372.4
44,33,11,existence,131.88
108,24,84,payment,275.14
67,28,39,debt,184.75
144,29,115,existence,223.63
83,20,63,payment,207.61
80,77,3,debt,224.4
12,2,10,payment,26.77
57,38,19,debt,168.05
24,23,1,existence,67.64
117,58,59,existence,273.64
91,13,78,existence,221.51
34,17,17,payment,77.48
102,19,83,debt,260.35
117,54,63,debt,288.23
89,48,41,debt,283.83
35,23,12,payment,120.36
120,31,89,existence,176.14
34,24,10,payment,110.01
68,26,42,debt,219.31
137,106,31,existence,347.03
93,27,66,debt,204.2
121,85,36,payment,217.6
50,39,11,debt,111.07
110,49,61,payment,252.86
157,38,119,payment,296.43
64,33,31,debt,179.76
68,59,9,existence,188.21
41,32,9,debt,87.27
139,45,94,existence,404.46
97,42,55,debt,207.27
82,6,76,payment,191.77
118,49,69,debt,215.79
141,40,101,existence,228.2
110,35,75,existence,184.06
105,30,75,existence,269.47
149,45,104,debt,436.71
71,50,21,debt,219.04
111,104,7,payment,254.72
122,82,40,existence,262.87
24,5,19,payment,45.67
103,88,15,debt,285.32
113,40,73,existence,297.51
59,56,3,existence,159.04
92,68,24,debt,200.92
149,21,128,payment,290.34
53,37,16,debt,164.6
9,1,8,debt,26.79
135,48,87,existence,328.39
50,11,39,payment,101.69
26,20,6,debt,86.9
99,43,56,payment,228.23
137,67,70,payment,357.24
134,47,87,debt,326.25
141,107,34,payment,442.41
104,33,71,payment,292.75
89,11,78,existence,182.19
21,13,8,existence,58.33
156,12,144,existence,385.38
67,65,2,existence,208.25
97,70,27,existence,212.03
72,69,3,existence,176.96
78,59,19,debt,229.42
124,59,65,payment,335.48
120,37,83,payment,331.89
18,18,0,debt,69.23
138,95,43,payment,498.72
114,67,47,payment,336.76
26,20,6,debt,70.66
28,16,12,debt,92.45
2,1,1,debt,26.46
67,46,21,payment,130.73
54,27,27,existence,126.22
15,12,3,payment,54.78
14,10,4,debt,65.92
77,38,39,debt,160.21
74,59,15,existence,196.34
99,21,78,debt,233.42
104,35,69,existence,232.71
28,2,26,payment,46.6
109,15,94,existence,169.63
90,11,79,existence,197.95
101,73,28,existence,261.14
78,11,67,debt,150.71
76,44,32,debt,235.55
56,24,32,payment,153.89
74,13,61,existence,120.03
77,67,10,payment,176.62
103,15,88,debt,209.4
148,39,109,existence,320.87
144,84,60,debt,331.35
24,2,22,payment,62.22
148,79,69,payment,409.25
11,11,0,payment,47.18
108,101,7,existence,350.15
139,81,58,payment,369.85
108,56,52,debt,257.55
26,17,9,existence,74.51
20,4,16,existence,43.94
30,20,10,debt,101.92
92,17,75,payment,140.82
114,99,15,payment,246.32
18,1,17,payment,38.29
79,24,55,existence,206.82
28,23,5,debt,101.99
32,3,29,payment,62.58
48,46,2,payment,169.5
52,22,30,debt,99.07
67,13,54,existence,141.44
137,123,14,payment,299.57
54,45,9,existence,175.79
129,15,114,existence,319.28
62,41,21,debt,199.8
40,15,25,existence,67.85
61,11,50,debt,146.36
93,19,74,existence,213.38
47,13,34,existence,94.32
80,23,57,debt,186.66
27,6,21,existence,49.65
62,39,23,debt,214.31
1,1,0,debt,32.51
3,1,2,payment,24.35
79,15,64,payment,220.41
94,84,10,payment,314.95
109,31,78,debt,241.17
6,6,0,debt,26.79
51,22,29,debt,141.93
147,52,95,payment,287.76
22,11,11,debt,69.53
89,67,22,payment,248.61
25,22,3,debt,86.82
154,40,114,existence,210.5
140,89,51,payment,345.57
120,8,112,debt,247.27
58,41,17,debt,199.89
127,54,73,existence,292.37
157,63,94,payment,365.77
51,25,26,existence,143.42
14,12,2,debt,58.23
39,12,27,payment,108.8
52,35,17,existence,139.31
91,47,44,payment,213.86
51,1,50,payment,87.29
70,7,63,payment,187.95
117,52,65,existence,226.8
132,41,91,existence,229.92
30,28,2,existence,70.24
139,47,92,existence,303.18
69,59,10,debt,218.92
157,143,14,debt,594.74
35,7,28,debt,73.11
96,77,19,debt,237.02
78,56,22,existence,214.83
118,90,28,payment,322.45
10,5,5,payment,34.01
78,13,65,existence,114.07
77,32,45,debt,168.12
90,59,31,debt,190.55
85,45,40,payment,246.55
77,65,12,debt,212.46
140,101,39,existence,382.24
17,4,13,payment,45.56
68,56,12,existence,166.05
118,17,101,existence,194.04
104,42,62,payment,306.1
42,33,9,debt,137.11
123,118,5,existence,299.2
97,30,67,existence,155.59
121,111,10,debt,302.93
102,94,8,existence,313.78
52,14,38,payment,139.77
124,31,93,existence,258.99
131,109,22,debt,402.39
50,7,43,debt,79.59
35,18,17,payment,79.47
19,8,11,existence,50.02
117,84,33,existence,229.74
53,37,16,debt,192.01
86,78,8,existence,286.59
76,29,47,payment,128.72
85,26,59,payment,158.48
57,33,24,existence,135.67
3,1,2,payment,16.22
76,35,41,existence,159.16
38,9,29,existence,71.48
59,23,36,payment,175.38
93,6,87,existence,210.67
154,65,89,payment,265.88
97,93,4,debt,279.38
83,50,33,debt,215.77
97,1,96,existence,155.23
45,39,6,payment,158.46
55,16,39,existence,114.1
154,11,143,payment,267.44
49,38,11,payment,165.89
96,91,5,payment,373.87
42,36,6,payment,137.29
111,14,97,debt,185.28
30,23,7,payment,89.15
147,142,5,existence,381.53
76,62,14,debt,258.06
121,80,41,debt,384.7
11,8,3,existence,30.13
135,44,91,payment,374.52
117,112,5,payment,346.28
76,75,1,debt,240.63
103,83,20,payment,263.82
67,50,17,debt,190.3
82,76,6,debt,224.48
133,63,70,existence,346.31
117,44,73,debt,289.95
48,36,12,debt,176.53
32,7,25,payment,93.83
53,28,25,payment,183.53
100,36,64,debt,208.13
76,44,32,debt,152.47
104,70,34,payment,223.92
123,80,43,payment,367.38
27,12,15,debt,106.56
136,13,123,debt,319.12
57,28,29,existence,162.55
152,129,23,existence,358.26
63,22,41,existence,161.25
101,6,95,existence,232.49
25,10,15,existence,36.13
68,40,28,debt,174.69
62,55,7,payment,206.75
143,93,50,payment,494.58
78,46,32,debt,255.4
98,98,0,payment,392.04
147,28,119,existence,297.28
16,11,5,existence,44.72
85,80,5,payment,316.57
154,134,20,existence,337.63
37,35,2,payment,84.04
97,45,52,existence,256.26
91,48,43,payment,198.43
62,32,30,existence,155.73
17,9,8,payment,45.33
41,24,17,payment,112.88
48,13,35,debt,148.24
58,19,39,payment,148.26
22,19,3,payment,73.79
5,3,2,existence,9.53
105,3,102,payment,205.01
135,95,40,existence,325.45
91,53,38,existence,183.71
153,66,87,debt,337.29
84,14,70,existence,127.91
95,7,88,debt,198.81
75,28,47,debt,212.15
13,7,6,debt,37.49
142,65,77,payment,320.88
109,73,36,debt,325.5
77,8,69,payment,115.74
94,26,68,existence,173.58
35,23,12,payment,110.92
51,31,20,debt,123.6
150,95,55,existence,359.58
138,127,11,payment,336.16
67,66,1,debt,217.17
17,16,1,debt,69.16
86,3,83,debt,150.18
130,83,47,payment,361.25
105,92,13,payment,288.34
135,54,81,payment,280.94
53,16,37,existence,135.97
43,39,4,payment,152.6
141,76,65,existence,378.78
6,3,3,payment,25.21
113,105,8,payment,341.87
41,30,11,payment,124.15
77,22,55,existence,196.4
68,3,65,payment,138.01
88,80,8,debt,252.83
71,36,35,existence,136.22
128,113,15,payment,411.7
45,8,37,payment,125.48
64,61,3,existence,206.79
100,43,57,debt,215.88
151,49,102,debt,350.92
31,30,1,payment,104.85
61,3,58,payment,141.93
22,1,21,existence,38.77
94,39,55,debt,229.58
76,43,33,existence,180.57
20,5,15,existence,41.87
77,4,73,payment,123.88
84,5,79,payment,211.96
45,23,22,existence,97.83
58,24,34,debt,187.47
94,14,80,existence,132.33
144,32,112,debt,253.76
138,116,22,existence,359.31
18,7,11,payment,41.86
34,19,15,debt,120.2
96,83,13,payment,365.16
133,18,115,existence,191.93
18,1,17,payment,42.65
142,35,107,payment,276.16
115,35,80,existence,227.13
140,49,91,debt,277.84
145,90,55,payment,468.73
29,19,10,debt,111.27
5,1,4,payment,21.68
120,10,110,payment,202.68
23,23,0,debt,102.96
11,10,1,existence,26.09
41,2,39,existence,85.28
127,55,72,existence,249.65
128,64,64,debt,325.29
39,5,34,debt,69.03
150,65,85,existence,335.9
42,25,17,debt,115.96
84,27,57,debt,170.26
91,46,45,payment,252.41
41,18,23,debt,121.63
40,16,24,existence,101.15
130,39,91,existence,330.82
68,13,55,payment,187.54
132,30,102,payment,216.73
119,43,76,existence,231.19
84,24,60,debt,232.41
89,7,82,payment,238.98
122,68,54,existence,319.21
105,7,98,payment,269.85
97,81,16,debt,284.87
89,62,27,existence,285.06
51,37,14,debt,150.22
17,10,7,payment,51.53
117,101,16,existence,331.56
19,1,18,payment,40.09
120,73,47,debt,349.13
75,9,66,debt,173.27
5,3,2,existence,8.7
51,13,38,debt,159.5
94,29,65,payment,249.79
105,87,18,payment,324.28
132,49,83,existence,367.36
31,15,16,debt,97.91
109,97,12,existence,358.88
155,120,35,payment,411.04
140,135,5,debt,454.81
30,15,15,payment,72.04
140,77,63,debt,407.14
115,68,47,debt,394.61
149,59,90,payment,230.46
112,86,26,existence,256.84
31,12,19,existence,78.26
80,79,1,payment,221.92
64,64,0,payment,202.77
78,8,70,existence,116.53
38,20,18,debt,138.05
114,14,100,existence,199
95,76,19,debt,283.72
137,8,129,debt,260.58
88,18,70,debt,199.87
37,27,10,payment,119.67
117,19,98,debt,290.08
113,109,4,debt,331.88
93,22,71,debt,271.08
137,27,110,existence,240.62
118,60,58,payment,358.94
39,13,26,payment,95.69
156,74,82,debt,357.68
136,42,94,existence,252.62
127,89,38,payment,273.38
51,22,29,existence,93.08
88,58,30,payment,186.82
57,20,37,payment,176.73
58,26,32,payment,139.96
103,76,27,existence,223.86
142,90,52,existence,269.58
91,6,85,existence,200.69
40,39,1,debt,165.48
19,19,0,debt,79.84
14,2,12,payment,38.95
16,3,13,payment,37.53
55,28,27,payment,178.4
73,53,20,existence,218.28
16,13,3,existence,41.63
133,65,68,existence,424.69
3,2,1,existence,6.48
58,30,28,existence,130.78
29,25,4,debt,100.86
107,63,44,existence,283.94
17,5,12,debt,37.42
27,21,6,existence,82.35
109,10,99,payment,183.27
125,109,16,existence,409.01
102,1,101,payment,136.19
130,42,88,payment,323.59
110,97,13,payment,293.29
150,117,33,debt,476.88
41,37,4,debt,97.44
35,8,27,payment,91.95
28,9,19,debt,54.91
114,80,34,debt,205.95
154,80,74,payment,393.25
14,4,10,payment,58.05
147,80,67,debt,468.46
22,13,9,debt,73.67
119,96,23,debt,342.86
117,50,67,existence,269.31
69,31,38,debt,196.2
115,12,103,existence,210.87
111,14,97,payment,154.37
111,17,94,payment,289.61
29,19,10,debt,78.93
92,84,8,existence,339.41
37,3,34,debt,115.51
43,26,17,payment,101.74
24,23,1,debt,74.86
94,69,25,payment,252.57
66,9,57,existence,155.94
105,96,9,payment,299.3
151,6,145,existence,356.69
112,74,38,existence,293.57
126,8,118,debt,273.04
14,1,13,existence,23.32
12,8,4,existence,24.5
119,119,0,existence,382.85
46,4,42,debt,94.98
23,1,22,debt,71.5
155,124,31,existence,499.4
121,98,23,debt,353.36
127,123,4,debt,352.21
61,54,7,existence,128.59
138,4,134,debt,338.28
107,98,9,existence,247.48
121,40,81,existence,291.97
113,57,56,payment,298.56
41,15,26,debt,108.16
18,10,8,payment,65.78
15,9,6,payment,49.52
57,37,20,debt,144.05
90,4,86,payment,152.83
100,89,11,existence,299.92
102,90,12,debt,332.26
62,8,54,debt,123.21
6,5,1,payment,27.11
150,76,74,payment,278.71
84,37,47,existence,233.12
110,12,98,debt,155.5
84,1,83,debt,212.31
101,63,38,debt,268.85
119,108,11,debt,299.12
137,90,47,existence,285.65
155,34,121,debt,240.29
61,35,26,existence,184.57
8,1,7,existence,18.05
93,72,21,existence,321.45
6,2,4,payment,26.8
5,2,3,existence,10.43
149,25,124,payment,398.5
101,48,53,debt,195.94
34,25,9,existence,69.67
16,7,9,debt,53.18
76,59,17,payment,206.17
152,96,56,payment,481.41
34,1,33,debt,95.02
113,85,28,payment,336.58
108,47,61,existence,251.38
99,53,46,debt,293.55
105,52,53,payment,274.09
140,20,120,existence,335.12
138,59,79,existence,362.47
35,29,6,existence,91.33
39,15,24,existence,99.31
32,32,0,debt,118.84
126,18,108,payment,181.42
104,52,52,payment,244.33
125,72,53,debt,350.21
153,20,133,debt,406.46
79,27,52,debt,177.11
75,45,30,payment,172.53
54,54,0,payment,142.52
122,120,2,existence,333.4
78,54,24,existence,154.08
145,117,28,debt,388.22
121,14,107,existence,300
67,30,37,existence,120.6
48,29,19,debt,129.16
68,5,63,existence,153.62
120,117,3,debt,345.35
19,18,1,existence,63.78
69,33,36,existence,190.81
51,48,3,payment,174.17
111,90,21,debt,336.78
92,28,64,existence,187.83
9,2,7,debt,33.84
53,16,37,existence,137.24
78,33,45,existence,202.59
62,5,57,existence,91.51
2,1,1,existence,5.25
32,27,5,payment,102.51
48,15,33,payment,90.21
124,36,88,existence,267.76
34,5,29,debt,79.82
151,47,104,debt,390.72
11,7,4,existence,23.36
55,23,32,existence,154.82
32,16,16,existence,93.84
6,2,4,debt,25.37
12,3,9,payment,44.08
32,26,6,payment,84.04
103,60,43,payment,271.91
149,13,136,existence,352.8
136,105,31,payment,408.83
99,55,44,payment,289.96
91,38,53,existence,178.98
126,67,59,existence,384.64
14,8,6,payment,43.39
62,6,56,payment,146.06
70,65,5,debt,227.33
59,50,9,payment,171.15
27,26,1,payment,72.82
31,25,6,payment,72.68
112,23,89,payment,215.22
71,8,63,debt,193.83
108,50,58,debt,303.54
118,68,50,payment,291.01
26,8,18,debt,88.2
60,9,51,debt,138.3
81,42,39,existence,186.02
13,6,7,existence,34.88
134,58,76,payment,326.64
60,38,22,payment,187.64
44,18,26,existence,79.78
45,33,12,payment,139.96
157,25,132,payment,346.51
123,9,114,payment,325.14
102,71,31,payment,258.16
43,21,22,existence,101.37
25,13,12,existence,50.82
121,40,81,existence,195.2
17,17,0,existence,50.83
88,7,81,existence,116.57
105,3,102,debt,224.15
27,10,17,debt,72.39
120,48,72,debt,308.59
16,6,10,debt,67.99
146,96,50,payment,413.47
33,13,20,debt,88.52
69,42,27,payment,154.02
52,34,18,existence,150.66
38,25,13,existence,93.94
152,114,38,debt,358.09
118,24,94,debt,310.86
67,33,34,debt,167.67
110,7,103,debt,205.73
145,67,78,existence,261.62
151,90,61,existence,467.52
76,56,20,payment,154.63
108,24,84,existence,286.02
128,127,1,existence,269.83
74,6,68,existence,122.36
139,120,19,debt,363.49
153,3,150,existence,186.49
115,93,22,debt,353.8
106,76,30,payment,282.24
137,77,60,debt,261.06
15,10,5,payment,50.72
51,26,25,payment,141.98
48,29,19,payment,121.62
154,117,37,existence,475.49
68,8,60,existence,110.6
43,15,28,existence,80.05
3,3,0,debt,19.07
140,133,7,payment,380.37
43,36,7,payment,150.97
138,58,80,payment,390.86
18,7,11,existence,47.85
45,27,18,existence,123.37
32,31,1,existence,104.53
24,1,23,debt,71.87
102,63,39,debt,253.21
53,16,37,debt,147.93
42,29,13,payment,97.94
98,57,41,existence,219.12
56,9,47,existence,90.61
24,1,23,existence,53.1
70,57,13,payment,188.11
29,22,7,debt,73.96
91,14,77,existence,212.95
71,62,9,payment,238.34
3,3,0,existence,8.03
111,46,65,existence,250.41
116,42,74,payment,213.84
60,15,45,existence,123.08
101,6,95,payment,194.21
87,76,11,payment,307.85
25,9,16,payment,74.69
24,24,0,payment,90.68
52,17,35,payment,107.41
60,2,58,existence,91.66
42,1,41,payment,115.21
63,34,29,debt,136.6
79,67,12,payment,284.91
17,9,8,debt,63.83
93,88,5,debt,338.48
30,2,28,payment,87.32
94,16,78,existence,153.55
110,90,20,debt,314.94
30,15,15,payment,71.42
2,1,1,payment,11.46
153,96,57,debt,323.76
106,74,32,existence,304.55
92,22,70,existence,210.17
50,38,12,debt,203.06
115,5,110,payment,148.8
123,67,56,debt,277.08
142,7,135,debt,273.87
49,46,3,payment,171.64
79,38,41,existence,170.74
147,94,53,debt,386.89
32,21,11,existence,68.87
16,6,10,payment,42.75
22,9,13,payment,76.24
42,32,10,payment,159.82
86,18,68,debt,248.85
20,7,13,debt,64
15,8,7,debt,58.88
36,30,6,debt,122.9
22,2,20,existence,41.25
122,33,89,debt,321.33
64,28,36,debt,163.77
18,16,2,debt,67.42
104,20,84,payment,234.76
82,18,64,payment,199.46
145,18,127,debt,263.28
147,65,82,debt,438.59
151,16,135,debt,375.44
19,2,17,debt,70.5
93,92,1,existence,220.94
121,64,57,debt,235.81
33,9,24,debt,100.08
14,3,11,payment,29.54
122,118,4,debt,309.2
28,16,12,existence,73.22
43,6,37,payment,97.14
76,71,5,payment,195.16
145,59,86,payment,311.43
143,135,8,payment,464.52
110,37,73,existence,240.08
40,9,31,payment,79.52
55,19,36,payment,112.49
53,8,45,payment,98.14
27,20,7,debt,66.06
75,14,61,debt,181.57
109,51,58,payment,238.47
89,45,44,existence,189.47
14,12,2,debt,59.01
2,2,0,existence,5.54
146,71,75,existence,442.23
10,10,0,payment,45.89
152,101,51,payment,403.08
33,23,10,payment,85.22
22,17,5,payment,57.68
104,51,53,debt,248.04
134,111,23,payment,420.6
9,4,5,payment,37.2
91,63,28,debt,277.78
54,28,26,existence,143.28
81,53,28,payment,255.13
109,61,48,payment,310.7
125,62,63,existence,224.6
80,11,69,debt,218.4
21,12,9,debt,67.82
146,66,80,debt,363
90,88,2,payment,296.37
139,90,49,existence,337.45
39,26,13,debt,129.09
7,2,5,payment,32.65
94,88,6,payment,331.99
19,14,5,existence,37.93
70,10,60,debt,188.49
69,18,51,debt,122.28
146,16,130,existence,342.67
124,10,114,debt,323.34
89,83,6,payment,184.47
38,25,13,debt,101.55
105,37,68,debt,286.04
39,4,35,debt,108.88
103,66,37,payment,201.93
50,40,10,payment,143.15
91,57,34,existence,227.24
31,17,14,debt,106.83
143,68,75,payment,413.16
102,18,84,payment,293.07
100,43,57,debt,215.13
7,5,2,payment,32.92
5,3,2,existence,14.32
63,19,44,existence,159.65
102,36,66,existence,169.35
2,1,1,debt,21.35
157,114,43,payment,345.95
74,13,61,payment,115.24
15,14,1,debt,70.99
25,2,23,existence,55.13
60,50,10,debt,162.88
74,71,3,payment,218.29
140,107,33,debt,447.09
152,114,38,existence,280.89
141,140,1,payment,495.81
130,57,73,debt,273.08
75,67,8,payment,184.57
14,9,5,payment,56.4
86,64,22,existence,260.23
39,9,30,payment,69.41
133,7,126,payment,332.13
62,56,6,debt,221.09
88,66,22,debt,280.13
110,90,20,existence,313.39
65,4,61,existence,145.81
121,14,107,debt,273.95
148,27,121,existence,264.68
35,6,29,debt,72.27
148,89,59,payment,381.31
21,10,11,payment,82.18
130,120,10,existence,436.28
62,25,37,payment,150.92
157,113,44,existence,381.9
71,15,56,payment,193.48
130,109,21,existence,434.42
64,50,14,debt,138.19
145,130,15,payment,325.36
147,84,63,existence,257.14
2,2,0,debt,26.62
153,51,102,payment,405.67
31,14,17,payment,93.69
65,51,14,payment,172.99
14,4,10,existence,31.38
93,23,70,existence,171.01
129,64,65,existence,385.28
142,60,82,debt,319.54
97,67,30,existence,268.5
37,13,24,existence,90.7
38,13,25,debt,92.02
67,20,47,debt,165.2
119,99,20,existence,280.87
54,31,23,debt,160.49
43,13,30,debt,83.09
126,13,113,debt,185.39
74,21,53,debt,134.71
131,111,20,payment,374.38
25,4,21,debt,78.26
112,1,111,payment,273.81
26,11,15,payment,92.71
28,23,5,payment,103.98
36,22,14,debt,117.68
10,10,0,existence,30.38
29,1,28,existence,46.92
12,12,0,debt,64.02
91,17,74,existence,155.45
106,9,97,existence,132.61
85,63,22,existence,264.13
76,49,27,existence,166.58
4,2,2,existence,11.76
74,66,8,payment,191.61
20,14,6,debt,64.51
117,64,53,payment,228.46
115,20,95,debt,259.15
40,24,16,existence,104.66
95,89,6,debt,255.86
138,7,131,existence,315.94
135,94,41,existence,328.37
139,103,36,payment,364.91
36,9,27,existence,88.69
92,23,69,payment,175.81
34,15,19,debt,109.44
42,37,5,payment,132.76
157,21,136,payment,231.35
141,79,62,existence,282.27
12,5,7,existence,32.55
96,28,68,debt,268.18
148,142,6,existence,503.1
35,32,3,debt,139.81
143,115,28,payment,391.91
154,73,81,debt,454.17
126,71,55,existence,267.76
143,23,120,debt,245.68
85,84,1,payment,262.73
125,51,74,payment,337.57
23,18,5,payment,85.48
93,53,40,debt,217.41
6,3,3,existence,11.85
25,1,24,debt,66.11
150,69,81,existence,366.67
67,66,1,existence,131.2
101,21,80,payment,230.42
153,33,120,debt,257.74
101,97,4,payment,298.34
148,95,53,payment,405.28
126,92,34,payment,246.69
152,75,77,existence,268.12
149,91,58,payment,441.03
97,17,80,debt,272.63
140,63,77,existence,287.13
141,68,73,payment,286.83
19,3,16,debt,74.34
108,57,51,payment,300.16
108,20,88,debt,167.26
37,21,16,payment,125.63
101,70,31,payment,210.86
114,92,22,debt,351.91
87,57,30,existence,257.57
24,22,2,existence,66.5
22,19,3,payment,90.41
57,23,34,debt,156.36
111,69,42,debt,326.87
15,12,3,debt,63.82
122,83,39,existence,308.72
133,3,130,existence,290.91
114,30,84,payment,201.25
136,66,70,payment,263.39
42,23,19,payment,141.37
113,14,99,payment,271.55
13,12,1,existence,34.6
141,18,123,payment,259.26
23,22,1,debt,72.22
45,19,26,existence,92.74
102,77,25,debt,329.39
100,8,92,debt,232.5
29,7,22,debt,81.02
52,36,16,payment,158.37
64,18,46,existence,171.49
107,5,102,payment,259.93
25,15,10,payment,65.31
11,6,5,debt,55.56
90,36,54,debt,236.35
53,43,10,existence,94.95
109,86,23,debt,320.67
21,21,0,payment,83.88
80,42,38,existence,197.43
153,68,85,payment,284.5
13,3,10,existence,30.9
87,83,4,existence,268.83
6,4,2,debt,26.94
37,10,27,debt,86.27
66,24,42,existence,116.85
5,3,2,debt,21.29
20,10,10,payment,60.97
43,33,10,debt,136.07
64,7,57,existence,107.31
118,39,79,existence,295.6
26,5,21,debt,46.96
119,42,77,debt,329
44,13,31,payment,89.95
2,2,0,existence,5.64
106,50,56,debt,227.29
62,47,15,existence,152.85
38,10,28,existence,78.36
136,109,27,existence,342.65
133,117,16,payment,372.63
112,12,100,payment,248.96
27,5,22,existence,44.19
140,89,51,existence,351.97
37,8,29,existence,65.74
78,69,9,existence,173.71
139,111,28,existence,414.94
119,90,29,payment,391.98
96,14,82,existence,208.88
82,28,54,debt,212.13
80,31,49,payment,214.8
54,41,13,debt,157.06
39,38,1,payment,160
59,6,53,debt,139.01
8,1,7,existence,19.99
27,16,11,payment,98.81
154,69,85,payment,344.52
115,114,1,debt,305.08
12,12,0,debt,67.41
143,71,72,payment,284.28
102,36,66,payment,198.47
154,144,10,debt,423.36
110,73,37,existence,264.61
105,22,83,payment,158.98
51,27,24,payment,165.97
116,116,0,existence,392.26
5,4,1,debt,37.06
123,79,44,payment,276.39
133,73,60,existence,334
157,1,156,existence,358.28
129,121,8,existence,387.55
145,115,30,existence,340.05
84,58,26,existence,193.48
113,49,64,payment,192.75
69,4,65,debt,150.03
6,6,0,existence,15.09
138,84,54,existence,281.79
101,81,20,payment,320.29
8,5,3,existence,23.27
150,3,147,existence,174.97
92,9,83,debt,141.61
84,67,17,debt,210.11
114,82,32,existence,368.7
8,7,1,existence,23.51
52,7,45,existence,133.28
2,1,1,payment,12.58
107,2,105,payment,165.88
95,65,30,debt,211.33
157,29,128,payment,420
94,79,15,payment,322.76
84,55,29,debt,297.49
94,22,72,existence,138.08
66,30,36,existence,129.59
157,147,10,existence,538.9
19,10,9,existence,49.16
2,1,1,payment,10.76
69,3,66,payment,163.57
32,6,26,payment,89.06
56,54,2,existence,188.66
123,99,24,payment,347.88
123,17,106,existence,171.51
109,8,101,payment,285.83
16,4,12,payment,54.42
13,3,10,debt,47.48
60,10,50,existence,140.24
20,18,2,payment,72.61
1,1,0,existence,3.56
54,48,6,debt,138.16
126,45,81,existence,260.04
42,6,36,existence,55.86
67,22,45,debt,192.03
60,31,29,debt,179.12
89,84,5,debt,237.56
143,131,12,existence,367.46
38,30,8,payment,136.15
119,50,69,existence,316.5
84,21,63,payment,178.59
137,44,93,debt,212.72
50,37,13,debt,163.21
94,34,60,debt,248.29
122,83,39,payment,356.51
104,102,2,existence,376.15
101,28,73,existence,206.76
132,51,81,existence,232.07
95,29,66,existence,203.55
61,11,50,payment,141.05
155,124,31,existence,416.1
112,97,15,payment,258.92
113,34,79,existence,238.03
57,41,16,debt,136.76
107,96,11,existence,271.32
42,2,40,debt,119.32
71,50,21,existence,232.62
102,12,90,existence,150.72
12,1,11,existence,19.02
65,6,59,debt,147.27
18,11,7,debt,66.3
70,25,45,payment,132.14
87,10,77,payment,128.13
54,40,14,existence,139.26
35,4,31,existence,47.82
56,17,39,debt,165.47
28,7,21,existence,74.62
4,4,0,payment,19.11
32,4,28,existence,72.51
143,40,103,payment,400.77
36,26,10,payment,107.72
90,13,77,debt,132.29
84,74,10,debt,200.54
44,41,3,payment,139.57
100,52,48,existence,185.03
45,3,42,existence,64.47
138,55,83,payment,394.78
126,35,91,payment,208.3
123,38,85,payment,248.85
36,32,4,payment,115.53
148,112,36,payment,456.86
141,47,94,payment,385.9
1,1,0,payment,9.94
34,7,27,payment,81.54
2,1,1,payment,16.45
44,34,10,payment,129.2
12,2,10,payment,38.05
62,18,44,existence,179.98
82,24,58,debt,171.88
49,47,2,payment,125.07
81,4,77,debt,192.07
32,5,27,existence,63.86
155,43,112,payment,279.62
112,24,88,debt,287.4
38,38,0,existence,134.67
123,80,43,debt,425.44
60,45,15,payment,139.88
49,35,14,payment,139.14
3,1,2,payment,16.09
103,82,21,existence,346.27
64,11,53,payment,106.45
90,61,29,existence,197.05
118,60,58,existence,349.12
115,69,46,existence,321.37
101,90,11,payment,242.19
137,118,19,existence,358.82
137,95,42,debt,357.16
127,18,109,existence,164.95
101,70,31,debt,273.88
27,12,15,payment,66.61
15,7,8,debt,56.51
57,43,14,existence,164.15
43,15,28,debt,146.5
85,8,77,existence,144.53
35,31,4,debt,88.72
140,124,16,existence,323.29
66,35,31,payment,125.1
100,77,23,existence,287.45
146,3,143,existence,242.24
28,7,21,payment,54.06
126,69,57,existence,348.12
77,31,46,existence,206.11
144,57,87,existence,380.44
59,30,29,payment,140.26
6,2,4,payment,25.17
66,32,34,payment,208.49
63,42,21,payment,219.53
4,3,1,existence,11.75
118,103,15,existence,312.35
16,9,7,debt,63.16
77,26,51,existence,192.51
26,3,23,payment,43.75
77,37,40,payment,217.57
101,3,98,payment,225.31
98,76,22,payment,302.63
24,8,16,debt,66.48
17,13,4,existence,42.91
157,21,136,existence,240
56,42,14,existence,143.28
8,1,7,existence,11.04
14,2,12,debt,57.19
77,16,61,payment,206.64
46,23,23,debt,171.7
15,2,13,existence,34.45
143,136,7,existence,448.96
63,40,23,existence,140.49
36,23,13,payment,100.61
58,50,8,existence,196.68
143,62,81,debt,347.11
45,22,23,debt,136.55
6,5,1,existence,15.5
67,29,38,payment,163.36
94,26,68,payment,254.56
31,15,16,payment,101.84
10,5,5,debt,40.12
43,40,3,existence,153.28
110,19,91,payment,167.27
37,33,4,debt,128.06
107,40,67,payment,266.53
70,36,34,debt,222.77
63,19,44,payment,176.66
80,18,62,debt,198.08
24,11,13,payment,67.19
77,69,8,existence,238.1
91,65,26,debt,225.21
73,14,59,existence,100.95
103,81,22,debt,377
112,60,52,debt,226.3
15,8,7,debt,62.21
153,116,37,payment,464.77
96,83,13,debt,367.22
60,44,16,payment,182.21
135,73,62,payment,386.61
55,46,9,payment,171.51
19,12,7,payment,60.08
122,14,108,debt,297.45
30,29,1,payment,95.06
29,3,26,debt,103.36
41,31,10,payment,104.81
10,9,1,existence,29.52
43,3,40,existence,56.17
67,30,37,payment,128.49
56,13,43,payment,125.73
58,41,17,debt,190.1
129,47,82,existence,261.68
69,2,67,debt,179.37
114,29,85,payment,240.71
46,17,29,existence,77.11
32,10,22,debt,99.68
99,51,48,existence,307.7
89,80,9,existence,261.77
30,4,26,debt,70.58
120,38,82,debt,237.69
132,57,75,existence,355.23
5,2,3,existence,14.58
2,1,1,payment,12.27
108,83,25,existence,333.41
129,58,71,existence,376.21
13,11,2,payment,51.45
83,72,11,existence,179.26
8,5,3,existence,20.23
74,21,53,payment,200.97
46,2,44,payment,76.61
54,46,8,payment,172.38
124,108,16,existence,306.15
59,53,6,existence,195.48
93,54,39,existence,192.62
3,3,0,existence,10.06
122,6,116,existence,229.76
156,80,76,existence,340.75
79,16,63,debt,226.96
38,35,3,payment,157.83
42,26,16,debt,136.79
116,60,56,debt,255.09
91,7,84,debt,162.14
39,28,11,payment,109.03
137,109,28,payment,368.84
40,28,12,debt,114.72
98,57,41,payment,271.88
55,5,50,payment,149.51
131,18,113,existence,188.23
118,34,84,debt,291.5
75,68,7,debt,282.57
70,63,7,payment,239.75
140,17,123,existence,234.87
48,4,44,existence,75.02
125,112,13,existence,355.54
100,51,49,existence,161.71
5,3,2,existence,13.1
10,4,6,existence,21.66
16,10,6,existence,49.27
120,106,14,debt,303.65
23,20,3,debt,87.56
14,11,3,payment,50.15
20,2,18,debt,73.14
73,25,48,debt,140.79
52,45,7,payment,165.47
75,50,25,debt,256.79
122,35,87,payment,226.88
124,41,83,existence,188.2
17,1,16,payment,38.67
105,1,104,payment,263.65
33,1,32,existence,64
46,39,7,existence,120.89
60,27,33,existence,114.79
112,18,94,existence,246.61
14,7,7,existence,33.84
101,17,84,existence,163.56
58,26,32,debt,149.8
142,125,17,payment,360.22
124,95,29,debt,276.87
45,39,6,debt,157.95
102,41,61,payment,204.17
68,40,28,payment,237.65
144,72,72,payment,389.68
143,56,87,debt,441.09
137,127,10,payment,512.99
143,23,120,debt,305.73
118,13,105,payment,299.06
78,68,10,existence,160.09
131,30,101,debt,339.87
121,70,51,debt,335.74
27,17,10,existence,64.03
137,51,86,payment,356.76
77,67,10,debt,192.43
8,8,0,debt,32.05
64,63,1,payment,143.25
45,34,11,debt,133.42
8,5,3,debt,28.93
129,67,62,payment,311.06
93,57,36,debt,216.52
8,8,0,payment,33.63
157,67,90,payment,345.18
36,4,32,existence,81.65
84,78,6,existence,212.49
106,95,11,payment,345.66
78,77,1,existence,221.2
39,9,30,payment,96.22
48,36,12,payment,118.72
3,1,2,debt,14.7
142,54,88,existence,335.36
14,13,1,debt,54.17
51,39,12,payment,118.22
141,140,1,payment,374.08
152,93,59,debt,326.64
96,61,35,existence,269.46
75,61,14,payment,207.07
157,6,151,payment,376.66
30,7,23,payment,83.51
62,49,13,existence,150.2
113,73,40,payment,308.57
116,88,28,debt,235.7
105,20,85,payment,160.9
63,31,32,payment,146.36
106,57,49,debt,315.01
85,7,78,payment,171.35
102,65,37,payment,241.56
78,48,30,debt,174.31
42,38,4,existence,137.13
126,84,42,debt,315.05
89,72,17,payment,290.31
59,52,7,payment,209.02
83,20,63,debt,153.5
51,42,9,debt,194.75
114,70,44,existence,337.07
113,79,34,payment,382.84
66,65,1,existence,124.94
33,5,28,existence,71.52
19,8,11,existence,51.29
115,35,80,existence,210.33
17,15,2,existence,37.92
110,82,28,debt,274.02
61,43,18,payment,170.25
90,33,57,payment,150.32
7,3,4,existence,15.4
4,3,1,existence,12.51
142,27,115,payment,245.8
95,4,91,payment,131.16
135,31,104,payment,295.29
114,42,72,existence,237.8
46,19,27,payment,79.8
62,21,41,debt,200.6
39,29,10,existence,126.46
151,7,144,payment,228.27
4,1,3,payment,15.03
40,4,36,existence,71.89
64,64,0,debt,171.56
133,39,94,debt,327.45
97,30,67,existence,203.48
81,33,48,payment,178.1
156,11,145,debt,388.15
37,13,24,payment,98.78
98,59,39,existence,194.16
22,17,5,debt,49.63
15,7,8,debt,44.27
105,11,94,existence,135.86
154,39,115,payment,271.95
104,20,84,payment,174.08
89,65,24,payment,183.66
137,90,47,payment,354.92
134,111,23,payment,387.41
144,139,5,existence,545.17
45,42,3,existence,121.39
41,40,1,debt,126.18
123,100,23,existence,295.93
111,77,34,payment,328.37
46,12,34,existence,106
81,71,10,debt,270.37
127,66,61,payment,312.36
60,42,18,existence,184.93
49,33,16,existence,154.38
90,48,42,existence,198.13
72,2,70,payment,103.73
14,12,2,debt,61.11
28,10,18,existence,43.49
134,13,121,existence,322.45
7,1,6,payment,29.34
30,24,6,existence,72
96,51,45,payment,283.28
30,18,12,payment,95.77
149,16,133,existence,354.83
152,22,130,payment,283.94
99,89,10,existence,183.34
37,25,12,debt,113.05
75,61,14,debt,178.49
150,145,5,debt,445.72
108,56,52,existence,247.07
43,12,31,payment,102.28
99,98,1,existence,268.99
17,16,1,debt,63.31
3,3,0,debt,22.6
54,21,33,debt,146.45
122,81,41,payment,424.44
146,90,56,payment,499.56
88,21,67,existence,200.53
16,11,5,payment,51.08
21,14,7,existence,63.7
60,18,42,payment,153.42
112,64,48,existence,260.91
151,112,39,payment,410.34
16,9,7,debt,56.95
3,3,0,debt,33.47
16,8,8,payment,54
102,33,69,payment,303.35
38,22,16,payment,107.03
57,40,17,existence,156.63
106,35,71,existence,161.21
128,128,0,debt,389.12
43,18,25,payment,112.43
74,54,20,payment,221.57
34,34,0,debt,130.03
84,74,10,debt,313.94
88,85,3,payment,265.17
109,11,98,debt,154.33
25,8,17,existence,56.28
71,1,70,debt,109.86
123,119,4,payment,405.23
67,32,35,debt,206.18
47,19,28,debt,166.4
47,20,27,existence,92.58
78,54,24,debt,242.79
87,20,67,payment,141.31
124,21,103,payment,259.84
97,61,36,debt,246.86
122,113,9,existence,249.88
31,5,26,existence,49.56
136,103,33,existence,419.53
106,27,79,payment,274.28
69,61,8,payment,191.22
1,1,0,payment,20.57
42,22,20,debt,87.74
32,30,2,payment,109.53
135,24,111,debt,311.2
34,2,32,existence,59.14
33,3,30,payment,58.38
53,52,1,existence,192.76
117,3,114,payment,198.27
100,31,69,existence,270.55
114,33,81,existence,318.25
37,35,2,payment,108.4
155,94,61,payment,350.76
69,3,66,debt,139.59
57,54,3,debt,227.83
137,86,51,existence,357.57
25,21,4,debt,97.82
28,8,20,payment,66.24
61,21,40,existence,171.67
138,89,49,existence,413.33
37,24,13,payment,120.27
82,34,48,debt,249.06
70,65,5,existence,194.2
149,105,44,payment,334.79
26,7,19,existence,47.92
108,77,31,debt,357.87
60,51,9,debt,170.89
130,60,70,payment,268.93
51,51,0,payment,136.76
42,7,35,debt,120.48
143,87,56,existence,272.07
84,83,1,payment,286.43
109,43,66,debt,282.27
26,10,16,debt,67.15
34,30,4,existence,98.11
88,60,28,existence,229.8
8,5,3,payment,30.2
33,4,29,existence,66.87
75,51,24,debt,188.41
50,18,32,existence,136.22
24,14,10,existence,53.38
92,83,9,existence,291.19
157,134,23,payment,386.12
126,7,119,debt,315.41
99,35,64,debt,263.79
97,32,65,existence,187.42
70,24,46,payment,121.31
19,4,15,payment,54.77
61,17,44,existence,92.72
5,5,0,payment,24.51
50,1,49,debt,136.46
119,60,59,payment,219.22
30,16,14,debt,88.11
82,75,7,existence,289.27
21,13,8,payment,49.37
15,10,5,existence,45.8
48,29,19,existence,133.03
115,47,68,existence,200.35
152,93,59,debt,350.31
147,135,12,payment,489.82
75,14,61,existence,112.73
115,75,40,debt,287.96
113,69,44,debt,368.46
24,1,23,payment,63.1
8,1,7,payment,28.76
152,19,133,payment,231.33
150,109,41,existence,408.22
116,51,65,existence,222.11
41,19,22,payment,117.61
57,34,23,payment,166.27
9,3,6,existence,13.21
27,1,26,debt,48.21
111,5,106,payment,260.73
56,43,13,debt,125.41
145,51,94,existence,297.62
45,41,4,debt,148.14
42,6,36,existence,112.57
42,26,16,payment,148.34
117,102,15,debt,394.82
93,76,17,payment,253.53
6,6,0,payment,33.35
127,4,123,payment,298.26
123,44,79,existence,250.05
146,21,125,debt,262.26
132,35,97,debt,298.96
105,52,53,payment,256.37
57,57,0,debt,200.47
151,146,5,existence,395.4
109,55,54,debt,235.34
33,6,27,payment,62.82
63,56,7,existence,148.02
24,3,21,existence,42.3
101,5,96,existence,175.26
17,17,0,payment,60.88
23,5,18,debt,83.22
100,14,86,existence,169.62
57,14,43,existence,105.45
4,2,2,existence,8.8
151,127,24,existence,401.55
23,16,7,existence,65.87
43,31,12,payment,133.13
83,7,76,debt,147.95
94,57,37,existence,259.75
7,3,4,debt,31.54
106,24,82,debt,227.66
157,124,33,payment,400.41
102,21,81,debt,222.42
39,11,28,payment,118.55
30,22,8,existence,85.58
72,66,6,existence,197.43
35,5,30,existence,61.31
117,46,71,existence,288.61
7,3,4,payment,21.09
56,40,16,existence,115.61
141,44,97,payment,245.01
35,17,18,existence,95.06
78,48,30,payment,210.35
31,2,29,payment,54.88
88,17,71,existence,151.92
10,4,6,existence,26.5
103,8,95,debt,168.43
36,8,28,existence,60.65
122,81,41,existence,374.76
151,151,0,debt,410.9
139,10,129,payment,352.64
50,21,29,existence,133.78
32,17,15,payment,85.3
121,35,86,existence,253.05
139,79,60,debt,260.97
69,9,60,payment,120.41
26,19,7,payment,81.09
118,78,40,payment,272.88
133,90,43,existence,351.29
82,12,70,debt,200.66
113,111,2,existence,399.57
102,75,27,existence,342.46
55,44,11,debt,144.43
72,15,57,debt,190.81
71,21,50,existence,192.48
60,51,9,existence,176.74
13,12,1,payment,38.98
47,8,39,payment,72.33
110,103,7,payment,361.23
58,57,1,debt,172.7
54,21,33,payment,156.5
64,31,33,existence,146.19
129,100,29,existence,446.45
12,4,8,payment,40.84
9,5,4,existence,23.54
79,18,61,debt,219.4
53,51,2,debt,140.14
68,48,20,debt,193.85
149,1,148,debt,320
53,1,52,debt,124.79
152,151,1,payment,509.66
61,41,20,existence,174.05
14,11,3,payment,55.6
145,25,120,payment,266.05
88,75,13,existence,313.95
132,88,44,debt,266.42
89,35,54,existence,171.2
141,70,71,debt,389.43
82,31,51,payment,251.73
98,31,67,payment,193.57
123,82,41,existence,277.06
125,15,110,debt,219.93
156,38,118,payment,354.05
100,17,83,payment,152.97
115,35,80,debt,278.63
30,30,0,debt,103.14
125,86,39,existence,361.19
51,15,36,payment,141.95
142,112,30,payment,419.58
6,1,5,payment,22.38
149,22,127,existence,242.32
80,45,35,debt,207.96
23,16,7,debt,81.9
154,44,110,debt,370.49
89,38,51,payment,212.27
40,22,18,existence,93.07
42,22,20,debt,136.91
99,63,36,existence,308.46
92,61,31,debt,205.89
5,3,2,payment,25.25
126,22,104,payment,340.53
63,44,19,debt,209.46
13,6,7,debt,61.33
119,77,42,debt,353.52
111,64,47,payment,270.19
88,66,22,payment,210.39
43,19,24,payment,106.81
81,19,62,payment,202.78
143,91,52,existence,267.86
57,38,19,payment,144.36
156,123,33,debt,522.11
19,12,7,payment,56.64
85,6,79,debt,132.38
150,144,6,debt,332.71
123,42,81,debt,379.61
26,5,21,debt,51.98
139,85,54,debt,303.44
111,108,3,existence,319.73
18,4,14,debt,54.74
60,25,35,existence,114.92
132,61,71,payment,227.25
94,27,67,payment,232.93
8,1,7,existence,16.32
136,97,39,payment,361.02
53,42,11,payment,126.12
124,105,19,existence,274.47
56,32,24,debt,186.91
103,92,11,existence,290.38
57,49,8,debt,198.06
104,77,27,debt,341.04
83,70,13,payment,228.55
55,52,3,existence,171.61
74,16,58,debt,129.38
51,50,1,payment,202.82
111,108,3,existence,362.56
90,82,8,debt,265.2
40,1,39,payment,84.36
22,20,2,payment,69.27
35,5,30,existence,44.25
58,7,51,payment,147.66
73,70,3,debt,253.37
74,49,25,debt,160.11
142,2,140,payment,259.35
67,37,30,existence,152.36
32,20,12,debt,116.48
129,36,93,payment,371.03
137,1,136,existence,204.14
31,4,27,existence,78.1
31,12,19,existence,89.08
62,19,43,payment,141.25
24,23,1,existence,56.73
122,107,15,payment,423.64
151,59,92,existence,389.43
154,91,63,existence,435.39
137,5,132,payment,306.42
16,9,7,payment,63.75
36,18,18,debt,103.85
147,66,81,payment,352.04
55,8,47,payment,150.98
148,51,97,payment,330.63
130,50,80,existence,364.7
13,13,0,existence,27.47
67,45,22,debt,201.9
141,67,74,existence,269.8
149,145,4,debt,491.69
144,7,137,debt,256.51
155,134,21,debt,439.53
123,103,20,payment,361.8
14,8,6,debt,45.25
76,35,41,payment,173.34
5,5,0,debt,30.32
116,66,50,payment,274.62
86,45,41,debt,286.88
49,26,23,existence,105.32
86,14,72,payment,134.79
19,14,5,payment,69.96
88,29,59,existence,197.34
148,145,3,debt,442.44
122,51,71,debt,249.62
10,5,5,existence,18.66
137,38,99,payment,318.43
113,54,59,existence,295.16
72,7,65,existence,115.24
55,52,3,payment,142.61
36,18,18,existence,88.63
5,3,2,payment,26.83
126,117,9,existence,245.47
37,4,33,existence,85.72
101,53,48,payment,223.22
71,30,41,existence,152.68
21,14,7,payment,67.49
40,5,35,existence,52.66
44,23,21,debt,106.88
53,26,27,payment,155.02
96,17,79,existence,154.47
95,77,18,payment,237.32
95,45,50,payment,283.37
40,36,4,debt,154.07
10,8,2,existence,28.6
132,63,69,payment,372.52
131,97,34,debt,412.02
20,16,4,payment,77.36
73,28,45,payment,164.47
148,33,115,payment,269.78
155,38,117,debt,262.37
87,73,14,payment,251.16
29,15,14,debt,99.86
42,5,37,payment,116.38
132,106,26,payment,415.33
21,10,11,payment,54.84
157,48,109,existence,443.66
65,34,31,existence,147.88
61,18,43,debt,175.17
145,50,95,debt,270.68
5,1,4,existence,10.88
10,5,5,existence,24.31
125,22,103,existence,278.6
73,64,9,existence,259.53
132,97,35,existence,317.89
156,40,116,debt,397.62
125,56,69,existence,338.36
88,30,58,existence,204.76
48,43,5,existence,169.32
97,95,2,payment,276.33
96,73,23,payment,302.53
81,1,80,payment,172.53
153,114,39,debt,374.66
43,5,38,existence,109.67
47,28,19,debt,144.69
112,36,76,existence,197.99
77,71,6,payment,227.19
77,58,19,debt,185.99
144,3,141,payment,307.54
17,4,13,payment,47.32
65,4,61,existence,146.88
9,8,1,existence,31.53
95,76,19,debt,333.77
118,116,2,payment,355.3
52,46,6,payment,187.05
65,21,44,existence,134.24
123,32,91,debt,198.9
67,63,4,payment,172.59
48,40,8,existence,149.59
23,4,19,debt,72.72
143,53,90,existence,360.01
20,2,18,payment,52.95
153,118,35,existence,307.2
117,22,95,existence,162.78
5,1,4,payment,26.33
113,85,28,payment,270.22
112,45,67,existence,181.47
16,15,1,debt,43.85
58,50,8,payment,211.88
56,55,1,debt,122.92
150,15,135,payment,283.82
92,62,30,debt,251.49
146,47,99,existence,361.52
28,9,19,debt,66.9
13,9,4,payment,39.07
102,1,101,payment,229.4
151,103,48,debt,451.07
155,71,84,payment,332.17
119,73,46,payment,299.32
105,10,95,debt,247.23
73,26,47,debt,150.13
21,15,6,existence,36.73
8,3,5,payment,28.41
5,2,3,payment,20.81
74,42,32,payment,156.72
55,10,45,payment,103.72
11,2,9,payment,36.67
66,30,36,existence,149.93
133,34,99,debt,388.99
3,2,1,existence,5.85
134,111,23,payment,450.3
73,38,35,existence,164.26
147,52,95,existence,423.12
140,25,115,existence,354.69
16,3,13,existence,24.57
9,2,7,payment,37.07
59,43,16,payment,162.01
2,1,1,payment,16.31
156,90,66,debt,375.07
67,56,11,payment,175.78
54,52,2,debt,205.88
46,37,9,debt,140.41
106,44,62,payment,172.78
120,115,5,existence,304.55
8,8,0,payment,34.69
138,118,20,payment,362.92
28,19,9,debt,111.54
141,5,136,payment,297.93
67,6,61,existence,169.61
75,72,3,payment,164.7
33,19,14,payment,90.86
85,55,30,payment,293.91
6,3,3,payment,29.65
11,3,8,payment,38.48
15,15,0,existence,35.47
101,81,20,payment,310.98
124,37,87,existence,355.74
47,46,1,payment,133.74
97,80,17,debt,290
135,67,68,debt,324.76
125,95,30,debt,306.02
23,17,6,existence,50.58
53,28,25,debt,141.36
96,48,48,debt,212.33
5,1,4,payment,23.29
82,42,40,payment,238.6
47,12,35,debt,100.55
29,1,28,payment,73.44
39,21,18,existence,83.54
134,47,87,debt,286.19
31,18,13,debt,61.34
108,40,68,debt,203.45
149,93,56,debt,341.42
124,49,75,debt,216.14
17,15,2,debt,63.51
103,19,84,payment,193.92
145,114,31,payment,375.57
118,113,5,debt,290.34
87,60,27,existence,254.93
82,72,10,existence,213.44
153,36,117,payment,375.01
31,13,18,debt,81.57
145,47,98,payment,257.9
23,3,20,payment,40.12
126,85,41,debt,256.62
12,10,2,debt,50.04
103,82,21,payment,269.04
143,65,78,debt,309.96
85,53,32,debt,201.27
134,119,15,existence,307.82
62,43,19,existence,209.67
48,14,34,payment,102.67
36,15,21,existence,91.14
40,15,25,debt,111.3
66,29,37,debt,134.54
156,102,54,existence,462.85
76,50,26,existence,225.65
74,18,56,existence,111.74
116,33,83,existence,313.21
133,111,22,payment,349.75
17,15,2,payment,58.97
87,9,78,existence,182.51
96,41,55,existence,238.23
96,39,57,payment,245.93
71,40,31,payment,237.19
144,130,14,existence,349.66
58,32,26,existence,142.95
66,38,28,debt,152.34
120,101,19,debt,388.94
3,3,0,payment,21.28
84,78,6,existence,246.89
138,68,70,payment,369.1
86,16,70,debt,138.67
128,27,101,existence,292.97
89,24,65,debt,197.05
52,3,49,existence,116.58
126,16,110,existence,248.34
49,9,40,existence,112.11
129,8,121,debt,231.54
87,76,11,debt,301.27
150,144,6,payment,412.72
29,2,27,existence,43.58
103,65,38,debt,327.52
114,103,11,existence,324.31
86,3,83,existence,154.74
96,91,5,payment,268.6
37,2,35,payment,89.41
34,32,2,payment,109.83
48,2,46,debt,117.14
57,6,51,existence,105.93
97,95,2,existence,189.82
106,18,88,debt,239.78
92,5,87,payment,219.93
137,64,73,debt,303.48
74,2,72,payment,102.31
104,54,50,payment,244.13
57,30,27,payment,136.26
53,43,10,debt,165.18
100,37,63,payment,213.45
25,24,1,debt,88.95
85,1,84,debt,135.98
144,110,34,payment,299.4
101,81,20,debt,234.47
96,93,3,debt,335.94
85,17,68,payment,142.58
37,23,14,existence,74.05
80,41,39,payment,265.2
145,55,90,debt,366.43
50,23,27,payment,113.9
62,19,43,debt,178.41
107,101,6,payment,380.39
40,12,28,existence,82.63
100,79,21,debt,315.55
112,61,51,existence,254.08
29,21,8,debt,94.68
135,46,89,debt,270.28
133,54,79,payment,369.52
24,18,6,debt,71.15
97,8,89,existence,130.5
60,49,11,existence,159.57
24,1,23,existence,41.54
108,70,38,payment,346.3
156,10,146,payment,275.17
79,60,19,payment,207.98
132,8,124,payment,223.28
14,14,0,debt,52.94
41,8,33,debt,97.3
53,12,41,existence,80.85
132,123,9,debt,441.91
59,9,50,payment,98.6
14,4,10,payment,39.91
16,7,9,debt,65.28
11,6,5,payment,43.67
119,23,96,existence,255.9
142,27,115,payment,345.44
5,4,1,existence,15.77
14,3,11,existence,25.28
104,103,1,debt,334.98
85,6,79,payment,162.34
51,37,14,debt,166.69
20,11,9,debt,45.98
121,119,2,existence,448.26
108,29,79,debt,291.92
74,18,56,existence,177.23
104,100,4,payment,339.84
153,132,21,payment,385.37
14,5,9,payment,42.28
20,6,14,existence,35.68
134,60,74,payment,372.78
54,21,33,existence,143.69
30,19,11,payment,72.64
49,43,6,debt,139.44
99,41,58,debt,282.59
25,20,5,payment,82.4
72,4,68,debt,207.39
145,99,46,debt,350.94
58,52,6,debt,233.17
97,87,10,debt,329.69
55,14,41,payment,143.21
125,45,80,existence,328.59
55,5,50,payment,153.19
72,16,56,payment,126.4
16,3,13,debt,37.59
72,64,8,debt,200.17
151,11,140,debt,369.4
80,6,74,debt,158.6
148,35,113,existence,285.43
92,20,72,existence,162.93
6,4,2,payment,29.36
26,18,8,debt,82.74
123,74,49,payment,271.87
13,11,2,payment,59.42
42,2,40,payment,85.29
2,1,1,existence,4.66
24,2,22,debt,68.18
47,9,38,debt,123.69
2,1,1,existence,4.58
33,21,12,existence,105.36
129,70,59,payment,278.99
100,90,10,existence,346.6
82,39,43,payment,188.6
119,82,37,existence,280.7
131,21,110,existence,286.64
67,12,55,existence,183.44
35,22,13,debt,104.77
79,15,64,existence,211.59
144,26,118,debt,374.24
34,7,27,debt,84.56
121,92,29,existence,325.59
94,57,37,debt,218.52
142,7,135,debt,248.39
78,27,51,payment,178.89
92,73,19,debt,271.18
130,118,12,existence,355.61
34,2,32,payment,72.12
72,56,16,payment,242.92
106,34,72,debt,237.34
102,92,10,payment,318.3
13,8,5,existence,30.81
85,74,11,payment,192.91
84,53,31,existence,223.65
93,81,12,existence,212.19
48,35,13,debt,175.63
99,15,84,existence,149.85
157,152,5,existence,476.82
110,41,69,existence,289.49
17,15,2,existence,39.4
12,4,8,payment,41.54
65,43,22,existence,178.05
5,5,0,debt,35.05
139,104,35,existence,355.49
157,85,72,payment,320.05
19,14,5,payment,63.55
47,23,24,payment,119.06
49,28,21,debt,113.79
132,96,36,existence,328.59
108,51,57,debt,307.38
136,10,126,debt,302.09
107,15,92,debt,214.65
61,3,58,debt,173.69
106,31,75,payment,178.44
123,116,7,payment,291.77
142,112,30,existence,462.61
118,113,5,existence,267.77
41,38,3,payment,144.46
51,46,5,existence,122.88
7,4,3,payment,24.31
1,1,0,payment,9.67
129,122,7,existence,278.06
124,9,115,payment,294.64
32,19,13,payment,97.54
133,100,33,existence,288.13
3,1,2,existence,5.81
34,29,5,payment,84.65
86,54,32,debt,281.85
32,31,1,existence,83.17
39,6,33,debt,67.6
96,31,65,existence,139.56
138,115,23,debt,274.25
117,93,24,payment,396.16
30,25,5,payment,122.19
78,42,36,existence,193.78
90,70,20,payment,206.78
47,29,18,payment,155.9
117,105,12,debt,325.45
108,41,67,existence,240.67
149,56,93,payment,405.43
55,20,35,debt,138.86
17,13,4,debt,69.15
144,86,58,debt,401.47
79,29,50,existence,171.24
139,137,2,debt,455.41
83,20,63,payment,141.28
39,8,31,existence,67.64
119,34,85,debt,221.77
45,25,20,existence,87.81
116,52,64,payment,315.39
18,13,5,existence,52.13
103,82,21,debt,243.07
157,92,65,debt,355.58
157,34,123,debt,339.28
119,118,1,existence,419.75
52,15,37,existence,137.73
142,65,77,debt,325.42
17,5,12,existence,33.93
70,5,65,payment,163.65
88,1,87,payment,123.38
66,44,22,debt,195.81
15,15,0,debt,50.33
88,64,24,debt,233.5
127,84,43,debt,320.59
67,60,7,existence,213.73
122,13,109,existence,178.62
136,73,63,payment,276.13
156,34,122,existence,426.2
23,4,19,existence,55.38
50,8,42,existence,99.08
96,61,35,payment,221.93
68,9,59,existence,113.22
13,4,9,existence,22.47
15,3,12,payment,45.26
64,1,63,debt,111.96
98,60,38,payment,215.12
84,13,71,debt,230.91
153,59,94,payment,332.66
13,7,6,payment,41.37
88,80,8,existence,219.49
25,3,22,payment,69.23
135,50,85,payment,352.42
48,19,29,payment,117.91
140,85,55,debt,421.46
108,30,78,payment,253.3
140,96,44,debt,353.32
4,1,3,payment,23.59
9,6,3,debt,42.11
16,10,6,payment,37.18
92,77,15,debt,221.57
20,2,18,payment,61.54
95,21,74,debt,169.22
153,95,58,existence,451.37
105,95,10,debt,344.63
4,4,0,existence,14.38
121,102,19,existence,382.74
107,39,68,debt,319.61
136,92,44,payment,441.79
110,87,23,payment,242.99
59,5,54,existence,111.11
61,52,9,existence,176.51
57,41,16,existence,173.1
70,14,56,debt,136.43
32,28,4,debt,125.28
125,64,61,payment,236.45
117,3,114,payment,259.84
133,118,15,payment,445.57
27,16,11,payment,74.81
58,54,4,payment,194.14
89,18,71,payment,248.76
39,3,36,existence,74.26
39,23,16,existence,123.68
88,73,15,existence,187.07
89,35,54,existence,260.81
133,108,25,payment,427.83
22,18,4,debt,87.35
14,3,11,payment,32.29
83,24,59,payment,213.15
148,40,108,debt,270.82
70,51,19,payment,157.33
116,18,98,debt,182.77
22,19,3,payment,64
1,1,0,payment,14.89
24,6,18,debt,74.62
44,44,0,existence,104.17
7,1,6,debt,29.11
87,8,79,debt,124.19
68,5,63,existence,126.31
72,24,48,existence,191.72
55,20,35,debt,102.12
14,7,7,debt,34.14
129,42,87,existence,325.94
19,3,16,debt,73.13
128,24,104,debt,319.53
151,3,148,payment,290.29
145,128,17,payment,405.84
115,77,38,debt,316.35
16,7,9,payment,62.61
154,133,21,debt,482.96
97,66,31,existence,319.49
42,10,32,payment,86.64
45,45,0,existence,123.01
120,74,46,existence,296.97
81,38,43,existence,153.36
102,86,16,payment,369.89
76,61,15,existence,251.25
92,30,62,debt,279.76
151,112,39,debt,389.29
139,24,115,payment,257.79
126,41,85,debt,219.04
147,62,85,existence,294.83
30,29,1,debt,86
144,128,16,debt,445.27
15,10,5,payment,54.71
145,105,40,payment,392.53
140,60,80,debt,414.85
121,4,117,debt,243.59
104,47,57,payment,223.46
112,48,64,existence,178.89
24,8,16,payment,74.78
77,25,52,payment,209.25
51,3,48,payment,89.71
112,96,16,payment,369.24
155,45,110,payment,395.72
64,47,17,existence,142.51
49,12,37,existence,92.8
137,123,14,debt,463.75
55,37,18,debt,174.93
92,30,62,debt,236.58
148,31,117,existence,303.56
43,4,39,debt,99.14
44,42,2,debt,121.92
98,78,20,payment,303.15
147,66,81,debt,287.39
80,41,39,existence,208.91
81,28,53,payment,229.34
141,15,126,existence,252.78
101,5,96,debt,244.01
48,32,16,debt,99.2
72,56,16,debt,189.45
78,17,61,existence,185.45
105,70,35,debt,357.73
123,114,9,payment,446.92
80,29,51,existence,218.73
48,29,19,existence,139.2
119,70,49,debt,395.25
65,28,37,debt,207.6
149,61,88,payment,345.23
15,3,12,debt,40.16
24,1,23,payment,61.5
66,39,27,debt,211.62
67,28,39,existence,124.42
61,22,39,debt,142.26
52,1,51,payment,97.78
25,13,12,payment,85.43
143,38,105,debt,238.13
20,19,1,payment,65.76
8,6,2,existence,26.78
87,30,57,debt,237.1
106,62,44,debt,323.77
59,19,40,debt,183.74
110,49,61,payment,328.48
14,6,8,payment,48.02
2,2,0,debt,32.52
42,4,38,debt,118.55
68,4,64,payment,183.21
24,7,17,existence,40.77
3,3,0,existence,9.72
4,2,2,debt,16.91
143,69,74,existence,401.06
107,32,75,existence,184.25
63,39,24,debt,175.39
84,33,51,existence,215.35
152,104,48,payment,425.86
129,117,12,debt,346.77
31,18,13,existence,60.47
100,84,16,existence,327.72
39,1,38,payment,86.83
26,7,19,debt,47.3
4,4,0,payment,30.28
147,118,29,debt,391.34
121,29,92,debt,291.05
44,22,22,existence,103.88
156,67,89,payment,462.6
71,22,49,debt,128.51
125,93,32,payment,371.49
145,63,82,payment,385.54
105,10,95,debt,153.93
114,87,27,existence,236.1
112,35,77,existence,164.07
103,77,26,debt,297.87
89,1,88,payment,234
35,6,29,payment,103.73
53,11,42,payment,98.56
154,138,16,existence,519.29
143,76,67,debt,291.57
88,47,41,existence,176.95
81,63,18,debt,168.62
108,93,15,payment,256.86
9,6,3,existence,28.8
22,1,21,existence,48.96
143,40,103,existence,387.79
54,51,3,debt,188.37
101,88,13,existence,325.85
115,70,45,payment,375.48
29,12,17,debt,104.06
46,2,44,payment,81.66
107,74,33,debt,300.55
75,24,51,payment,141.38
6,3,3,debt,37.36
117,54,63,debt,386.08
74,69,5,debt,240.61
55,29,26,debt,141.37
116,87,29,payment,279.94
153,73,80,payment,473.79
130,17,113,payment,343.73
113,54,59,payment,213.28
116,40,76,debt,311.34
13,10,3,debt,60.32
91,48,43,debt,267.18
72,17,55,debt,167.62
85,33,52,existence,178.77
61,12,49,existence,110.78
75,66,9,payment,241.7
93,3,90,existence,164.57
20,9,11,debt,71.61
60,36,24,debt,131.09
150,139,11,existence,422.73
61,45,16,debt,134.62
44,9,35,existence,70.27
13,9,4,payment,40.3
32,27,5,existence,100.93
118,113,5,existence,378.36
18,7,11,payment,60.71
151,82,69,debt,299.93
65,54,11,debt,216.4
114,30,84,existence,295.19
137,42,95,payment,359.16
128,88,40,existence,393.75
118,86,32,existence,332.1
117,64,53,debt,270.47
56,46,10,existence,172.81
107,56,51,existence,199.03
137,28,109,existence,192.7
142,140,2,payment,504.04
135,111,24,existence,434.68
138,97,41,existence,392.19
70,24,46,payment,182.7
128,50,78,payment,349.79
83,70,13,debt,233.91
6,4,2,payment,31.72
50,5,45,debt,114.57
113,2,111,existence,174.94
154,91,63,payment,380.73
45,45,0,payment,130.19
65,55,10,debt,183.11
100,68,32,debt,211.37
3,2,1,existence,6.72
155,10,145,debt,225.03
126,95,31,existence,332.98
36,24,12,debt,107.97
83,68,15,payment,311.44
142,57,85,payment,290.21
124,75,49,debt,280.02
100,5,95,payment,233.7
21,15,6,debt,78.62
41,34,7,debt,86.64
16,9,7,payment,40.69
123,112,11,payment,428.93
89,59,30,debt,318.7
147,50,97,payment,429.7
140,63,77,payment,266.66
12,11,1,payment,49.34
31,14,17,existence,92.9
70,68,2,debt,159.79
118,48,70,debt,302.92
43,4,39,existence,86.25
48,21,27,existence,88.64
41,13,28,payment,78.47
3,1,2,payment,12.83
10,6,4,payment,39.45
118,39,79,payment,253.42
25,3,22,existence,41.01
156,79,77,existence,417.62
70,59,11,debt,231.62
135,100,35,debt,316.9
71,1,70,debt,139.32
111,82,29,debt,315.73
119,93,26,payment,404.32
156,105,51,debt,497.76
67,67,0,payment,184.07
30,27,3,payment,88.36
149,62,87,debt,284.09
126,71,55,payment,408.9
138,52,86,existence,226.74
152,94,58,debt,438.9
8,7,1,payment,38.26
152,58,94,payment,449.16
75,6,69,payment,165.65
88,87,1,debt,238.94
69,53,16,existence,155.74
153,131,22,debt,427.53
114,47,67,existence,274.26
115,63,52,existence,295.56
85,11,74,existence,224.14
27,16,11,existence,47.1
103,65,38,payment,309.74
52,26,26,existence,151.97
152,21,131,existence,295.62
29,27,2,payment,90.05
93,1,92,debt,207.45
81,35,46,payment,175.77
103,58,45,debt,339.55
57,9,48,existence,125.07
50,45,5,debt,189.01
123,83,40,payment,370.98
114,15,99,payment,177.88
73,62,11,existence,213.89
105,84,21,payment,366.55
145,75,70,existence,350.83
31,11,20,existence,55.08
140,117,23,payment,455.33
19,16,3,debt,89.06
154,50,104,existence,287.22
55,52,3,debt,212.43
95,12,83,existence,157.47
116,44,72,payment,335.01
138,10,128,debt,246.62
72,28,44,payment,184.04
108,55,53,existence,191.9
89,34,55,existence,237.33
6,1,5,payment,24.37
30,2,28,debt,65.88
45,10,35,existence,65.22
122,41,81,existence,222.69
122,38,84,existence,223.22
53,48,5,payment,140.01
54,44,10,debt,219.08
27,22,5,existence,59.98
47,14,33,existence,86.8
150,77,73,existence,372.97
20,12,8,debt,89.36
145,18,127,existence,259.05
115,47,68,existence,331.62
81,2,79,existence,102.32
112,64,48,payment,371.44
115,27,88,existence,194.13
106,4,102,existence,224.56
136,41,95,payment,384.65
71,59,12,debt,231.98
92,61,31,payment,218.61
31,22,9,payment,109.4
48,15,33,existence,77.73
31,25,6,payment,81.98
99,12,87,debt,246.57
137,113,24,payment,290.03
85,51,34,existence,205.02
94,55,39,debt,253.93
40,5,35,payment,85.45
12,6,6,payment,37.16
88,2,86,payment,162.32
115,99,16,debt,369.59
114,36,78,payment,193.18
108,73,35,debt,231.83
100,14,86,debt,274.88
26,3,23,payment,76.92
69,62,7,payment,189.16
89,8,81,payment,243.28
2,1,1,debt,33.89
100,91,9,payment,343.98
41,10,31,payment,71.82
132,48,84,payment,205.96
74,60,14,payment,151.99
137,2,135,existence,253.83
47,25,22,existence,126.81
121,13,108,debt,305.63
117,59,58,existence,231.58
86,33,53,debt,213.05
39,26,13,payment,112.52
151,67,84,payment,298.26
120,87,33,existence,234.07
86,65,21,debt,238.04
104,87,17,debt,240.45
26,26,0,debt,89.76
64,31,33,payment,134.65
37,7,30,existence,60.65
83,15,68,debt,136.75
148,114,34,debt,463.85
37,32,5,existence,106.81
42,6,36,existence,93.69
117,56,61,existence,202.99
4,2,2,debt,17.51
79,1,78,debt,208.79
31,23,8,debt,124.04
147,80,67,payment,302.65
155,97,58,payment,388.9
76,17,59,existence,180.3
22,13,9,existence,65.89
19,5,14,payment,54.52
29,12,17,debt,88.49
59,45,14,payment,156.51
62,2,60,debt,135.12
33,12,21,debt,95.92
133,46,87,existence,335.71
134,81,53,debt,453.06
26,14,12,debt,64.33
59,30,29,payment,167.25
20,10,10,existence,34.8
13,10,3,debt,35.92
25,19,6,payment,69.06
142,23,119,payment,263.88
129,80,49,payment,423.68
110,60,50,existence,242.1
139,125,14,existence,349.3
155,55,100,existence,323.92
70,12,58,existence,116.36
149,137,12,payment,564.13
36,10,26,payment,74.25
92,16,76,debt,242.96
83,76,7,debt,234.02
104,41,63,payment,191.35
155,93,62,existence,421.59
4,1,3,debt,29.02
97,87,10,payment,277.15
39,18,21,debt,136.4
38,16,22,payment,75.67
99,17,82,payment,207.7
7,7,0,debt,32.79
88,55,33,debt,239.67
134,107,27,debt,416.03
66,40,26,debt,227.14
126,22,104,payment,306.55
96,28,68,payment,192.81
112,26,86,payment,302.18
78,17,61,existence,156.03
155,19,136,payment,289.68
9,3,6,existence,23.33
47,18,29,existence,102.53
40,32,8,existence,94.19
132,110,22,payment,290.2
75,44,31,payment,197.6
30,16,14,debt,88.73
114,44,70,debt,198.96
42,19,23,payment,122.63
148,38,110,existence,281.5
4,1,3,payment,23.98
70,20,50,existence,135.03
125,94,31,payment,373.2
63,30,33,existence,160.95
114,100,14,payment,312.38
106,57,49,debt,258.29
128,29,99,existence,320.62
49,17,32,debt,126.19
117,4,113,existence,206.99
126,53,73,payment,369.82
72,30,42,existence,186.09
127,64,63,debt,242.54
135,33,102,debt,295.68
8,8,0,existence,21.05
39,2,37,payment,109.38
95,95,0,debt,281.19
26,15,11,payment,59.91
96,93,3,debt,299.15
31,25,6,payment,82.24
9,7,2,debt,51.14
55,22,33,existence,115.12
83,5,78,payment,206.14
89,48,41,existence,271.38
100,59,41,debt,237.37
144,33,111,debt,403.26
109,17,92,existence,190.54
59,13,46,debt,153.97
137,106,31,debt,436.92
74,51,23,debt,171.76
5,5,0,debt,25.52
93,90,3,existence,301.65
69,16,53,existence,157.56
87,14,73,debt,172.97
25,17,8,debt,84.78
131,131,0,existence,370.21
109,36,73,debt,195.72
118,41,77,debt,220.82
15,9,6,debt,60.64
100,20,80,payment,252.61
105,24,81,payment,182.62
153,18,135,debt,220.08
106,47,59,debt,250.96
21,20,1,debt,90.88
74,23,51,payment,213.07
73,73,0,existence,241.13
20,3,17,existence,32.23
74,55,19,debt,187.91
106,46,60,debt,315.14
90,83,7,payment,193.08
92,13,79,existence,227.98
105,44,61,existence,217.14
60,30,30,payment,168.66
124,21,103,debt,219.08
69,32,37,debt,197.13
52,39,13,debt,166.65
63,54,9,debt,171.18
13,1,12,payment,39.97
144,75,69,payment,412.05
121,39,82,debt,238.85
45,26,19,payment,149.22
120,11,109,existence,242.28
137,23,114,existence,295.98
93,41,52,existence,235.11
98,18,80,payment,211.72
51,40,11,debt,153.51
52,29,23,payment,108.93
37,22,15,debt,123
35,28,7,payment,126.33
147,70,77,existence,421.33
6,3,3,payment,34.38
114,38,76,existence,283.83
122,17,105,existence,204.69
39,34,5,existence,86.39
30,24,6,existence,72.12
50,6,44,existence,100.86
10,4,6,existence,18.21
98,93,5,existence,302.57
102,28,74,payment,247.92
147,44,103,payment,259.72
15,6,9,debt,59.94
84,66,18,existence,288.68
79,27,52,existence,158.59
129,53,76,debt,298.75
81,46,35,existence,235.06
62,7,55,existence,111.7
95,36,59,payment,185.92
71,26,45,existence,128.32
111,73,38,existence,238.55
131,16,115,existence,296.25
140,43,97,existence,353.46
66,37,29,debt,157.62
11,10,1,existence,31.31
107,80,27,existence,264.55
49,1,48,debt,125.82
63,36,27,payment,219.73
27,24,3,existence,69.26
131,30,101,payment,369.17
23,10,13,existence,67.09
8,3,5,debt,42.29
24,23,1,payment,89.24
69,11,58,debt,140.83
125,107,18,debt,422.75
58,47,11,payment,143.24
83,29,54,debt,156.13
101,44,57,existence,248.98
113,57,56,existence,266.99
54,25,29,debt,171.8
81,13,68,debt,186.64
151,37,114,payment,404.95
141,85,56,existence,400.73
94,91,3,debt,282.07
78,11,67,existence,140.82
144,110,34,debt,425.05
93,35,58,payment,199.19
46,6,40,payment,98.72
12,6,6,debt,50.85
31,25,6,existence,93.46
77,38,39,existence,168.03
130,22,108,payment,287.35
104,41,63,debt,204.38
107,58,49,payment,232.83
64,46,18,existence,164.34
150,52,98,debt,271.13
31,9,22,debt,82.37
37,34,3,debt,125.04
76,12,64,payment,174.35
114,29,85,existence,173.99
112,100,12,payment,395.79
12,4,8,payment,33.91
91,89,2,payment,299.18
150,132,18,debt,372.18
115,113,2,existence,377.4
97,88,9,existence,256.01
74,43,31,existence,210.41
52,3,49,existence,92.1
125,122,3,debt,489.32
108,23,85,payment,248.52
3,3,0,existence,10.43
26,24,2,payment,80.95
65,65,0,debt,213.22
10,3,7,existence,27.53
29,10,19,debt,113.03
52,52,0,payment,129.7
153,27,126,debt,433.7
130,36,94,existence,197.38
94,48,46,debt,297.83
154,146,8,debt,424.77
148,137,11,payment,431.21
71,59,12,debt,181.31
10,8,2,debt,36.91
80,42,38,payment,238.14
120,9,111,payment,256.54
103,10,93,existence,142.71
152,95,57,debt,474.01
140,51,89,existence,374.64
41,10,31,existence,74.97
116,9,107,debt,228.98
72,46,26,payment,174.8
73,61,12,payment,194.7
70,37,33,existence,216.82
127,41,86,payment,326.63
3,2,1,debt,18.72
39,3,36,payment,71.1
86,17,69,existence,224.65
7,4,3,existence,20.85
114,36,78,debt,331.89
123,69,54,payment,272.48
136,39,97,debt,299.05
125,16,109,payment,247.97
102,10,92,payment,250.5
52,31,21,existence,126.88
149,23,126,payment,378.48
21,2,19,payment,41.52
112,42,70,payment,275.03
45,24,21,existence,131.28
77,65,12,existence,193.21
77,66,11,debt,200.36
31,13,18,payment,71.48
105,51,54,debt,253.12
89,3,86,payment,142.12
143,74,69,existence,350.81
156,85,71,payment,285.45
126,99,27,payment,439.45
21,14,7,existence,62.09
16,2,14,existence,21.3
151,147,4,existence,409.43
52,25,27,debt,140.65
63,55,8,debt,166.68
156,40,116,existence,308.54
148,79,69,debt,327.2
128,57,71,existence,253.39
66,25,41,existence,115.31
123,84,39,debt,315.58
135,21,114,debt,251.3
28,26,2,payment,93.16
116,86,30,payment,229.97
16,12,4,payment,38.01
139,58,81,existence,412.85
18,11,7,debt,60.23
31,4,27,existence,47.17
87,15,72,payment,212.56
6,6,0,existence,14.49
86,83,3,existence,243.13
147,13,134,existence,279.79
121,47,74,payment,330.12
156,21,135,debt,396.77
146,19,127,payment,342.42
105,63,42,payment,219.63
52,30,22,payment,164.16
110,36,74,payment,300.52
153,35,118,debt,425.17
43,10,33,debt,84.04
81,12,69,existence,192.08
155,44,111,existence,374.95
65,58,7,debt,180.57
73,40,33,payment,222.98
76,64,12,existence,162.87
109,52,57,debt,181.17
104,101,3,existence,314.61
1,1,0,existence,2.62
4,3,1,debt,31.14
112,37,75,debt,202.21
6,4,2,debt,25.67
79,51,28,existence,247.59
80,77,3,payment,238.35
88,57,31,debt,199.23
74,42,32,payment,192.24
148,59,89,existence,294.64
107,1,106,debt,169.1
36,27,9,payment,121.7
57,21,36,existence,155.93
39,12,27,payment,70.49
147,146,1,payment,420.67
60,50,10,debt,161.64
84,19,65,existence,121.5
48,28,20,debt,107.04
84,64,20,existence,224.91
92,13,79,existence,217.99
120,57,63,payment,299.38
16,13,3,debt,63.14
92,74,18,existence,232.34
120,37,83,payment,207.14
146,85,61,debt,331.01
28,7,21,existence,52.42
73,50,23,debt,199.77
152,35,117,debt,409.44
122,17,105,payment,217.5
90,72,18,debt,295.24
58,48,10,debt,194.44
149,122,27,debt,390.84
37,6,31,existence,60.06
16,9,7,payment,43.57
89,45,44,existence,250.7
142,60,82,debt,257.06
106,65,41,existence,223.89
118,53,65,payment,272.09
100,71,29,debt,329.46
41,37,4,debt,136.23
155,138,17,existence,409.95
151,90,61,debt,396.48
132,72,60,existence,335.75
5,3,2,debt,44.62
83,34,49,debt,209.03
23,6,17,existence,48.96
151,3,148,debt,301.95
49,24,25,debt,137.43
104,98,6,debt,359.88
44,40,4,payment,140.06
49,39,10,debt,148.2
15,14,1,existence,41
55,1,54,debt,117.14
61,1,60,debt,102.52
155,8,147,debt,295.06
91,82,9,existence,284
79,40,39,payment,231.88
86,45,41,existence,202.16
61,2,59,debt,142.57
137,78,59,existence,326.36
153,51,102,debt,432.35
99,85,14,payment,288.25
135,62,73,existence,402.5
92,71,21,debt,260.79
72,62,10,payment,211.94
121,59,62,payment,287.07
55,20,35,existence,86.32
136,15,121,existence,194.11
14,4,10,debt,50.73
155,9,146,debt,335.37
50,37,13,debt,159.4
124,36,88,debt,338
48,5,43,debt,119.02
116,27,89,payment,319.87
51,21,30,payment,147.65
87,2,85,debt,220.66
46,7,39,payment,111.09
62,52,10,existence,182.79
144,123,21,existence,449.01
92,37,55,payment,193.99
139,109,30,existence,308.15
68,52,16,payment,195.1
1,1,0,existence,3.62
21,20,1,existence,52.51
38,6,32,debt,122.4
118,74,44,payment,323.65
154,53,101,debt,390.7
79,76,3,debt,280.41
82,74,8,payment,205.89
55,2,53,payment,148.71
19,4,15,payment,46.08
34,21,13,debt,116.17
137,53,84,debt,257.78
50,50,0,existence,177.02
111,95,16,debt,311.17
126,65,61,payment,239.17
2,2,0,debt,18.94
157,82,75,debt,323.16
136,22,114,payment,256.44
150,1,149,existence,246.18
101,42,59,payment,199.86
20,14,6,debt,96.26
130,50,80,payment,258.04
34,9,25,payment,64.42
93,70,23,debt,300.64
26,21,5,payment,67.58
48,28,20,debt,104.13
59,48,11,debt,178.02
20,2,18,payment,63.46
50,10,40,existence,100.82
53,16,37,payment,123.4
119,12,107,debt,249.95
58,16,42,payment,105.01
28,27,1,debt,106.98
75,5,70,existence,184.83
96,64,32,debt,249.2
27,1,26,existence,57.23
134,14,120,existence,239.44
62,16,46,existence,105.28
130,53,77,debt,279.53
148,1,147,existence,349.7
50,26,24,payment,160.9
93,35,58,debt,180.76
124,22,102,debt,198.91
42,38,4,debt,162.89
38,34,4,debt,121.3
62,21,41,debt,144.5
65,40,25,existence,160.84
54,32,22,debt,130.03
48,14,34,debt,92.09
72,36,36,debt,220.58
21,1,20,debt,52.72
116,32,84,payment,200.51
147,30,117,existence,322.73
98,35,63,existence,154.13
153,99,54,debt,370.24
122,85,37,existence,402.93
151,113,38,existence,419.5
135,3,132,debt,240.63
64,41,23,debt,148.39
15,7,8,payment,51.88
11,7,4,existence,34.93
3,3,0,debt,22.22
6,1,5,existence,15.62
7,7,0,existence,20.21
42,30,12,debt,115
143,46,97,debt,365.07
32,18,14,payment,101.49
84,59,25,existence,254.46
98,66,32,payment,279.08
124,109,15,payment,434.41
117,90,27,existence,302.19
69,60,9,payment,207.22
90,32,58,debt,267.32
124,35,89,payment,209.04
119,20,99,existence,187.48
34,18,16,debt,82.02
143,130,13,debt,349.14
53,46,7,existence,165.77
124,26,98,payment,332.45
56,33,23,payment,127.18
79,65,14,existence,219.06
51,46,5,debt,163.96
147,92,55,payment,350.21
153,141,12,payment,491.74
142,84,58,existence,421.19
36,28,8,existence,93.92
85,10,75,debt,236.2
21,21,0,existence,58.24
90,66,24,debt,246.23
146,24,122,debt,328.77
52,45,7,debt,133.05
39,21,18,debt,76.39
126,102,24,existence,337.83
145,132,13,debt,316.27
84,9,75,payment,146.07
122,90,32,debt,383.04
2,1,1,existence,3.99
104,95,9,payment,343.92
109,65,44,existence,333.83
157,41,116,existence,318.11
93,18,75,debt,161.23
155,17,138,existence,223.84
50,30,20,payment,150.08
157,52,105,existence,407.41
76,13,63,payment,122.54
138,108,30,payment,325.43
9,8,1,existence,22.79
124,78,46,existence,346.16
78,36,42,existence,202.17
128,111,17,existence,251.3
36,27,9,existence,108.65
16,10,6,payment,47.53
141,136,5,debt,372.56
97,13,84,debt,250.44
86,42,44,existence,247.26
33,14,19,debt,88.87
149,68,81,existence,249.85
146,58,88,debt,292.47
27,20,7,debt,86.04
80,28,52,existence,169.86
129,86,43,debt,315.44
50,41,9,debt,152.99
105,72,33,existence,281.14
49,43,6,debt,153.65
75,3,72,debt,185.79
26,20,6,payment,77.55
64,2,62,payment,154.33
40,19,21,existence,93.19
94,89,5,payment,293.36
96,18,78,debt,195.74
6,2,4,payment,19.07
30,13,17,payment,73.38
79,16,63,payment,151.74
71,71,0,payment,197.77
90,74,16,debt,214.27
147,80,67,payment,337.39
90,1,89,payment,197.01
43,31,12,payment,159.96
104,69,35,payment,330.1
7,2,5,existence,17.4
139,26,113,debt,363.7
104,11,93,existence,163.19
88,21,67,debt,186.37
128,62,66,existence,268.43
75,73,2,existence,201.41
18,5,13,debt,69.55
36,9,27,debt,83.15
157,58,99,existence,346.97
43,30,13,payment,109.05
84,75,9,payment,193.26
22,7,15,payment,40.05
31,29,2,payment,95.59
69,21,48,existence,158.76
133,86,47,debt,315.75
7,5,2,existence,14.31
35,4,31,payment,81.4
85,67,18,payment,289.95
111,52,59,payment,217.47
122,102,20,debt,281.79
82,36,46,existence,181.6
134,110,24,payment,446.74
105,10,95,payment,250.42
28,15,13,existence,62.24
45,18,27,payment,101.21
10,1,9,existence,25.28
62,14,48,existence,124.4
49,2,47,existence,64.99
90,83,7,existence,230.65
1,1,0,existence,2.13
26,5,21,payment,75.71
104,84,20,debt,213.25
23,5,18,payment,52.67
137,133,4,existence,289.47
101,1,100,existence,191.58
27,7,20,existence,64.7
18,17,1,debt,58.96
45,37,8,existence,136.51
21,1,20,existence,33.35
46,16,30,payment,94.34
50,22,28,debt,156.89
97,48,49,existence,194.44
21,21,0,debt,56.1
114,89,25,payment,387.96
135,9,126,debt,330.59
70,10,60,payment,167.79
17,13,4,existence,32.49
148,34,114,payment,398.94
75,70,5,existence,253.31
64,20,44,existence,112.03
32,7,25,payment,73.8
89,48,41,existence,252.36
141,132,9,payment,506.94
20,14,6,debt,55.14
99,21,78,debt,199.32
25,16,9,debt,63.92
3,3,0,existence,10.2
88,60,28,debt,206.08
22,1,21,payment,63.1
37,36,1,payment,129.57
98,85,13,debt,300.31
30,25,5,debt,90.8
9,8,1,payment,38.85
54,43,11,existence,172.8
50,28,22,existence,114.35
136,54,82,payment,272.54
21,15,6,debt,55.44
36,14,22,debt,93.99
17,1,16,debt,54.77
54,31,23,debt,152.53
94,72,22,existence,250.85
16,7,9,payment,43.15
33,1,32,payment,70.05
23,19,4,existence,64.19
51,44,7,existence,153.18
100,64,36,payment,221.42
59,1,58,payment,109.84
110,57,53,existence,187.67
62,33,29,existence,116.35
46,23,23,debt,105.35
69,49,20,payment,222.88
36,10,26,payment,108.05
63,46,17,existence,137.59
32,26,6,debt,87.05
129,60,69,debt,331.97
31,11,20,payment,66.45
94,87,7,payment,342.89
33,3,30,debt,104.43
43,6,37,payment,118.33
152,82,70,existence,478.69
86,55,31,debt,182.74
130,61,69,existence,287.95
107,18,89,existence,265.83
142,130,12,payment,336.44
89,55,34,existence,264.9
84,75,9,debt,236.65
65,5,60,payment,125.12
72,26,46,payment,217.62
54,32,22,debt,178.79
16,6,10,payment,55.86
103,27,76,payment,171.31
31,17,14,debt,103.86
132,114,18,debt,292.75
21,16,5,debt,92.16
113,38,75,payment,291.69
157,138,19,debt,569.32
18,16,2,existence,41.59
114,52,62,payment,268.26
119,50,69,payment,318.67
34,23,11,existence,87.99
30,26,4,debt,115.34
128,71,57,payment,373.02
69,16,53,debt,189.6
42,17,25,debt,127.52
76,74,2,existence,285.75
15,15,0,existence,49.3
115,97,18,debt,332.17
26,17,9,debt,79.81
147,59,88,existence,400.17
3,3,0,payment,25.35
5,1,4,payment,22.57
133,95,38,payment,310
136,125,11,payment,408.35
6,1,5,debt,31.34
120,78,42,existence,287.36
116,27,89,payment,309.95
28,18,10,existence,62.96
111,4,107,existence,246.96
76,45,31,debt,229.96
71,31,40,debt,166.54
17,6,11,debt,71.26
38,18,20,debt,135.78
96,37,59,existence,202.54
20,16,4,existence,55.38
36,2,34,existence,62.06
140,91,49,existence,321.58
49,6,43,payment,115.17
84,28,56,debt,153.03
75,54,21,payment,222.73
137,51,86,existence,324.82
13,9,4,existence,44.43
30,21,9,payment,79.05
80,3,77,existence,151.62
90,65,25,payment,241.87
97,50,47,debt,231.61
157,133,24,debt,347.08
82,39,43,existence,140.24
146,57,89,existence,238.1
126,82,44,payment,312.13
33,18,15,debt,116.46
131,65,66,existence,282.72
28,26,2,existence,82.92
65,33,32,debt,131.96
117,24,93,payment,187.94
40,18,22,existence,103
42,42,0,debt,141.29
46,22,24,payment,121.38
123,85,38,payment,224.5
147,32,115,existence,239.68
97,47,50,payment,245.63
57,20,37,debt,186
123,73,50,existence,252.55
106,84,22,payment,246.67
2,1,1,debt,28.22
104,59,45,existence,252.89
128,22,106,existence,208.59
111,19,92,existence,297.42
4,3,1,debt,28.95
19,12,7,debt,67.9
8,3,5,debt,34.08
136,33,103,payment,258.19
98,97,1,payment,306.94
157,37,120,payment,272.48
104,13,91,existence,244.57
16,14,2,payment,59.24
29,6,23,existence,60.28
68,35,33,debt,194.36
60,60,0,existence,178.53
87,82,5,existence,269.89
124,90,34,existence,287.66
141,37,104,payment,359.11
8,5,3,debt,30.28
125,45,80,debt,293.91
38,34,4,payment,124.96
105,38,67,debt,231.97
152,72,80,existence,412.98
120,38,82,payment,244.96
11,10,1,payment,47.45
111,15,96,existence,228.23
42,28,14,existence,101.11
135,12,123,debt,207.1
141,64,77,existence,434.47
61,23,38,debt,194.76
156,80,76,existence,352.44
66,66,0,payment,235.4
141,14,127,payment,267.76
15,13,2,existence,48.88
152,47,105,debt,348.12
144,2,142,debt,351.39
69,34,35,payment,226.84
146,63,83,payment,396.45
61,52,9,payment,155.33
84,60,24,payment,196.19
116,28,88,debt,342.89
56,34,22,payment,187.38
26,21,5,payment,100.06
19,5,14,payment,59.53
154,105,49,debt,351.15
146,90,56,existence,341.53
124,81,43,debt,302.13
53,16,37,existence,92.99
132,39,93,payment,229.17
79,24,55,payment,213.54
119,105,14,existence,400.57
49,16,33,payment,148.23
29,21,8,debt,100.21
120,50,70,payment,307.94
109,32,77,debt,308.56
33,7,26,existence,58.61
137,108,29,payment,303.42
26,9,17,debt,73.27
132,6,126,debt,210.77
95,30,65,payment,203.47
143,82,61,debt,314.59
63,38,25,payment,130.48
20,7,13,debt,64.86
2,2,0,payment,12.53
13,8,5,payment,43.83
145,120,25,debt,404.76
140,79,61,debt,421.81
73,40,33,existence,156.07
51,4,47,debt,95.21
124,95,29,payment,283.78
76,59,17,payment,270.95
5,1,4,debt,38.32
100,65,35,debt,227.22
22,1,21,debt,63.63
8,5,3,existence,22.71
9,9,0,payment,38.13
23,12,11,existence,70.65
67,8,59,existence,112.51
134,18,116,debt,309.08
71,14,57,payment,174.68
128,15,113,existence,264.17
121,58,63,existence,329.66
124,33,91,debt,299.85
127,62,65,existence,356.72
66,18,48,debt,196.03
29,10,19,payment,75.7
105,65,40,debt,330.03
84,8,76,existence,175.13
140,66,74,payment,421.02
70,69,1,debt,202.36
153,134,19,existence,468.64
140,106,34,payment,369.82
95,68,27,payment,333.11
55,36,19,debt,178.78
58,47,11,payment,169.27
36,27,9,debt,125.34
149,61,88,payment,303.98
47,32,15,payment,137.31
142,136,6,payment,492.92
14,10,4,existence,37.23
51,1,50,existence,120.86
125,59,66,debt,344.55
90,14,76,payment,175.44
74,1,73,payment,159.82
59,43,16,existence,142.77
85,68,17,debt,214.12
127,99,28,existence,302.04
75,19,56,debt,138.94
115,76,39,payment,379.66
57,26,31,debt,171.47
141,116,25,debt,434.78
113,1,112,payment,292.51
77,19,58,existence,194.14
125,62,63,debt,358.58
145,79,66,debt,269.56
64,11,53,payment,131.99
69,40,29,payment,178.69
143,83,60,existence,421.14
61,25,36,debt,193.09
33,10,23,debt,97
108,83,25,debt,316.75
124,64,60,payment,230.95
115,35,80,debt,317.25
125,66,59,existence,346.37
41,25,16,payment,127.07
141,88,53,existence,451.83
79,68,11,debt,249.27
11,7,4,debt,40.86
116,12,104,existence,221.7
112,31,81,payment,260.91
61,24,37,debt,163.18
81,60,21,existence,236.35
79,44,35,payment,201.56
12,7,5,existence,28.04
143,42,101,existence,229.89
20,15,5,debt,45.86
98,82,16,existence,289.69
21,13,8,payment,59.57
87,79,8,existence,281.75
101,14,87,existence,225.97
36,31,5,payment,95.29
82,9,73,payment,181.58
100,71,29,existence,220.07
152,111,41,payment,556.3
127,23,104,payment,317.76
157,54,103,existence,266.06
102,66,36,debt,203.27
84,12,72,payment,183.54
37,6,31,payment,78.26
17,12,5,existence,55.63
139,52,87,payment,380.21
84,69,15,payment,188.49
155,16,139,debt,340.53
110,49,61,payment,243.14
48,26,22,debt,153.2
65,41,24,payment,152.65
121,103,18,payment,377.74
26,1,25,debt,57.15
35,33,2,debt,85.98
72,40,32,existence,231.77
17,12,5,payment,54.41
72,37,35,payment,214.49
137,20,117,existence,284.1
32,27,5,payment,81.71
109,2,107,debt,164.09
112,56,56,payment,218.49
141,54,87,debt,278.15
136,108,28,existence,414.51
28,20,8,existence,68.01
79,63,16,existence,184.17
86,14,72,payment,167.81
44,21,23,existence,84
80,77,3,existence,242.21
11,5,6,debt,41.56
2,2,0,debt,22.9
17,13,4,existence,47.72
133,22,111,existence,178.63
38,21,17,debt,106.52
29,29,0,existence,88.55
107,22,85,debt,248.81
150,120,30,payment,477.42
46,6,40,debt,112.32
4,4,0,existence,8.97
47,10,37,payment,100.23
19,8,11,payment,53.48
92,9,83,existence,138.83
77,43,34,existence,198.45
43,13,30,existence,71.33
117,42,75,payment,264.97
148,101,47,payment,385.65
116,106,10,existence,423.1
113,59,54,payment,281.96
22,19,3,payment,67.41
6,1,5,existence,15.29
101,84,17,debt,389.57
14,7,7,payment,60.05
42,26,16,debt,114.54
149,131,18,existence,497.28
34,6,28,existence,62.1
120,32,88,debt,354.39
18,5,13,existence,32.92
106,22,84,debt,231.61
1,1,0,payment,9.78
100,31,69,existence,188.98
122,1,121,existence,286.49
157,116,41,debt,509.32
42,34,8,existence,134.85
42,42,0,payment,143.02
96,31,65,payment,209.35
35,17,18,payment,105.65
61,27,34,payment,123.84
148,17,131,debt,287.11
19,5,14,payment,44.8
37,32,5,debt,130
87,87,0,payment,267.39
126,4,122,payment,330.48
140,82,58,payment,284.51
91,10,81,existence,229.36
141,108,33,payment,396.78
142,26,116,payment,377.95
122,76,46,existence,342.5
127,62,65,existence,235.85
124,19,105,existence,324.9
79,54,25,debt,156.51
76,58,18,payment,236.54
4,1,3,existence,5.52
97,71,26,debt,314.28
138,33,105,existence,345.11
58,33,25,existence,117.18
151,93,58,debt,423.77
117,25,92,existence,173.54
129,61,68,existence,206.1
89,74,15,payment,260.58
13,10,3,payment,49.86
14,10,4,existence,39.95
86,49,37,debt,259.5
109,44,65,existence,248.51
66,40,26,payment,222.61
107,92,15,payment,352.5
21,12,9,existence,41.18
32,25,7,existence,74.11
60,9,51,debt,169.81
155,46,109,debt,318.22
133,4,129,existence,190.89
13,9,4,payment,34.61
43,33,10,existence,125.66
4,3,1,existence,9.92
90,80,10,debt,346.05
47,31,16,existence,109.56
88,84,4,payment,213.95
24,1,23,debt,64.82
156,13,143,existence,260.25
48,37,11,existence,118.52
137,83,54,payment,393.5
125,34,91,existence,191.38
31,27,4,payment,125.3
111,64,47,payment,271.37
97,46,51,debt,208.87
34,22,12,payment,76.45
10,10,0,payment,46.74
94,41,53,debt,280.46
42,12,30,payment,97.23
40,5,35,payment,82.95
34,12,22,debt,107.37
108,89,19,existence,292.08
29,14,15,debt,82.27
38,37,1,debt,135.74
137,71,66,existence,257.26
37,19,18,payment,96.18
12,9,3,existence,41.66
13,1,12,payment,45.14
69,42,27,payment,143.15
62,6,56,existence,103.97
102,77,25,existence,223.21
16,14,2,payment,54.3
97,45,52,existence,229.66
130,109,21,payment,376.03
113,110,3,existence,376.5
102,88,14,payment,370.6
138,111,27,existence,425.7
27,15,12,payment,87.35
121,111,10,debt,444.67
76,62,14,payment,219.17
107,103,4,debt,309.33
69,31,38,debt,177.14
2,2,0,payment,22.28
148,71,77,payment,412.9
17,16,1,payment,55.33
28,4,24,payment,60.29
64,18,46,existence,165.34
94,1,93,existence,230.42
86,83,3,debt,218.08
82,9,73,payment,168.06
119,6,113,payment,235.33
43,9,34,debt,86.65
6,6,0,existence,21.64
148,107,41,debt,283.77
140,126,14,payment,429.19
86,69,17,debt,204.8
85,14,71,existence,116.68
152,37,115,payment,290.36
129,89,40,payment,422.61
121,72,49,existence,283.56
25,15,10,payment,83.6
93,86,7,existence,259.61
4,3,1,debt,35.54
15,9,6,debt,48.09
54,12,42,existence,74.97
64,25,39,payment,196.24
50,6,44,payment,139.14
63,6,57,existence,81.2
151,52,99,debt,278.72
156,35,121,existence,281.12
115,95,20,payment,272.39
127,118,9,payment,332.65
11,10,1,existence,33.49
21,14,7,existence,69.75
118,47,71,debt,346.15
22,6,16,existence,46.63
27,21,6,existence,74.99
100,27,73,payment,238.49
144,3,141,existence,339.02
27,16,11,existence,68.59
66,36,30,existence,171.6
26,16,10,payment,78.03
128,78,50,payment,337.16
137,127,10,payment,459.56
99,76,23,debt,310.49
11,10,1,existence,34.78
61,51,10,debt,136.81
33,17,16,debt,82.32
61,46,15,payment,192.18
85,78,7,existence,262.48
27,4,23,payment,62.83
91,63,28,existence,234.75
127,103,24,debt,342.3
139,63,76,debt,412.35
150,2,148,payment,259.12
130,125,5,payment,417.02
3,3,0,payment,20.58
47,35,12,debt,139.13
33,31,2,debt,91
44,5,39,existence,78.32
21,5,16,payment,51.46
62,31,31,payment,189.84
67,31,36,debt,160.03
66,29,37,existence,206.06
61,35,26,debt,131.84
28,14,14,debt,117.96
54,47,7,existence,195.02
60,58,2,payment,203.77
73,62,11,payment,250.35
155,150,5,existence,391.57
23,23,0,existence,59.12
112,103,9,existence,270.59
28,19,9,existence,62.9
10,6,4,debt,53.63
133,108,25,debt,486.82
94,47,47,payment,274.97
72,4,68,debt,191.25
11,8,3,debt,38.97
126,101,25,debt,403.58
61,17,44,debt,191.56
99,55,44,payment,246.81
115,3,112,payment,194.3
15,6,9,existence,31.78
107,7,100,existence,233.19
48,46,2,debt,114.22
14,10,4,debt,44.86
71,35,36,payment,232.64
35,21,14,existence,98.76
149,31,118,payment,292.84
154,134,20,debt,397.18
37,28,9,debt,127.95
46,6,40,payment,107.6
40,7,33,payment,61.04
108,5,103,existence,218.22
106,53,53,existence,239.57
45,1,44,payment,66.99
109,91,18,payment,300.64
97,85,12,existence,239.38
90,43,47,existence,159.62
81,67,14,payment,213.35
154,130,24,debt,448.05
19,17,2,existence,62.24
84,11,73,payment,225.37
54,49,5,debt,195.5
39,22,17,existence,108.59
26,13,13,debt,98.28
138,21,117,debt,286.37
32,20,12,debt,115.37
129,113,16,payment,438.41
102,60,42,debt,299.65
157,124,33,existence,439.63
121,55,66,payment,339.55
129,57,72,payment,260.25
90,37,53,payment,188.5
139,23,116,debt,222.11
101,54,47,existence,270.62
32,21,11,payment,105.87
122,46,76,debt,298.32
136,10,126,payment,194
123,12,111,payment,170.74
71,5,66,payment,190.25
83,79,4,existence,247.62
12,4,8,payment,36.25
10,4,6,payment,31.42
69,38,31,existence,165.71
133,123,10,existence,312.41
95,7,88,payment,256.89
127,80,47,existence,251.87
103,9,94,payment,258.38
43,11,32,debt,130.82
100,85,15,debt,319.84
141,138,3,debt,461.24
70,47,23,existence,225.31
96,40,56,debt,264.65
139,20,119,payment,215.31
126,14,112,debt,352.14
82,8,74,debt,214.39
137,20,117,debt,256.6
92,22,70,payment,230.72
57,24,33,existence,152.16
98,12,86,payment,169.21
121,98,23,payment,266.32
115,85,30,existence,349.37
7,7,0,debt,36.19
46,25,21,payment,137.64
40,10,30,debt,77.05
53,6,47,debt,157.66
20,18,2,existence,57.03
100,30,70,debt,268.04
13,13,0,existence,33.25
14,4,10,payment,30.76
76,26,50,existence,195.57
135,123,12,payment,417.35
119,80,39,debt,314.94
82,18,64,payment,137.42
84,64,20,payment,252.5
148,22,126,existence,203.41
61,29,32,debt,178.42
64,9,55,existence,95.25
62,36,26,payment,147.3
28,12,16,existence,51.19
4,4,0,debt,34.74
18,13,5,debt,56.88
48,27,21,payment,106.81
111,63,48,payment,216.63
103,61,42,payment,199.73
76,70,6,debt,191.5
114,110,4,payment,305.57
134,70,64,existence,240.72
66,9,57,existence,150.64
21,5,16,payment,51.78
96,60,36,payment,224.14
157,144,13,existence,442.33
155,131,24,existence,418.74
118,95,23,existence,355.68
155,103,52,payment,486.78
46,28,18,debt,118.04
103,8,95,payment,186.84
46,44,2,existence,141.82
140,95,45,payment,369.09
93,20,73,debt,170.41
58,14,44,debt,130.06
3,1,2,existence,7.11
65,2,63,existence,145.35
12,10,2,existence,30.99
87,65,22,payment,276.92
120,31,89,payment,291.33
147,105,42,existence,368.68
35,14,21,debt,87.8
145,82,63,existence,310.09
15,10,5,payment,44.37
61,12,49,payment,157.65
80,70,10,debt,284.55
9,3,6,debt,37.18
64,36,28,payment,154.26
110,26,84,payment,169.51
28,3,25,debt,69.43
29,16,13,existence,69.22
26,5,21,debt,79.05
2,1,1,payment,19.25
146,71,75,debt,446.4
115,63,52,existence,286.64
75,35,40,payment,150.78
107,30,77,existence,248.76
36,26,10,debt,122.6
93,26,67,payment,203.74
156,126,30,debt,491.07
85,71,14,debt,296.72
24,5,19,debt,85.48
140,112,28,existence,364.75
2,2,0,debt,20.38
62,26,36,existence,165.89
155,37,118,debt,285.95
126,53,73,payment,318.71
35,11,24,debt,70.07
122,20,102,payment,333.57
6,5,1,existence,15.22
150,35,115,payment,387.94
133,3,130,payment,255.1
76,3,73,payment,106.76
149,49,100,debt,385.78
76,53,23,payment,248.02
108,102,6,debt,298.75
20,3,17,existence,51.59
57,44,13,payment,138.12
86,25,61,existence,202.28
153,84,69,payment,418.75
96,89,7,debt,336.18
65,17,48,existence,132.89
85,69,16,existence,221.02
54,1,53,existence,75.68
110,83,27,existence,230.85
116,82,34,debt,377.39
90,1,89,debt,167.61
96,63,33,payment,263.32
30,15,15,existence,80.46
31,18,13,debt,79.66
66,1,65,existence,165.09
93,35,58,existence,249.73
38,2,36,existence,47.88
117,56,61,payment,252.61
147,36,111,debt,298.77
126,87,39,existence,263.73
145,128,17,payment,451.26
105,29,76,debt,283.19
49,30,19,payment,106.53
109,30,79,payment,306.4
127,103,24,debt,449.13
11,1,10,payment,32.41
129,128,1,existence,358.16
58,21,37,existence,133.53
145,30,115,debt,299.79
7,4,3,debt,43.69
96,54,42,payment,253.42
39,12,27,debt,83.23
74,20,54,payment,121.24
2,1,1,existence,4.81
53,10,43,payment,102.21
43,17,26,existence,108.15
27,9,18,payment,83.51
20,8,12,payment,61.11
20,7,13,debt,64.08
131,24,107,debt,361.35
37,23,14,existence,95.45
156,68,88,debt,272.99
23,12,11,payment,47.86
78,70,8,payment,275.27
119,44,75,debt,317.14
133,101,32,existence,411.64
2,1,1,debt,25.38
34,3,31,debt,56.31
87,87,0,debt,291.62
22,16,6,debt,82.75
110,110,0,existence,347.85
43,26,17,existence,85.41
121,79,42,payment,413.45
129,53,76,debt,235.52
32,32,0,debt,116.27
3,2,1,debt,17.44
25,16,9,debt,58.84
110,7,103,debt,260.25
119,34,85,debt,230.68
3,1,2,existence,5.67
102,37,65,payment,178.76
51,47,4,debt,174.84
50,18,32,payment,144.35
28,23,5,payment,70.1
153,52,101,debt,319.57
57,10,47,payment,158.36
124,26,98,debt,334.06
90,23,67,existence,143.32
84,56,28,existence,222
155,128,27,existence,445.63
36,7,29,existence,73.42
7,5,2,debt,48.64
150,137,13,payment,511.77
3,2,1,existence,9.09
96,64,32,debt,324.94
65,19,46,payment,194.58
33,2,31,payment,69.54
86,64,22,existence,259.69
70,7,63,debt,124.9
58,39,19,existence,135.32
97,31,66,existence,233.47
68,67,1,payment,227.41
43,4,39,debt,87.77
86,69,17,debt,214.44
35,12,23,debt,107.51
58,17,41,debt,119.49
20,17,3,payment,55.67
13,2,11,payment,43.2
131,74,57,debt,385.96
122,67,55,payment,298.65
118,10,108,existence,247.73
140,83,57,existence,338.22
57,50,7,existence,125.88
147,60,87,existence,280.13
102,5,97,debt,265.1
116,110,6,existence,269.4
117,89,28,existence,312.67
94,80,14,existence,307.68
152,92,60,debt,431.4
91,8,83,debt,151.07
112,34,78,payment,211.99
33,7,26,existence,86.73
111,107,4,payment,357.5
127,51,76,payment,227.05
119,39,80,payment,276
51,28,23,existence,97.27
17,8,9,payment,49.58
83,20,63,existence,197.61
70,54,16,existence,181.5
127,50,77,payment,220.38
35,19,16,payment,113.66
23,2,21,existence,56.06
144,81,63,existence,390.64
114,39,75,payment,208.81
106,74,32,existence,319.61
60,40,20,debt,203.31
43,16,27,debt,109.53
45,37,8,payment,152.79
145,79,66,existence,460.49
6,3,3,payment,32.36
14,9,5,existence,29.49
95,27,68,existence,262.51
61,21,40,payment,142.43
121,84,37,payment,341.37
144,59,85,debt,381.51
37,2,35,payment,99.76
31,7,24,debt,86.87
36,9,27,debt,109.84
58,42,16,payment,143.77
130,25,105,debt,347.05
87,34,53,existence,132.41
141,74,67,existence,434.58
30,21,9,existence,88.33
29,28,1,debt,130.28
42,39,3,payment,120.21
39,1,38,payment,77.52
2,1,1,debt,16.25
62,62,0,existence,186.39
89,27,62,debt,158.73
122,24,98,payment,332.23
108,3,105,payment,204.5
2,1,1,payment,22.17
15,9,6,existence,44.56
151,79,72,payment,455.28
21,1,20,debt,46.72
91,39,52,debt,208.8
138,110,28,debt,511.21
72,15,57,existence,159.06
106,9,97,payment,209.73
64,44,20,debt,206.78
37,10,27,existence,86.13
143,39,104,debt,222.34
47,17,30,debt,154.29
79,11,68,debt,206.69
115,27,88,existence,167.17
18,14,4,existence,50.27
134,12,122,payment,282.15
90,6,84,payment,220.53
106,25,81,debt,177.19
120,118,2,existence,388.79
19,4,15,payment,37.18
141,31,110,debt,329.4
135,132,3,debt,486.09
103,71,32,existence,259.61
52,12,40,payment,159
63,47,16,payment,189.83
63,36,27,payment,166.96
106,60,46,debt,300.2
64,21,43,debt,193.41
64,50,14,payment,149.77
77,12,65,payment,132.03
135,11,124,existence,229.75
152,139,13,payment,513.16
4,1,3,payment,23.92
108,50,58,existence,213.22
127,126,1,existence,346.07
156,64,92,existence,367.4
155,93,62,existence,346.7
45,35,10,existence,81.79
27,23,4,existence,72.54
94,32,62,debt,286.13
121,24,97,debt,231.67
79,78,1,payment,283.99
107,23,84,payment,260.35
79,76,3,debt,244.63
148,33,115,payment,384.99
7,4,3,existence,13.14
12,6,6,debt,33.5
104,95,9,existence,330.46
131,30,101,debt,278.93
103,67,36,debt,342.83
17,8,9,payment,43.49
34,5,29,payment,68.61
103,40,63,debt,264.89
18,16,2,existence,53.83
78,26,52,debt,118.13
57,19,38,payment,95.37
2,1,1,debt,27.48
60,15,45,payment,173.33
145,29,116,debt,300.91
81,31,50,payment,193.71
30,15,15,payment,102.67
55,36,19,payment,169.97
8,3,5,payment,26.85
9,4,5,payment,41.97
38,29,9,payment,114.83
35,12,23,debt,83.41
80,57,23,debt,194.63
132,37,95,existence,216.69
147,16,131,existence,379.91
148,16,132,debt,202.83
81,63,18,debt,191.97
3,1,2,payment,13.16
157,115,42,existence,466.97
150,137,13,debt,489.44
132,26,106,debt,259.17
150,55,95,debt,347.33
84,53,31,payment,253.55
112,37,75,debt,188.56
93,72,21,existence,222.3
93,21,72,payment,178.2
33,1,32,existence,41.16
24,6,18,debt,63.53
49,27,22,debt,170.59
99,87,12,existence,271.99
146,93,53,payment,378.08
105,32,73,existence,198.58
86,22,64,debt,243.82
18,9,9,payment,52.23
35,9,26,debt,82.23
153,31,122,payment,396.94
30,26,4,debt,116.65
73,60,13,debt,252.9
89,20,69,existence,153.25
53,52,1,debt,210.79
140,44,96,debt,247.5
8,8,0,existence,20.43
16,6,10,payment,37.53
114,15,99,debt,180.7
86,63,23,debt,218.13
108,28,80,payment,252.07
71,33,38,debt,192.52
51,33,18,existence,96.62
110,105,5,existence,292.33
54,39,15,debt,182.68
117,60,57,payment,367.56
125,30,95,payment,283.19
61,35,26,existence,142.59
5,4,1,existence,15.64
131,63,68,existence,253.28
43,20,23,debt,109.56
38,25,13,existence,104.84
11,5,6,debt,38.62
14,9,5,payment,40.96
47,4,43,debt,120.73
121,17,104,debt,278.08
82,3,79,payment,219.95
134,74,60,existence,282.98
33,27,6,debt,106.13
43,16,27,existence,105.07
36,10,26,debt,82.78
102,93,9,existence,343.95
43,37,6,existence,113.94
106,26,80,existence,190.57
99,14,85,existence,167.22
141,55,86,payment,390.66
36,10,26,existence,53.36
153,35,118,payment,266.8
149,84,65,debt,387.93
139,34,105,payment,269.21
8,1,7,payment,23.06
70,31,39,debt,212.62
67,22,45,debt,194.24
35,5,30,payment,85.91
45,40,5,debt,160.9
135,89,46,debt,362.52
85,79,6,existence,233.8
115,98,17,debt,324.83
7,6,1,existence,19.52
99,3,96,existence,118.83
101,47,54,debt,204.11
119,42,77,debt,307.42
133,119,14,debt,342.03
119,71,48,debt,284.43
62,48,14,debt,209.11
118,76,42,existence,319.98
31,23,8,existence,78.92
73,37,36,debt,229.08
86,5,81,existence,110.92
82,69,13,existence,214.51
99,61,38,existence,208.97
109,40,69,debt,275.31
100,66,34,debt,311.82
112,16,96,payment,219.4
148,96,52,existence,290.97
22,16,6,existence,46.22
149,48,101,debt,384.89
148,42,106,debt,247.5
39,2,37,existence,47.9
76,62,14,debt,277.91
116,17,99,existence,255.77
42,9,33,existence,102.82
36,15,21,existence,93.06
134,93,41,payment,335.26
102,49,53,existence,169.64
56,19,37,debt,153.94
52,6,46,existence,111.58
82,60,22,debt,187.72
68,14,54,payment,185.38
48,31,17,debt,139.44
114,68,46,debt,253.04
37,15,22,existence,67.89
3,3,0,existence,8.76
36,23,13,existence,85.18
128,50,78,debt,373.91
122,50,72,payment,346.05
55,1,54,existence,127.89
157,128,29,existence,509.45
94,60,34,payment,262.1
21,16,5,existence,55.1
96,94,2,payment,297.96
113,25,88,debt,327.22
64,29,35,debt,120.9
70,14,56,existence,96.95
108,53,55,existence,210.18
11,4,7,payment,34.53
68,7,61,existence,144.11
61,37,24,existence,168.52
124,44,80,debt,308.48
59,28,31,payment,120.27
90,85,5,payment,234.04
10,7,3,debt,29.34
105,4,101,existence,177.06
125,81,44,debt,376.32
156,34,122,debt,417.06
121,65,56,existence,361.2
50,16,34,debt,95.25
96,69,27,debt,248.27
88,7,81,debt,176.97
3,3,0,debt,23.51
14,14,0,payment,52.31
62,11,51,payment,153.7
44,28,16,existence,84.38
16,16,0,payment,49.32
137,115,22,existence,449.45
75,1,74,existence,154.72
65,20,45,existence,129.07
95,94,1,existence,206.94
116,66,50,payment,244.56
109,67,42,existence,256.46
103,51,52,debt,254.22
122,92,30,payment,339.27
11,4,7,payment,32.3
27,15,12,payment,89.16
154,38,116,existence,419.49
111,28,83,existence,234.64
40,37,3,existence,140.02
154,61,93,existence,341.19
85,56,29,debt,209.69
15,6,9,debt,64.1
130,51,79,debt,312.11
30,24,6,debt,122.45
51,34,17,debt,135.5
96,27,69,existence,175.7
3,1,2,existence,5.15
72,9,63,debt,204.17
58,48,10,existence,120.67
46,13,33,existence,128.17
118,76,42,debt,254.57
65,63,2,existence,175.02
84,62,22,debt,276.96
111,66,45,existence,271.74
84,40,44,payment,189.01
109,18,91,payment,289.42
32,2,30,debt,91.36
73,53,20,existence,184.09
28,1,27,existence,62.59
44,12,32,existence,80
63,33,30,debt,171.55
86,35,51,payment,175.21
52,35,17,payment,131.22
81,3,78,payment,183.57
63,51,12,payment,196.42
89,55,34,payment,277.57
3,3,0,payment,15.94
37,23,14,debt,122.26
58,39,19,existence,124.29
104,79,25,debt,345.85
39,11,28,existence,61.69
47,21,26,debt,143.17
63,42,21,debt,222.9
111,22,89,payment,236.93
53,25,28,payment,157.53
124,100,24,debt,313.09
104,81,23,existence,270.92
12,4,8,debt,48.55
140,32,108,debt,401.42
119,100,19,debt,343.24
18,4,14,debt,65.24
106,80,26,payment,377.45
122,11,111,payment,207.77
32,25,7,existence,70.77
51,50,1,existence,178.41
122,52,70,payment,240.09
19,7,12,existence,41.44
135,36,99,debt,344.65
52,6,46,existence,100.52
38,12,26,debt,119.93
124,59,65,debt,289.42
26,20,6,debt,89.78
130,70,60,existence,290.3
45,25,20,existence,96.16
84,76,8,payment,293.3
145,121,24,payment,383.07
67,54,13,debt,233.16
59,54,5,debt,194.13
62,38,24,debt,212.59
23,14,9,debt,79.43
67,52,15,debt,232.64
149,32,117,debt,262.15
142,142,0,debt,481.31
69,32,37,existence,134.53
84,8,76,payment,187.69
23,5,18,payment,70.55
82,29,53,payment,162.38
36,17,19,payment,99.52
62,52,10,payment,192.53
121,48,73,payment,212.75
93,9,84,payment,220.23
135,15,120,payment,325.97
123,41,82,debt,300.01
3,3,0,payment,15.34
126,123,3,existence,377.91
43,5,38,existence,61.93
43,8,35,existence,96.84
138,72,66,debt,310.57
12,11,1,debt,53.54
145,139,6,existence,455.83
58,46,12,existence,173.8
109,63,46,existence,231.88
58,4,54,existence,123.13
10,8,2,existence,30.53
49,34,15,existence,124.96
132,99,33,payment,295.31
106,35,71,existence,287.66
45,8,37,existence,109.36
80,35,45,payment,218.92
118,27,91,payment,283.61
72,34,38,existence,186.06
106,20,86,payment,280.89
60,10,50,debt,135.58
121,68,53,payment,253.14
138,125,13,debt,369.58
47,19,28,payment,136.67
18,7,11,payment,56.31
70,57,13,payment,226.97
142,19,123,debt,277.59
155,114,41,payment,355.35
123,112,11,debt,381.25
1,1,0,existence,3.08
24,4,20,existence,33.44
107,92,15,debt,328.89
126,53,73,debt,407.28
114,28,86,existence,319.33
24,12,12,debt,84.83
106,97,9,debt,263.34
123,5,118,debt,267.22
84,81,3,payment,189.73
21,18,3,debt,76.69
67,20,47,debt,182.52
16,7,9,existence,23.82
115,55,60,payment,296.13
141,38,103,debt,328.03
20,12,8,existence,44.31
113,99,14,existence,301.96
133,96,37,debt,268.48
15,11,4,existence,28.38
12,7,5,payment,52.7
51,35,16,debt,137.7
113,23,90,payment,223.09
154,110,44,payment,401.99
27,16,11,debt,78.19
30,12,18,debt,91.47
115,70,45,existence,265.01
49,41,8,payment,135.63
88,71,17,payment,302.03
91,57,34,debt,227.84
29,24,5,existence,98.85
137,5,132,existence,226.65
80,49,31,debt,193.66
101,37,64,debt,242.19
32,14,18,payment,104.97
22,13,9,existence,48.79
138,22,116,debt,262.6
51,16,35,payment,121.38
36,14,22,payment,116.8
131,74,57,existence,318.91
78,43,35,payment,229.79
64,58,6,payment,236.31
93,13,80,payment,170.68
63,25,38,payment,174.4
10,3,7,existence,17.58
130,5,125,payment,248.07
52,38,14,payment,137.97
93,64,29,debt,208.12
10,4,6,payment,29.44
72,12,60,debt,136.61
49,38,11,debt,171.76
92,45,47,existence,193.19
44,39,5,payment,123.02
29,21,8,existence,67.88
54,35,19,existence,107.77
148,81,67,debt,396.65
148,18,130,payment,400.9
132,15,117,debt,265.75
76,54,22,debt,244.17
131,56,75,payment,317.15
33,14,19,debt,92.88
69,14,55,existence,101.07
112,93,19,debt,393.45
44,21,23,existence,84.85
154,126,28,payment,349.05
31,27,4,existence,76.6
54,53,1,payment,181.87
141,136,5,payment,479.56
132,98,34,existence,352.16
12,7,5,existence,23.08
49,5,44,payment,102.18
89,44,45,debt,242.05
90,70,20,payment,213.76
101,66,35,existence,183.24
131,73,58,payment,263.1
91,56,35,payment,197.07
27,18,9,existence,70.95
2,2,0,payment,18.46
126,113,13,existence,386.04
17,10,7,payment,52.21
29,2,27,debt,89.91
16,5,11,existence,37.46
144,64,80,payment,413.18
128,96,32,existence,375.13
131,101,30,existence,371.05
123,16,107,debt,253.32
130,54,76,existence,285.06
58,47,11,debt,185.07
101,23,78,debt,199.23
70,15,55,existence,121.33
41,25,16,existence,132.97
103,33,70,debt,186.34
103,53,50,existence,233.44
117,66,51,existence,236.71
107,8,99,payment,218.27
32,10,22,debt,91.79
123,119,4,payment,408.53
89,71,18,debt,215.26
98,95,3,debt,352.22
113,63,50,debt,298.01
90,21,69,existence,206.09
86,17,69,existence,207.49
140,35,105,debt,318.62
61,32,29,debt,181.04
74,22,52,debt,191.62
11,3,8,debt,46.17
50,46,4,debt,152.3
24,11,13,payment,72.6
76,40,36,debt,250.05
71,68,3,debt,161.48
62,14,48,existence,100.41
116,83,33,debt,348.88
106,15,91,payment,286.75
94,19,75,debt,258.8
150,15,135,debt,282.69
102,60,42,payment,275.42
18,7,11,debt,70.08
138,3,135,existence,194.81
65,35,30,debt,141.84
143,115,28,debt,351.65
137,125,12,debt,434.73
19,19,0,existence,51.02
121,84,37,existence,409.2
35,31,4,debt,99.94
58,40,18,payment,191.89
113,25,88,payment,184.12
133,22,111,payment,339.59
122,117,5,payment,331.16
152,77,75,debt,256.3
151,148,3,debt,431.68
39,9,30,existence,89.91
32,32,0,payment,131.09
120,75,45,debt,362.8
11,2,9,payment,42.44
130,44,86,payment,387.03
12,2,10,existence,20.79
58,28,30,existence,173.74
29,15,14,existence,81.14
132,35,97,payment,351.82
104,45,59,existence,294.47
6,6,0,payment,35.03
7,3,4,debt,25.57
53,14,39,payment,107.34
7,3,4,payment,35.23
13,8,5,payment,42.49
143,106,37,existence,458.87
118,43,75,payment,294.78
84,8,76,existence,190.23
3,1,2,existence,6.66
92,31,61,existence,265.25
146,113,33,existence,314.76
6,2,4,payment,28.36
119,76,43,existence,267.15
138,99,39,existence,339.34
19,2,17,existence,32.57
100,64,36,debt,255.59
102,35,67,payment,187.95
87,50,37,existence,280.24
102,6,96,debt,257.31
32,14,18,payment,82.29
28,17,11,debt,86.87
24,7,17,debt,47.72
117,43,74,debt,328.08
28,27,1,debt,97.04
88,52,36,debt,235.7
85,64,21,debt,266.36
106,38,68,debt,188.71
61,35,26,debt,156.61
26,23,3,existence,81.61
123,80,43,existence,337.34
95,56,39,payment,180.44
121,13,108,existence,181.28
16,7,9,payment,34.55
116,68,48,payment,269.49
141,24,117,debt,281.62
134,13,121,existence,291.82
19,7,12,existence,27.57
117,65,52,existence,245.87
142,110,32,debt,303.13
67,34,33,debt,140.55
99,15,84,payment,242.44
146,144,2,payment,385.37
132,66,66,payment,329.67
55,8,47,payment,130.31
11,7,4,existence,18.31
142,98,44,debt,354.23
114,97,17,existence,387.98
51,19,32,payment,94.19
26,12,14,existence,71.29
48,27,21,existence,137.23
31,1,30,existence,43.91
117,27,90,payment,178.39
71,67,4,debt,217.15
47,35,12,debt,127.32
140,130,10,payment,339.36
114,30,84,payment,297.21
105,28,77,payment,264.33
127,120,7,payment,475.36
76,61,15,payment,187.91
99,83,16,debt,270.91
147,35,112,payment,280.28
32,22,10,existence,96.47
73,65,8,payment,269.51
132,5,127,payment,332.24
103,52,51,debt,293.65
19,7,12,payment,65.65
121,11,110,debt,239.98
12,8,4,debt,57.68
84,49,35,payment,235.4
48,24,24,debt,96.21
61,16,45,debt,146.53
32,30,2,debt,86.65
46,42,4,existence,92.71
41,17,24,debt,88.53
141,78,63,existence,359.9
152,80,72,existence,312.95
106,26,80,existence,170.92
126,20,106,debt,267.04
107,53,54,debt,289.48
13,4,9,debt,53.35
118,72,46,debt,398.73
114,56,58,existence,210.8
84,37,47,existence,187.04
130,108,22,debt,250.36
92,30,62,existence,158.67
55,44,11,payment,197.93
35,30,5,debt,94.61
154,85,69,existence,423.61
111,62,49,existence,301.21
49,36,13,debt,169.88
64,13,51,payment,149.9
16,6,10,existence,40.55
85,8,77,existence,128.85
41,8,33,payment,107.65
99,8,91,payment,165.07
51,29,22,payment,126.92
16,3,13,payment,34.23
82,29,53,debt,206.77
90,15,75,existence,203.91
36,20,16,debt,88.32
73,32,41,debt,223.47
82,36,46,existence,224.54
95,51,44,debt,221.04
41,21,20,existence,96.61
80,38,42,payment,250.93
43,17,26,payment,131.59
86,61,25,existence,269.62
97,20,77,payment,153.83
102,43,59,existence,241.84
156,121,35,debt,417.12
95,45,50,payment,166.65
75,44,31,existence,151.37
149,124,25,existence,324.02
47,15,32,debt,146.17
29,15,14,debt,83.67
91,69,22,existence,208.38
14,13,1,existence,33.68
6,2,4,debt,31.84
139,112,27,existence,403.14
115,8,107,existence,150.63
140,99,41,existence,317.54
63,11,52,existence,165.48
141,107,34,debt,370.81
85,76,9,existence,228.21
88,8,80,payment,201.27
31,24,7,existence,83.41
91,84,7,payment,302.14
138,5,133,payment,275.83
37,22,15,payment,127.72
62,34,28,existence,127.98
25,13,12,existence,63.78
48,48,0,payment,149.97
110,46,64,existence,321.28
157,53,104,debt,257.9
102,3,99,debt,258.49
21,8,13,payment,65.71
154,62,92,existence,339.96
79,40,39,debt,223.3
43,25,18,existence,120.81
108,95,13,debt,229.57
129,30,99,debt,204.36
21,10,11,existence,54.94
18,8,10,existence,39.03
82,15,67,existence,197.29
46,2,44,existence,88.62
23,20,3,debt,88.6
103,39,64,existence,214.83
36,11,25,existence,97.45
104,37,67,payment,283.79
130,112,18,existence,426.33
17,4,13,payment,46.54
6,2,4,debt,23.12
126,81,45,debt,274.18
41,29,12,existence,97.54
122,109,13,existence,338.06
131,114,17,payment,349.2
69,36,33,payment,136.2
134,4,130,debt,202.02
13,5,8,debt,40.56
51,19,32,payment,123.41
135,20,115,payment,196.49
100,25,75,debt,277.2
16,4,12,existence,40.14
37,36,1,existence,88.32
122,89,33,debt,344.72
97,89,8,debt,330.48
97,64,33,existence,183.73
46,42,4,payment,149.1
86,33,53,debt,253.99
70,61,9,existence,158.43
148,139,9,debt,476.68
157,113,44,existence,329.52
142,13,129,debt,376.82
44,7,37,payment,108.07
139,79,60,payment,333.22
152,66,86,payment,422.85
32,5,27,payment,56.91
22,11,11,existence,39.86
33,25,8,debt,88.98
44,14,30,existence,89.31
43,36,7,payment,115.52
148,14,134,payment,339.87
50,29,21,debt,146.43
69,13,56,debt,146.07
150,87,63,debt,274.12
115,36,79,existence,254.75
102,47,55,existence,218.32
146,10,136,existence,224.38
29,1,28,payment,44.28
76,38,38,payment,172.41
3,1,2,existence,5.9
141,42,99,debt,363.28
75,2,73,payment,153.37
3,2,1,payment,20.05
114,38,76,payment,233.19
76,62,14,existence,201.08
75,74,1,existence,174.65
48,38,10,existence,121.9
10,9,1,payment,41.33
14,7,7,existence,33.73
53,5,48,existence,88.78
139,49,90,debt,295.05
57,8,49,debt,144.38
51,18,33,existence,144.07
50,46,4,existence,159.97
75,12,63,debt,158.1
152,151,1,debt,456.28
49,26,23,existence,127.81
34,27,7,existence,98.72
22,21,1,debt,87.59
103,90,13,debt,261.35
16,10,6,payment,49.05
22,6,16,existence,38.35
19,6,13,payment,69.28
119,110,9,existence,366.52
98,51,47,payment,170.82
72,72,0,existence,232.77
15,9,6,debt,46.23
143,59,84,debt,419.44
70,5,65,existence,124.02
112,81,31,debt,342.43
2,2,0,debt,33.81
57,20,37,payment,116.44
97,58,39,existence,221.57
151,133,18,existence,432.6
95,83,12,debt,360
77,25,52,existence,190.03
63,9,54,existence,165.49
1,1,0,existence,3.56
127,66,61,existence,312.28
33,15,18,existence,89.41
55,29,26,existence,149.72
113,70,43,existence,253.02
32,10,22,debt,76.94
139,14,125,existence,227.73
152,45,107,existence,304.37
47,43,4,debt,144.51
64,3,61,existence,114.56
72,45,27,debt,161.09
155,79,76,existence,434.47
156,75,81,debt,356.5
139,92,47,existence,302.26
70,52,18,debt,154.75
81,26,55,existence,131.44
14,6,8,existence,40.4
137,80,57,payment,346.6
115,13,102,existence,171.03
66,2,64,payment,96.13
8,4,4,payment,32.87
108,43,65,existence,238.78
132,12,120,existence,229.23
142,70,72,existence,284.19
86,27,59,existence,163.94
124,19,105,debt,302.47
113,2,111,debt,197.58
9,9,0,debt,52.29
44,19,25,existence,106.12
75,72,3,payment,256.35
89,32,57,existence,251.19
124,21,103,payment,237.25
47,10,37,payment,143.47
86,80,6,payment,224.74
22,15,7,payment,88.32
61,43,18,payment,142.54
117,54,63,payment,215.44
32,16,16,existence,77.41
15,5,10,debt,71.04
70,55,15,existence,240.18
53,34,19,payment,138.02
130,104,26,payment,404.56
106,58,48,payment,246.48
99,74,25,debt,321.14
133,45,88,debt,376.38
60,47,13,existence,116.34
12,7,5,debt,55.13
115,87,28,payment,359.12
10,8,2,debt,39.02
100,44,56,existence,204.41
151,31,120,payment,225.47
88,71,17,existence,301.44
124,53,71,existence,202.86
142,41,101,debt,359.52
72,58,14,existence,178.04
45,14,31,payment,136.94
77,41,36,payment,188.23
156,44,112,debt,437.93
90,74,16,existence,228.58
133,91,42,debt,319.83
95,20,75,debt,169.79
67,16,51,payment,166.14
113,72,41,payment,252.88
60,56,4,debt,181.29
17,12,5,payment,58.65
97,17,80,debt,228.62
49,9,40,existence,106.6
39,5,34,debt,66.49
38,14,24,existence,74.42
50,29,21,debt,143.38
61,16,45,payment,144.48
23,14,9,payment,78.62
72,13,59,existence,111.84
155,72,83,payment,398.29
38,5,33,debt,85.83
17,7,10,existence,42.91
152,105,47,payment,421
46,24,22,debt,131.36
116,36,80,debt,195.69
60,39,21,payment,174.11
96,16,80,payment,165.18
44,20,24,debt,113.03
89,77,12,debt,284.79
147,87,60,debt,329.33
14,1,13,payment,36.42
110,25,85,payment,314.47
78,33,45,debt,212.66
141,85,56,payment,405.52
8,1,7,debt,35.98
89,4,85,debt,241.52
5,4,1,existence,14.97
117,65,52,payment,229.11
130,5,125,payment,241.63
3,1,2,payment,25.4
96,90,6,debt,298.64
84,46,38,payment,163.23
117,91,26,existence,367.2
69,12,57,existence,113.28
32,31,1,existence,74.53
51,8,43,existence,81.1
129,92,37,payment,277.4
103,73,30,debt,320.77
18,10,8,payment,53.64
140,115,25,payment,360.61
17,1,16,existence,39.18
69,62,7,debt,231.88
88,88,0,existence,187.34
9,8,1,debt,50.87
129,6,123,debt,310.35
11,7,4,existence,18.51
108,93,15,existence,272.33
16,5,11,payment,46.41
20,15,5,debt,77.27
63,11,52,existence,168.85
88,74,14,existence,292.43
105,99,6,debt,284.59
156,17,139,existence,381.81
80,5,75,existence,182.41
143,44,99,existence,290.54
50,2,48,existence,109.95
25,7,18,existence,45.51
123,90,33,existence,280.53
116,109,7,existence,275.52
154,23,131,existence,278.3
148,72,76,payment,374.34
8,3,5,payment,25.2
114,99,15,debt,319.17
116,113,3,debt,318.59
154,131,23,debt,405.92
108,63,45,debt,265.74
87,34,53,existence,154.46
38,7,31,debt,93.79
92,90,2,payment,269.19
118,115,3,debt,395.62
123,69,54,debt,238.42
149,48,101,existence,354.66
110,51,59,payment,273.88
6,1,5,existence,9.66
59,8,51,debt,90.31
96,93,3,payment,245.84
58,10,48,existence,88.95
7,6,1,payment,34.2
38,7,31,debt,83.54
149,89,60,debt,350.22
57,50,7,debt,192.54
113,78,35,debt,290.64
66,26,40,payment,165.93
107,98,9,debt,395.74
152,97,55,existence,326.96
75,23,52,payment,195.41
89,1,88,debt,172.51
114,79,35,payment,303.16
63,28,35,debt,156.48
65,59,6,payment,210.01
129,49,80,payment,299.51
132,75,57,existence,349.49
149,145,4,existence,464.78
39,18,21,payment,103.99
64,8,56,existence,147.34
150,16,134,payment,347.66
36,34,2,debt,127.23
111,111,0,payment,251.57
34,28,6,existence,77.49
155,137,18,existence,442.28
127,97,30,debt,336.08
83,14,69,payment,190.23
19,17,2,existence,50.94
48,10,38,debt,136.74
33,11,22,debt,76.45
139,8,131,payment,310.86
68,28,40,payment,177.63
95,12,83,payment,131.14
22,13,9,debt,75.45
35,6,29,payment,100.59
44,20,24,payment,109.37
97,14,83,debt,226.38
21,2,19,existence,51.94
1,1,0,existence,1.94
154,77,77,debt,456.2
154,12,142,existence,226.21
139,131,8,existence,407.59
92,51,41,debt,245.69
5,4,1,payment,18.68
91,19,72,debt,237.41
52,13,39,existence,95.73
103,60,43,existence,232.77
49,32,17,payment,100.84
111,3,108,payment,232.66
63,50,13,debt,151.95
128,42,86,payment,282.05
118,27,91,debt,297.27
133,32,101,existence,223.59
146,71,75,payment,359.07
112,105,7,payment,361.78
32,14,18,existence,82.2
145,47,98,payment,310.06
12,2,10,debt,40.32
41,40,1,existence,109.32
57,5,52,debt,147.46
143,77,66,payment,469.48
80,51,29,debt,224.8
129,8,121,existence,251.15
17,16,1,payment,61.46
108,28,80,debt,273.51
59,3,56,debt,150.89
128,23,105,debt,273.22
60,11,49,existence,138.41
18,3,15,debt,50.52
14,1,13,payment,43.06
152,66,86,payment,274.73
34,32,2,payment,87.82
95,63,32,debt,258.04
114,10,104,existence,151.26
3,3,0,debt,34.23
74,50,24,existence,186.9
106,73,33,payment,302.89
25,5,20,debt,86.89
106,98,8,existence,324.03
46,15,31,payment,92.07
101,28,73,debt,164.96
58,17,41,existence,116.66
51,15,36,debt,122.59
133,24,109,existence,349.63
85,74,11,payment,197.1
4,3,1,existence,8.92
79,68,11,debt,215.64
147,146,1,existence,492.79
27,14,13,payment,70.27
127,81,46,existence,347.96
18,5,13,debt,55.35
12,2,10,payment,38.25
20,11,9,payment,64.45
141,104,37,existence,390.43
3,3,0,payment,23.6
15,2,13,debt,48.13
13,13,0,payment,58.14
96,66,30,payment,247.88
105,43,62,payment,289.62
122,27,95,existence,249.63
31,16,15,payment,85.27
139,25,114,debt,332.66
135,24,111,payment,221.05
135,16,119,debt,318.82
34,33,1,debt,145.72
127,125,2,existence,256.51
156,156,0,existence,423.91
139,117,22,debt,488.81
45,45,0,debt,190.48
59,36,23,existence,109.1
122,110,12,existence,283.09
32,7,25,payment,76.45
107,48,59,existence,237.16
21,1,20,payment,35.01
44,37,7,payment,109.74
56,49,7,debt,185.01
118,47,71,debt,240.97
131,66,65,debt,238.05
154,20,134,payment,247.7
50,49,1,debt,153.69
6,6,0,existence,15.89
144,44,100,debt,257.86
12,4,8,existence,31.43
109,60,49,payment,321.76
18,18,0,debt,58.82
74,4,70,debt,154.36
82,11,71,debt,186.95
120,23,97,existence,283.81
50,28,22,debt,140.02
100,22,78,payment,165.7
40,16,24,debt,122.21
66,57,9,debt,163.82
52,3,49,payment,93.6
141,18,123,payment,261.56
4,3,1,payment,30.62
79,18,61,payment,177.13
129,111,18,existence,288.39
139,107,32,debt,403.81
33,5,28,existence,61.52
108,48,60,payment,196.42
33,26,7,payment,125.61
78,10,68,payment,216.69
116,56,60,existence,337.77
110,108,2,existence,345.24
46,19,27,debt,139.24
80,18,62,existence,128.48
70,63,7,debt,231.48
40,39,1,existence,95.38
124,103,21,existence,432
87,22,65,payment,185.71
93,44,49,existence,231.22
72,11,61,payment,162.92
101,18,83,payment,169.63
127,98,29,existence,296.57
140,53,87,existence,399.39
116,109,7,payment,443.5
33,9,24,existence,64.66
96,4,92,existence,223.01
142,97,45,debt,282.94
22,18,4,payment,87.78
46,28,18,payment,112.65
7,4,3,existence,14.38
90,84,6,payment,299.7
106,69,37,existence,252.81
147,24,123,debt,282.85
127,35,92,existence,251.14
86,49,37,existence,216.87
56,11,45,payment,139.85
26,26,0,debt,90.09
142,13,129,existence,219.95
46,44,2,debt,133.45
46,15,31,payment,86.22
80,76,4,payment,235.28
114,31,83,existence,318.94
116,45,71,payment,224.19
19,3,16,debt,66.22
153,10,143,debt,279.51
17,12,5,payment,55.39
138,55,83,debt,368.78
2,2,0,payment,21.4
80,32,48,existence,148.05
143,142,1,payment,385.08
120,75,45,debt,378.88
25,25,0,existence,62.82
42,21,21,existence,77.08
34,3,31,debt,98.54
108,48,60,payment,301.79
65,18,47,debt,177.56
41,16,25,payment,89.49
124,117,7,debt,341.01
90,39,51,payment,235.27
5,5,0,existence,12.5
95,23,72,payment,162.58
136,7,129,existence,298.35
99,17,82,existence,232.95
126,108,18,debt,275.5
46,43,3,existence,127.95
149,84,65,debt,397.51
112,64,48,debt,291.8
16,4,12,existence,43.02
41,29,12,payment,78.14
82,22,60,debt,251.28
44,24,20,debt,133.08
105,35,70,payment,219.64
98,79,19,existence,210.21
100,55,45,existence,207.61
134,94,40,payment,319.74
157,68,89,debt,282.57
5,5,0,payment,28.55
155,91,64,debt,336.86
36,33,3,existence,82.85
146,8,138,existence,271.55
42,40,2,debt,136.81
42,1,41,debt,83.23
18,7,11,payment,68.85
68,50,18,debt,224.59
63,15,48,payment,152.01
35,10,25,debt,126.9
42,36,6,payment,122.28
1,1,0,payment,8.05
8,8,0,debt,37.39
63,40,23,payment,149
97,25,72,existence,205.83
4,4,0,existence,11.36
111,45,66,payment,209.51
72,15,57,debt,150.7
109,61,48,payment,306.81
14,4,10,payment,40.15
9,4,5,debt,30.85
23,6,17,payment,43.51
98,81,17,debt,243.9
130,17,113,existence,278.89
122,30,92,existence,298.45
46,31,15,debt,122.5
34,1,33,payment,75.6
71,5,66,existence,144.24
3,2,1,payment,19.15
110,51,59,existence,210.11
49,43,6,debt,159.67
89,43,46,payment,248.53
100,43,57,payment,240.56
46,15,31,payment,93.95
134,23,111,payment,297.11
100,68,32,debt,258.91
120,19,101,existence,233.86
144,142,2,debt,449.84
71,54,17,existence,142
75,6,69,debt,177.5
94,20,74,debt,159.09
23,5,18,existence,46.77
8,5,3,debt,41.92
9,6,3,debt,45.04
119,78,41,payment,302.57
145,120,25,existence,305.71
78,37,41,debt,185.43
107,54,53,debt,307.06
153,89,64,debt,433.05
156,14,142,debt,276.95
122,62,60,existence,277.33
107,4,103,payment,231.5
113,47,66,debt,223.11
27,5,22,debt,94.71
34,10,24,debt,108.45
142,9,133,debt,373.53
17,8,9,existence,43.88
38,33,5,debt,135.46
153,28,125,existence,307
137,125,12,existence,441.31
95,26,69,payment,216.9
129,113,16,payment,365.72
57,22,35,payment,141.09
75,57,18,existence,184.68
140,9,131,debt,356.26
141,135,6,payment,488.43
30,4,26,debt,64.56
18,18,0,payment,68.91
132,52,80,payment,318.97
80,2,78,payment,201.69
4,2,2,debt,41.55
24,13,11,debt,60.6
71,60,11,debt,196.23
96,38,58,payment,259.72
60,41,19,existence,173.39
131,58,73,existence,312.26
148,95,53,debt,354.7
42,20,22,payment,117.81
95,52,43,payment,210.42
76,66,10,existence,185.19
16,11,5,existence,39.22
24,13,11,debt,76.96
119,107,12,payment,325.66
83,48,35,existence,177.33
25,23,2,existence,92.29
13,2,11,existence,30.15
127,108,19,existence,253.08
121,92,29,existence,303.05
85,80,5,existence,196.99
70,53,17,debt,232.1
52,45,7,existence,123.57
109,91,18,payment,405.6
43,12,31,existence,75.2
128,13,115,existence,290
94,19,75,payment,251.19
87,53,34,existence,287.95
113,26,87,debt,249.12
103,100,3,existence,307
63,59,4,existence,153.14
20,4,16,payment,44.32
87,14,73,debt,228.34
86,85,1,payment,334.98
47,18,29,debt,127.22
47,36,11,debt,178.59
130,25,105,existence,179.64
61,45,16,existence,138.86
52,15,37,payment,104.63
119,47,72,debt,362.55
124,62,62,debt,295.68
53,22,31,payment,159.65
25,18,7,payment,64.14
30,4,26,debt,82.36
113,94,19,existence,305.98
27,24,3,payment,89.92
8,8,0,debt,54.35
98,44,54,payment,234.23
29,14,15,debt,88.91
136,24,112,existence,229.41
47,23,24,payment,99.27
131,111,20,payment,483.72
24,9,15,existence,41.5
57,31,26,debt,141.66
16,3,13,existence,33.86
21,4,17,debt,78.08
136,123,13,payment,381.08
142,61,81,existence,408.21
146,77,69,payment,325.09
156,46,110,existence,295.98
31,22,9,debt,95.99
115,7,108,payment,262.54
43,6,37,payment,74.09
143,69,74,payment,341.37
128,8,120,existence,287.29
116,74,42,debt,244.1
136,71,65,payment,348.89
96,69,27,existence,211.73
37,16,21,debt,98.87
8,4,4,existence,19.17
3,1,2,payment,25.75
16,2,14,debt,56.54
53,30,23,debt,165.84
135,112,23,existence,434.14
150,15,135,debt,306
20,4,16,payment,52.08
4,3,1,debt,16.33
117,21,96,debt,189.44
49,17,32,debt,90.77
157,78,79,payment,313.82
58,3,55,debt,150.32
49,33,16,existence,100.83
150,45,105,payment,337.56
70,14,56,payment,178.57
113,76,37,payment,250.03
43,8,35,debt,130.13
85,65,20,payment,240.1
39,38,1,debt,149.56
65,51,14,existence,154.41
71,45,26,debt,223.67
144,34,110,payment,383.18
74,59,15,debt,249.17
8,2,6,existence,17.49
97,42,55,existence,271.65
145,67,78,existence,406.73
65,35,30,debt,193.82
34,7,27,debt,103.7
33,4,29,payment,87.2
25,23,2,debt,92.48
145,23,122,existence,310.53
146,37,109,debt,361.14
16,7,9,debt,65.58
47,34,13,payment,131.99
12,8,4,existence,30.52
131,3,128,existence,220.31
109,65,44,existence,239.5
142,125,17,debt,491.79
116,9,107,debt,285.62
48,12,36,payment,138.43
141,77,64,payment,291.92
39,32,7,debt,116.28
58,21,37,existence,146.77
98,80,18,payment,333.44
45,2,43,existence,75.58
49,11,38,payment,131.37
11,7,4,existence,18.73
13,1,12,existence,17.97
59,40,19,debt,144.04
123,45,78,debt,361.72
155,140,15,payment,377.99
144,38,106,existence,303.3
2,1,1,payment,11.36
30,1,29,payment,87.22
146,82,64,debt,319.93
123,77,46,debt,282.31
83,36,47,debt,174.09
72,10,62,existence,109.7
14,8,6,payment,50.15
68,10,58,payment,175.34
59,26,33,existence,174.26
150,59,91,debt,470.57
7,4,3,debt,41.13
56,51,5,payment,224.7
109,53,56,existence,237.66
114,8,106,debt,183.83
124,23,101,payment,222.31
54,36,18,debt,197.7
2,1,1,payment,15.34
133,64,69,existence,330.65
153,150,3,payment,464.22
129,25,104,payment,200.94
130,58,72,debt,376.3
66,33,33,existence,186.48
14,12,2,existence,38.62
138,128,10,payment,388.8
106,88,18,existence,271.58
36,21,15,existence,103.18
90,11,79,debt,236.75
111,64,47,existence,286.26
29,1,28,debt,62.69
115,5,110,debt,249.12
18,16,2,debt,70.39
104,10,94,existence,216.03
156,93,63,payment,425.36
144,100,44,debt,424.49
38,36,2,existence,86.14
68,34,34,existence,207.56
90,63,27,payment,241.65
142,9,133,payment,291.82
19,10,9,debt,69.95
42,3,39,debt,120.79
68,32,36,existence,129.14
5,3,2,debt,17.76
146,46,100,payment,300.87
70,60,10,payment,169.41
62,40,22,debt,193.57
104,34,70,existence,241.7
112,76,36,payment,326.16
85,68,17,debt,188.83
150,119,31,payment,377.51
11,11,0,payment,38.11
148,139,9,debt,485.64
143,62,81,payment,342.59
19,18,1,debt,80.3
157,61,96,existence,347.57
28,28,0,existence,80.38
68,49,19,existence,126.96
51,48,3,debt,161.19
113,74,39,payment,277.5
146,101,45,existence,470.39
119,74,45,existence,377.06
115,18,97,existence,202.16
113,103,10,payment,378.23
43,40,3,existence,112.97
113,73,40,debt,245.84
57,19,38,existence,114.97
123,9,114,existence,220.47
61,40,21,existence,168.07
21,15,6,debt,61.12
56,22,34,debt,175.23
67,67,0,payment,247.05
132,109,23,debt,383.61
59,28,31,existence,100.8
67,34,33,debt,177.3
13,8,5,payment,35.05
32,25,7,payment,106.09
155,97,58,existence,484.88
137,85,52,existence,258.79
26,17,9,existence,47.34
152,1,151,payment,339.84
104,98,6,existence,323.36
27,24,3,debt,90.11
105,63,42,payment,319.53
9,3,6,payment,22.09
67,16,51,debt,170.59
102,46,56,payment,226.89
37,9,28,existence,89.63
60,54,6,payment,243.23
41,40,1,existence,102.25
100,90,10,existence,250.26
58,7,51,existence,144.84
78,44,34,payment,137.78
13,10,3,existence,22.64
127,108,19,payment,269.96
35,19,16,debt,93.69
24,21,3,debt,75.74
14,1,13,payment,39.25
7,2,5,payment,29.56
118,69,49,debt,301.05
71,4,67,debt,181.07
13,7,6,existence,30.96
37,12,25,payment,82.28
114,114,0,debt,317.09
134,10,124,payment,304.27
82,37,45,payment,199.52
93,34,59,payment,170.45
40,4,36,payment,94.32
101,8,93,debt,200.18
135,84,51,existence,403.38
57,57,0,existence,162
9,3,6,debt,49.72
27,1,26,debt,59.13
43,3,40,debt,83.55
93,64,29,debt,268.09
16,15,1,payment,54.56
13,6,7,existence,22.67
154,6,148,debt,250.92
93,33,60,debt,282.99
84,74,10,payment,245.84
127,43,84,debt,324.77
16,14,2,debt,56.88
53,22,31,debt,130.6
27,1,26,payment,74.29
100,29,71,existence,180.73
132,55,77,existence,226.69
122,95,27,existence,359.27
148,59,89,debt,349.21
16,14,2,payment,56.85
58,44,14,payment,182.25
101,79,22,payment,304.97
60,14,46,existence,131.26
143,33,110,existence,287.23
1,1,0,debt,15.39
122,17,105,existence,288.79
8,2,6,payment,22.27
14,4,10,payment,35.9
115,25,90,payment,229.61
24,18,6,debt,86.4
119,38,81,payment,255.57
70,49,21,existence,210.64
54,19,35,payment,120.05
66,41,25,existence,159.62
156,62,94,existence,408.1
70,14,56,existence,165.41
32,28,4,debt,115.75
12,8,4,debt,55.33
152,99,53,debt,425.82
153,47,106,existence,250.77
131,102,29,payment,400.36
5,1,4,existence,9.08
53,40,13,payment,127.23
81,21,60,payment,196.01
88,2,86,existence,164.91
87,62,25,payment,190.12
44,9,35,debt,103.49
103,70,33,payment,232.7
122,18,104,debt,333.6
89,5,84,existence,222.36
91,35,56,payment,188.29
114,11,103,debt,157.81
117,16,101,existence,188.64
117,110,7,payment,354.25
47,4,43,debt,143.62
25,19,6,payment,87.03
12,4,8,existence,29.24
140,128,12,existence,429.34
92,17,75,existence,247.86
114,65,49,existence,301.84
116,84,32,existence,301.45
136,125,11,debt,444.07
104,80,24,payment,299.92
28,14,14,existence,53.21
2,2,0,debt,25.79
49,24,25,debt,137.47
26,26,0,existence,94.35
153,67,86,debt,448.19
101,15,86,existence,234.04
60,55,5,debt,196.43
133,91,42,existence,275.69
36,29,7,existence,106.19
73,11,62,existence,178.9
124,85,39,existence,245.61
132,1,131,existence,229.17
123,98,25,payment,386.26
37,20,17,existence,108.41
101,94,7,payment,351.3
132,38,94,existence,211.45
45,22,23,existence,111.73
88,64,24,debt,303.62
23,7,16,debt,69.65
89,31,58,existence,154.45
66,61,5,debt,181.93
151,138,13,payment,369.5
150,103,47,debt,395.6
34,14,20,payment,81.24
57,50,7,payment,156.9
87,61,26,payment,258.1
80,79,1,existence,185
25,15,10,debt,81.56
93,5,88,existence,217.61
151,6,145,existence,241.84
35,18,17,debt,72.77
66,57,9,existence,177.7
155,95,60,payment,452
73,20,53,debt,161.59
139,27,112,debt,252.71
6,5,1,existence,19.01
35,26,9,debt,80.17
134,72,62,debt,408.46
118,101,17,debt,370.49
61,10,51,existence,142.59
76,43,33,payment,164.86
119,85,34,debt,401.03
126,57,69,existence,331.41
114,89,25,existence,238.02
4,1,3,debt,22.01
5,5,0,debt,41.07
10,4,6,payment,31.45
19,16,3,existence,52.16
130,128,2,existence,333.32
16,14,2,existence,48.87
64,62,2,payment,236.36
125,53,72,existence,234.58
79,41,38,payment,184.02
94,78,16,payment,205.83
132,46,86,existence,337.14
8,2,6,payment,22.55
79,17,62,debt,166.08
142,82,60,payment,407.91
5,1,4,payment,25.5
30,13,17,existence,67.17
89,80,9,debt,241.3
153,44,109,existence,439.55
96,71,25,payment,223.05
78,40,38,payment,214.37
121,95,26,payment,341.89
116,36,80,payment,281.35
87,41,46,existence,207.34
108,23,85,payment,277.54
134,8,126,debt,186.23
60,26,34,debt,144.32
125,111,14,debt,479.69
137,1,136,debt,276.63
133,1,132,existence,221.55
32,2,30,debt,83.11
149,50,99,existence,333.71
132,106,26,payment,363.18
94,75,19,debt,189.53
87,25,62,existence,207.97
94,9,85,existence,209.29
84,23,61,debt,255.35
98,83,15,debt,240.76
27,9,18,existence,45.47
9,6,3,debt,45.29
133,55,78,payment,244.91
26,22,4,payment,81.24
134,92,42,existence,408.27
44,18,26,debt,103.37
98,48,50,payment,203.01
53,36,17,payment,171.93
93,44,49,debt,256.12
120,44,76,payment,346.92
98,85,13,debt,334.87
83,12,71,payment,138.4
22,17,5,payment,68.99
142,103,39,debt,448.1
24,23,1,payment,52.83
55,46,9,existence,144.09
2,2,0,debt,22.72
152,35,117,payment,385.84
125,81,44,payment,329.81
50,47,3,debt,120.08
147,122,25,debt,371.35
105,25,80,existence,196.45
148,38,110,existence,283.29
21,5,16,debt,66.54
142,3,139,existence,322.61
69,49,20,existence,199.92
103,8,95,payment,160.01
35,11,24,existence,54.22
38,5,33,payment,81.84
114,72,42,debt,318.49
75,4,71,debt,126.26
94,73,21,existence,313.75
42,20,22,debt,129.19
144,49,95,payment,251.97
13,10,3,debt,54.24
91,59,32,existence,206.73
4,4,0,payment,21.7
38,23,15,existence,106.15
142,109,33,payment,397.59
106,77,29,debt,307.29
110,64,46,existence,360.57
75,45,30,existence,234.93
144,5,139,existence,250.8
21,10,11,payment,62.2
11,3,8,debt,33
13,8,5,existence,33.18
47,41,6,payment,123.11
112,9,103,existence,178.81
157,16,141,existence,238.15
152,8,144,existence,242.57
78,63,15,existence,220.77
150,62,88,debt,418.82
65,1,64,payment,98.29
79,61,18,debt,258.53
150,31,119,debt,398.17
129,80,49,payment,253.26
94,65,29,debt,194.62
86,16,70,debt,138.78
34,17,17,debt,90.45
100,25,75,debt,278.47
11,1,10,payment,25.49
140,86,54,existence,348.56
41,37,4,debt,133.41
119,117,2,payment,434.79
138,66,72,payment,402.8
69,23,46,existence,159.25
100,54,46,existence,203.54
21,1,20,payment,48.95
93,2,91,payment,198.37
145,89,56,existence,401.45
5,5,0,existence,15.92
50,5,45,debt,97.34
24,11,13,payment,70.75
17,3,14,existence,31.14
28,20,8,payment,93.54
153,63,90,payment,467.02
155,148,7,payment,324.65
104,93,11,payment,238.35
120,12,108,payment,203.66
79,53,26,existence,180.71
144,115,29,existence,351.37
51,9,42,payment,143.02
119,106,13,payment,367.66
29,21,8,debt,120.93
60,23,37,existence,135.25
118,47,71,debt,307.59
75,59,16,payment,238.4
108,86,22,existence,371.75
83,69,14,payment,276.96
94,90,4,payment,268.45
51,48,3,payment,136.77
33,26,7,debt,120.33
115,67,48,debt,359.54
12,10,2,existence,40.57
82,75,7,payment,246.57
21,3,18,payment,73.16
83,46,37,existence,201.9
40,3,37,payment,79.55
142,105,37,payment,349.88
62,32,30,existence,179.25
87,7,80,payment,175.96
98,97,1,payment,221.89
60,53,7,existence,169.29
19,3,16,payment,40.65
93,52,41,debt,196.29
26,26,0,payment,107.15
136,86,50,debt,416.31
142,84,58,payment,318.99
5,5,0,existence,13.92
97,12,85,payment,267.66
42,37,5,payment,112.68
147,95,52,debt,424.43
69,44,25,existence,151.39
137,75,62,existence,378.56
86,26,60,debt,214.81
105,87,18,existence,278.94
66,64,2,debt,189.96
103,27,76,payment,248.75
1,1,0,payment,20.19
12,8,4,payment,33.59
72,47,25,existence,232.87
107,10,97,existence,223.18
63,26,37,payment,150.77
88,81,7,payment,242.01
48,4,44,debt,85.37
74,39,35,existence,146.89
13,8,5,debt,51.95
57,57,0,existence,193.92
48,23,25,payment,141.17
111,109,2,existence,401.32
14,13,1,debt,60.51
94,14,80,payment,227.76
128,24,104,debt,206.7
97,56,41,existence,289.24
151,70,81,debt,412.09
44,41,3,payment,170.23
78,31,47,existence,154.37
1,1,0,existence,3.08
52,51,1,payment,172.78
129,22,107,debt,184.92
130,41,89,debt,213.46
130,81,49,existence,423.93
88,77,11,payment,241.35
96,80,16,debt,265.87
50,33,17,payment,153.24
118,51,67,payment,249.58
37,18,19,existence,69.12
147,83,64,existence,311.1
133,95,38,existence,380.41
51,32,19,existence,106.02
90,90,0,payment,229.61
82,77,5,payment,206.19
60,55,5,existence,194.15
60,51,9,debt,149.7
65,17,48,payment,154.76
109,108,1,existence,323.51
147,56,91,existence,230.75
27,9,18,debt,78.2
53,5,48,existence,95.66
87,45,42,debt,274.39
156,4,152,debt,283.18
69,57,12,payment,197.32
26,25,1,existence,86.86
3,1,2,payment,18.74
84,56,28,existence,185.37
29,29,0,debt,104.54
153,43,110,debt,346.25
93,25,68,debt,179.61
68,52,16,payment,174.34
126,11,115,payment,277.2
46,16,30,existence,95.89
108,74,34,payment,218.38
31,30,1,existence,61.49
34,6,28,debt,111.05
62,29,33,existence,185.57
108,72,36,debt,321.52
101,11,90,payment,251.39
94,29,65,payment,162.96
4,3,1,payment,19.7
73,53,20,payment,168.04
135,67,68,debt,294.16
15,6,9,existence,36.84
122,2,120,existence,167.7
144,71,73,debt,281.37
57,30,27,payment,180.71
112,46,66,payment,311.03
126,37,89,debt,363.96
55,55,0,debt,206.9
54,48,6,existence,186.86
50,23,27,debt,158.58
154,98,56,existence,332.89
79,27,52,debt,239
17,11,6,payment,47.9
123,87,36,existence,345.6
26,3,23,payment,51.94
92,69,23,debt,271.1
27,4,23,existence,55.95
23,11,12,existence,63.61
120,27,93,payment,225.98
139,116,23,existence,323.93
66,48,18,debt,233.21
110,58,52,existence,240.33
58,43,15,debt,139.54
51,36,15,payment,161.52
37,26,11,debt,129.72
14,4,10,debt,56.81
55,38,17,debt,205.1
136,82,54,existence,322.89
5,4,1,existence,13.49
71,23,48,payment,113.78
96,2,94,existence,138.5
69,50,19,payment,215.31
40,13,27,existence,74.5
107,70,37,payment,194.05
80,32,48,payment,219.9
18,16,2,debt,94.62
59,11,48,existence,131.51
30,10,20,existence,74
111,39,72,existence,228.93
134,18,116,existence,211.09
32,8,24,debt,110.56
20,8,12,payment,72.32
53,36,17,debt,157.96
153,58,95,payment,265.06
14,5,9,debt,34.58
137,30,107,payment,354.63
88,29,59,payment,259.24
77,37,40,payment,200.12
14,10,4,payment,52.45
140,137,3,debt,332.15
94,75,19,payment,303.34
142,10,132,existence,201.56
56,28,28,payment,127.7
76,21,55,debt,155.92
86,12,74,existence,112.84
151,33,118,debt,249.96
78,32,46,debt,237.37
150,20,130,debt,291.09
122,91,31,debt,331.36
112,84,28,existence,329.19
35,1,34,debt,58.86
57,30,27,payment,176.18
135,99,36,debt,284.4
100,30,70,debt,156.45
17,3,14,existence,37.2
137,54,83,debt,434.65
21,8,13,payment,73.22
43,31,12,payment,112.18
95,44,51,debt,271.75
87,79,8,payment,305.49
48,23,25,debt,158.22
111,88,23,existence,346.53
58,41,17,payment,150.98
23,4,19,debt,59.54
12,3,9,existence,31.79
105,23,82,payment,166.03
88,39,49,debt,193.42
14,10,4,debt,65.39
5,2,3,payment,21.75
123,18,105,payment,218.95
78,60,18,payment,246.4
61,47,14,payment,157.87
94,78,16,debt,308.86
139,21,118,existence,199.16
139,34,105,debt,221.94
69,4,65,payment,177.39
151,128,23,debt,536.68
41,5,36,debt,115.9
74,9,65,existence,113.5
88,28,60,existence,144.58
48,6,42,payment,96.01
40,38,2,payment,110.56
60,60,0,debt,188.31
43,36,7,payment,107.58
31,25,6,payment,86.26
37,11,26,debt,98.35
145,47,98,payment,244.87
128,32,96,existence,246.11
143,63,80,payment,341.17
43,27,16,debt,138.13
15,12,3,existence,49.65
12,9,3,debt,60.77
122,67,55,debt,383.72
114,73,41,debt,341.23
134,57,77,payment,340.59
155,108,47,existence,411.85
54,25,29,debt,136.15
59,59,0,debt,143.35
108,33,75,payment,302.35
43,20,23,debt,117.39
50,10,40,payment,102.66
99,26,73,existence,208.3
82,29,53,payment,166.34
76,43,33,existence,205.6
31,27,4,existence,87.38
77,16,61,debt,201.57
115,55,60,payment,233.5
93,6,87,debt,166.85
6,1,5,payment,24.22
149,85,64,existence,340.2
151,114,37,debt,445.87
131,21,110,payment,300.9
146,79,67,payment,388.6
19,15,4,existence,42.73
105,54,51,existence,269.7
98,23,75,existence,169.15
22,2,20,existence,56.51
14,2,12,existence,23.28
19,18,1,payment,67.62
5,1,4,debt,35.07
123,60,63,existence,363.59
41,40,1,debt,157
68,51,17,payment,241.98
157,5,152,payment,292.03
76,73,3,payment,238.12
45,27,18,existence,132.28
56,34,22,debt,188.47
78,77,1,payment,186.96
18,12,6,existence,45.28
75,42,33,existence,155.96
101,9,92,existence,215.95
37,32,5,debt,145
38,29,9,payment,101.77
5,1,4,debt,21.49
51,31,20,debt,118.01
108,52,56,payment,217.74
20,20,0,existence,47.43
64,49,15,debt,200.78
95,70,25,existence,169.27
127,90,37,payment,340.34
153,127,26,payment,516.28
121,14,107,debt,298.55
11,1,10,payment,40.62
125,114,11,payment,436.22
15,8,7,existence,42.33
67,47,20,existence,188.15
76,21,55,debt,127.34
38,36,2,debt,127.73
38,33,5,payment,129.15
108,44,64,debt,331.94
9,6,3,debt,32.23
143,15,128,existence,353.8
57,2,55,debt,109.37
94,34,60,payment,160.83
5,2,3,debt,29.25
118,72,46,payment,341.22
143,54,89,existence,366.11
126,10,116,debt,235.14
45,24,21,debt,132.13
116,78,38,payment,260.27
33,27,6,payment,118.95
21,5,16,payment,55.44
56,51,5,existence,165.86
55,45,10,existence,147.46
51,48,3,existence,155.24
22,20,2,debt,80.51
108,29,79,payment,199.7
66,64,2,existence,142.12
154,26,128,existence,291.92
145,21,124,debt,287.54
101,12,89,existence,133.95
99,42,57,debt,219.09
59,30,29,debt,120.57
141,37,104,debt,294.73
62,60,2,payment,148.82
150,109,41,payment,336.23
70,4,66,payment,186.33
143,86,57,existence,394.31
138,39,99,existence,385.51
121,87,34,payment,375.85
33,8,25,debt,109.87
67,18,49,existence,149.49
148,74,74,payment,343.23
25,25,0,debt,101.43
62,4,58,debt,88.28
69,66,3,debt,210.88
2,2,0,debt,16.77
61,24,37,debt,171.06
95,34,61,debt,177.3
90,52,38,payment,247.79
64,31,33,payment,180.39
34,9,25,payment,68.39
3,3,0,payment,17.09
148,31,117,existence,285.8
27,4,23,debt,76.6
20,8,12,existence,47.56
2,1,1,existence,5.38
83,68,15,existence,231.57
2,2,0,existence,5.96
34,10,24,debt,76.14
19,8,11,payment,57.5
36,36,0,existence,118.16
136,87,49,existence,371.15
93,60,33,existence,282.61
10,5,5,payment,35.42
120,33,87,existence,180.13
106,53,53,payment,260.55
7,3,4,debt,26.98
16,15,1,existence,54.82
100,63,37,existence,262.83
71,60,11,existence,243.84
157,122,35,existence,362.53
16,11,5,debt,69.79
143,112,31,existence,395.18
23,13,10,debt,79.13
15,14,1,payment,60.78
68,47,21,payment,174.62
118,18,100,existence,192
125,79,46,debt,368.58
7,2,5,existence,11.61
71,11,60,existence,162.65
86,66,20,existence,269.07
38,22,16,existence,105.21
30,25,5,payment,82.77
135,113,22,payment,331.98
131,11,120,payment,343.69
59,12,47,payment,118.69
105,19,86,existence,258.32
93,48,45,debt,243.22
97,28,69,existence,251.51
87,11,76,payment,224.4
69,11,58,payment,177.34
22,21,1,existence,49.2
92,51,41,debt,233.55
30,26,4,existence,105.53
148,72,76,existence,282.79
36,17,19,payment,84.14
12,10,2,debt,60.91
72,9,63,payment,157.63
75,5,70,existence,125.19
93,32,61,debt,250.52
62,23,39,existence,109.17
1,1,0,existence,2.04
4,2,2,debt,21.69
3,1,2,existence,5.66
156,103,53,payment,499.13
111,39,72,debt,251.47
49,16,33,debt,144.66
13,1,12,debt,51.1
43,39,4,payment,100.13
146,46,100,debt,276.41
129,97,32,existence,322.91
58,19,39,existence,138.51
16,8,8,payment,59.71
116,60,56,payment,331.71
60,20,40,payment,192.59
109,16,93,existence,222
78,25,53,payment,199.89
102,94,8,debt,236.46
137,95,42,existence,306.4
78,15,63,payment,166.55
127,47,80,payment,377.63
146,53,93,debt,253.83
138,88,50,debt,482.44
154,99,55,payment,384.9
35,32,3,existence,76.26
36,3,33,existence,81.03
38,22,16,payment,124.16
87,80,7,existence,286.01
4,3,1,existence,9.29
132,56,76,payment,324.77
47,31,16,debt,118.79
95,47,48,payment,201.11
100,24,76,debt,274.92
123,22,101,debt,293.29
37,34,3,payment,127.29
85,17,68,existence,178.03
42,38,4,payment,117.6
92,23,69,debt,240.89
76,11,65,existence,201.49
100,63,37,existence,171.11
55,30,25,existence,111.13
87,49,38,payment,217.58
65,42,23,debt,231.99
7,5,2,existence,17.53
21,6,15,debt,83.73
150,43,107,debt,246.27
23,2,21,existence,36.7
73,72,1,payment,242.49
26,8,18,debt,63.59
144,140,4,payment,543.37
153,1,152,payment,375.37
89,69,20,debt,214.66
112,99,13,payment,271.81
5,5,0,payment,28.27
18,9,9,payment,60.34
80,74,6,payment,299.25
110,20,90,payment,210.66
66,44,22,existence,139.39
48,27,21,debt,131.97
133,110,23,existence,340.34
30,4,26,debt,88.16
85,30,55,existence,147.72
47,35,12,payment,159.04
74,20,54,existence,162.02
8,4,4,debt,44.74
2,2,0,payment,15.39
90,11,79,existence,221.61
27,5,22,payment,58.65
42,20,22,debt,138.84
39,24,15,existence,99.21
69,67,2,payment,185.27
1,1,0,debt,30.74
134,52,82,payment,277.06
97,12,85,debt,163.1
120,70,50,debt,301.03
139,119,20,existence,453.05
40,4,36,payment,79.12
95,10,85,payment,171.09
76,38,38,payment,221.42
126,13,113,payment,293.17
26,20,6,debt,93.23
12,4,8,existence,25.41
145,85,60,debt,477.64
13,5,8,payment,44.95
121,12,109,existence,175.97
16,16,0,payment,58.66
43,23,20,debt,106.29
37,26,11,payment,101.76
121,41,80,debt,330.62
146,125,21,existence,500.92
53,41,12,existence,100.2
106,24,82,payment,236.1
100,57,43,existence,280.62
50,7,43,payment,122.5
42,16,26,payment,76.24
70,51,19,existence,202.73
38,19,19,existence,83.85
60,10,50,debt,99.08
132,42,90,debt,267.54
52,52,0,debt,132.78
78,12,66,existence,118.06
2,2,0,existence,5.22
155,128,27,payment,510.37
1,1,0,existence,2.73
47,35,12,existence,89.72
25,8,17,payment,73.94
85,60,25,payment,217.31
44,37,7,existence,107.98
112,17,95,existence,153.81
4,4,0,existence,14.97
134,32,102,debt,230.69
113,1,112,payment,258.21
76,48,28,existence,216.92
154,131,23,existence,474.57
48,46,2,existence,119.07
75,68,7,payment,250.89
61,50,11,debt,192.54
146,126,20,existence,387.82
1,1,0,debt,15.27
23,13,10,debt,66.62
17,12,5,debt,63.57
16,12,4,existence,46.13
41,2,39,existence,59.91
152,2,150,debt,256.7
53,22,31,payment,158.8
125,88,37,debt,394.27
97,57,40,existence,218.93
156,113,43,debt,422.68
117,81,36,debt,350.7
133,41,92,payment,344.34
14,7,7,payment,49.1
83,71,12,existence,241.81
127,31,96,existence,195.6
143,16,127,debt,322.82
136,42,94,debt,278.06
75,10,65,existence,149.09
28,23,5,existence,71.39
60,45,15,payment,154.81
115,91,24,existence,234.62
35,32,3,payment,106.47
96,33,63,debt,205.05
1,1,0,payment,14.76
45,23,22,existence,89.59
114,96,18,debt,352.98
117,1,116,payment,303.53
64,45,19,debt,122.23
31,24,7,debt,124.52
93,58,35,debt,247.66
150,41,109,existence,329.42
95,24,71,payment,193.98
23,3,20,existence,45.97
87,46,41,payment,261.88
22,9,13,debt,61.67
28,14,14,existence,68.89
153,141,12,existence,532
80,60,20,existence,195.39
11,7,4,existence,22.48
46,1,45,existence,107.77
77,21,56,debt,220.84
16,3,13,payment,60.72
131,117,14,debt,422.4
105,2,103,existence,150.73
146,109,37,existence,410.77
21,8,13,existence,48.31
151,97,54,debt,355.93
20,8,12,debt,55.08
156,108,48,debt,401.09
143,16,127,existence,242.02
82,25,57,debt,232.61
113,11,102,existence,204.91
52,48,4,debt,203.32
26,4,22,payment,59.66
82,53,29,existence,249.55
49,28,21,debt,144.07
38,34,4,debt,121.83
119,32,87,debt,239.59
142,10,132,payment,184.08
73,64,9,existence,175.65
68,23,45,existence,142.29
139,1,138,debt,368.1
5,5,0,debt,32.54
114,55,59,existence,231.04
132,83,49,debt,398.35
123,6,117,debt,175.66
151,24,127,existence,406.33
110,85,25,debt,325.95
155,58,97,payment,279.12
150,149,1,payment,439.71
98,42,56,existence,205.57
25,6,19,payment,71.9
114,112,2,debt,300.46
134,57,77,existence,250.24
49,29,20,payment,114.76
46,46,0,debt,171.58
23,18,5,debt,84.81
4,3,1,debt,20.08
112,27,85,existence,316.02
67,51,16,payment,148.24
7,2,5,existence,11.73
145,12,133,debt,287.04
157,114,43,payment,427.4
39,13,26,existence,76.33
156,61,95,debt,296.79
78,77,1,debt,256.5
19,12,7,payment,63.27
130,14,116,existence,293.7
15,2,13,existence,25.43
151,114,37,debt,285.22
75,34,41,debt,168.84
23,20,3,debt,91.78
140,37,103,existence,308.8
116,29,87,debt,209.21
122,16,106,payment,244.25
113,16,97,debt,254.08
46,9,37,existence,81.37
116,109,7,existence,285.5
97,72,25,existence,225.85
58,19,39,existence,139.05
21,3,18,payment,64.17
84,27,57,debt,229.99
129,34,95,existence,245.8
52,4,48,debt,94.9
80,23,57,debt,154.66
126,55,71,debt,388.83
130,51,79,payment,348.36
115,52,63,debt,233.47
54,27,27,existence,97.94
125,112,13,payment,320.72
22,12,10,payment,65.74
68,24,44,existence,119.31
51,13,38,debt,112.34
44,27,17,debt,145.21
26,11,15,existence,53.24
144,7,137,debt,197.28
77,75,2,payment,219.68
153,123,30,existence,330.4
5,2,3,payment,29.06
56,8,48,existence,91.69
15,14,1,debt,62.48
63,21,42,existence,103.94
54,42,12,debt,198.75
19,17,2,existence,56.47
30,12,18,existence,89.95
92,50,42,existence,237.05
147,62,85,debt,281.57
17,9,8,payment,46.93
109,31,78,debt,210.54
31,29,2,existence,97.44
44,40,4,debt,119.87
60,2,58,existence,84.58
26,19,7,payment,74.55
67,45,22,payment,231.43
152,126,26,payment,399.29
38,23,15,debt,85.55
150,16,134,debt,270.04
31,26,5,existence,81.39
1,1,0,debt,30.54
77,58,19,debt,227.01
73,54,19,debt,182.13
70,39,31,debt,210.48
8,2,6,debt,34.72
9,2,7,payment,23.93
153,24,129,debt,267.51
54,54,0,payment,161.62
116,94,22,payment,330.5
100,85,15,debt,326.34
77,14,63,payment,211.9
114,14,100,debt,268.13
74,32,42,payment,226.22
64,52,12,payment,155.85
31,22,9,existence,69.02
37,25,12,existence,76.24
79,26,53,existence,210.85
136,113,23,debt,436.61
20,9,11,payment,77.12
111,85,26,debt,394.43
136,7,129,debt,342.45
45,15,30,existence,82.31
142,141,1,debt,361.27
127,100,27,payment,427.23
147,128,19,payment,354.85
156,156,0,existence,408.36
82,12,70,existence,147.19
11,7,4,payment,44.12
143,89,54,existence,414.74
116,7,109,payment,172.15
64,13,51,debt,120.27
146,80,66,payment,324.75
107,22,85,debt,212.86
3,1,2,payment,13.12
63,52,11,existence,186.05
122,83,39,payment,271.01
30,20,10,existence,92.18
123,97,26,existence,430.67
23,21,2,payment,90.95
76,45,31,existence,179.3
52,19,33,existence,108.33
148,118,30,debt,382.12
125,53,72,debt,262.31
111,34,77,debt,205.12
94,45,49,debt,183.45
58,41,17,existence,148.17
134,4,130,payment,322.18
13,12,1,payment,45.15
45,10,35,debt,88.38
126,82,44,payment,357.23
139,60,79,payment,294.43
33,16,17,payment,93.96
120,47,73,debt,324.94
71,7,64,payment,166.71
22,9,13,payment,77.76
39,11,28,existence,94.88
153,116,37,debt,416.33
77,11,66,existence,194.84
19,19,0,existence,47.46
56,19,37,existence,122.58
116,67,49,debt,263.28
44,28,16,debt,105.14
7,4,3,existence,20.89
56,47,9,payment,175.38
87,22,65,debt,189.73
82,38,44,existence,144.59
53,41,12,existence,122.04
47,34,13,debt,154.3
70,51,19,existence,195.67
23,20,3,debt,75.95
103,48,55,existence,293.16
122,111,11,existence,388.45
145,124,21,payment,454.88
78,65,13,payment,225.55
94,33,61,payment,270.53
11,7,4,debt,36.63
46,15,31,debt,95.39
41,2,39,existence,88.71
148,119,29,debt,373.39
112,1,111,debt,210.15
92,7,85,debt,236.44
36,18,18,debt,82.77
62,28,34,debt,132.22
63,30,33,debt,125.33
17,16,1,debt,74.63
131,101,30,debt,470.11
30,3,27,debt,84.12
110,9,101,existence,194.04
109,103,6,debt,247.41
148,145,3,debt,476.72
29,7,22,debt,57.51
83,31,52,debt,199.53
22,15,7,payment,61
63,42,21,debt,226.59
93,48,45,debt,276.1
105,43,62,debt,184.6
56,54,2,existence,159.84
51,6,45,existence,89.06
1,1,0,debt,14.88
68,51,17,existence,228.74
135,82,53,existence,369.41
119,7,112,payment,179.84
124,10,114,existence,174.17
128,97,31,payment,441.26
149,60,89,debt,335.9
38,38,0,existence,98.92
69,16,53,payment,146.45
8,6,2,debt,47.62
102,89,13,existence,227.73
104,26,78,existence,274.96
23,12,11,debt,61.42
36,33,3,existence,93.36
80,20,60,existence,148.43
38,27,11,payment,139.02
146,123,23,debt,481.25
90,35,55,debt,244.01
53,27,26,debt,167.42
69,21,48,existence,162.56
154,149,5,debt,405.84
95,30,65,existence,151.58
92,6,86,debt,180.54
115,64,51,debt,274.59
45,28,17,payment,96.26
86,77,9,payment,287.05
122,109,13,debt,400.82
36,26,10,existence,95.33
52,7,45,existence,93.2
62,43,19,existence,163.89
141,114,27,existence,267.97
25,4,21,existence,55.13
75,67,8,payment,211.26
145,102,43,existence,342.11
18,5,13,payment,60.78
128,25,103,existence,309.39
15,8,7,debt,58.91
14,2,12,existence,36.12
45,39,6,debt,168.36
46,27,19,payment,127.13
151,117,34,existence,390.35
65,24,41,debt,158.26
123,56,67,debt,233.98
122,120,2,existence,300.85
41,25,16,debt,116.01
55,12,43,existence,147.03
52,19,33,debt,169.72
151,103,48,payment,344.87
26,6,20,debt,78.32
123,62,61,payment,364.1
39,10,29,payment,94.64
125,9,116,debt,196.35
65,45,20,payment,173.6
112,59,53,existence,311.67
23,6,17,existence,63.35
44,23,21,existence,116
121,88,33,payment,400.84
108,53,55,debt,276.5
128,1,127,existence,205.74
118,109,9,debt,452.83
149,58,91,debt,268.54
123,112,11,existence,385.39
34,1,33,existence,74.59
121,95,26,payment,280.52
131,105,26,existence,276.86
47,43,4,debt,123.68
19,11,8,payment,58.81
143,138,5,debt,549.57
113,92,21,payment,279.76
105,59,46,debt,255.83
149,26,123,payment,410.49
68,24,44,existence,167.06
127,103,24,payment,381.94
28,12,16,debt,85.42
131,8,123,payment,319.19
152,121,31,debt,493.46
121,68,53,existence,209.33
39,25,14,debt,131.3
49,23,26,debt,141.89
52,24,28,payment,140.84
92,23,69,existence,161.23
98,14,84,existence,220.25
39,25,14,payment,101.96
72,40,32,debt,182.44
152,45,107,debt,377.73
115,109,6,payment,412.9
113,107,6,debt,348.1
35,15,20,debt,100.12
92,65,27,debt,316.85
12,7,5,existence,27.27
65,7,58,debt,123.61
120,46,74,payment,293.41
33,8,25,debt,93.25
81,72,9,debt,285.47
86,32,54,payment,162.37
7,4,3,payment,28.95
132,83,49,existence,241.68
97,40,57,debt,256.51
107,86,21,debt,277.44
61,52,9,debt,168.87
96,75,21,existence,214.21
10,9,1,debt,45.87
157,27,130,existence,286.13
57,38,19,debt,208.39
141,52,89,payment,337.62
108,17,91,debt,213.01
84,26,58,debt,233.74
136,116,20,payment,291.44
138,42,96,payment,249.59
23,7,16,existence,38.76
103,50,53,existence,252.9
57,13,44,debt,104.28
28,7,21,debt,71.33
103,38,65,debt,254.65
131,7,124,debt,325.75
46,33,13,payment,148.58
90,30,60,debt,195.05
25,1,24,debt,76.35
134,17,117,debt,337.04
52,31,21,payment,164.4
61,52,9,debt,209.08
25,5,20,debt,61.74
151,60,91,debt,391.85
51,12,39,existence,114.49
3,3,0,payment,26.86
95,77,18,payment,256.44
6,5,1,existence,20.37
2,2,0,payment,19.64
45,44,1,payment,126.48
26,26,0,debt,90.86
40,30,10,payment,102.53
122,122,0,payment,257.47
10,5,5,debt,47.25
104,39,65,debt,199.33
79,22,57,existence,177.86
142,73,69,payment,340.52
133,16,117,debt,377.51
153,129,24,existence,324.16
21,7,14,existence,51.95
128,56,72,existence,377.84
136,113,23,payment,341.84
97,49,48,payment,314.56
36,18,18,payment,99.25
87,66,21,payment,225.01
108,75,33,debt,326.88
133,29,104,payment,223.68
82,59,23,debt,254.62
78,38,40,existence,222.63
146,95,51,payment,401.15
31,19,12,debt,102.12
36,8,28,debt,98.29
85,16,69,debt,215.66
119,56,63,payment,243.64
7,3,4,debt,39.39
115,57,58,payment,377.06
37,4,33,payment,107.39
17,1,16,existence,25.88
130,21,109,payment,347.54
107,85,22,debt,402.74
129,58,71,payment,290.39
40,6,34,payment,80.25
75,37,38,debt,226.08
82,5,77,debt,153.88
28,23,5,existence,84.78
135,58,77,existence,407.52
147,147,0,existence,453.82
113,13,100,payment,249.59
11,1,10,debt,39.51
49,25,24,debt,140.06
129,31,98,payment,228.19
43,14,29,existence,87.66
103,56,47,existence,323.54
137,35,102,payment,335.81
42,24,18,payment,110.46
107,68,39,payment,225.48
148,83,65,payment,481.2
50,20,30,existence,135.64
10,8,2,payment,27.11
7,7,0,debt,26.9
44,20,24,existence,107.99
149,17,132,existence,213.23
100,32,68,payment,227.91
118,21,97,payment,257.94
63,18,45,payment,141.35
126,112,14,existence,294.65
131,111,20,debt,325.02
94,18,76,existence,132.37
11,6,5,existence,23.04
123,46,77,payment,347
129,70,59,debt,371.62
104,55,49,payment,302.19
83,44,39,existence,215.43
29,17,12,payment,98.98
50,7,43,existence,78.74
70,67,3,payment,213.23
37,4,33,payment,111.05
27,13,14,existence,75.98
125,24,101,payment,328.34
80,19,61,debt,145.51
7,2,5,payment,24.57
112,34,78,payment,220.07
135,37,98,existence,219.96
87,69,18,existence,224.91
115,10,105,existence,205.82
136,134,2,debt,443.89
97,96,1,debt,317.23
63,38,25,debt,203.66
63,54,9,existence,198.43
155,130,25,debt,428.24
129,105,24,debt,313.26
45,23,22,existence,120.15
117,87,30,payment,357.08
95,55,40,payment,246.52
125,23,102,debt,249.45
107,29,78,existence,150.39
5,1,4,debt,35.94
66,2,64,payment,120.14
97,48,49,existence,230.31
51,45,6,existence,135.1
47,5,42,debt,104.23
84,5,79,existence,110.11
73,16,57,existence,186.05
56,38,18,payment,137.65
109,64,45,payment,255.98
63,21,42,payment,144.06
55,49,6,debt,201.94
157,149,8,existence,559.37
121,6,115,existence,266.83
47,3,44,debt,126.33
52,38,14,existence,135.19
50,48,2,debt,124.57
87,29,58,payment,255.43
104,91,13,debt,257.51
123,63,60,existence,223.77
144,80,64,debt,292.92
109,28,81,existence,184.71
17,11,6,existence,44.49
105,44,61,debt,256.5
116,116,0,payment,359.66
92,71,21,payment,282.42
9,6,3,existence,17.66
111,107,4,existence,361.56
100,10,90,payment,244.25
152,43,109,debt,290.83
119,68,51,debt,363.56
81,14,67,payment,216.12
144,48,96,existence,308.31
104,65,39,existence,280.16
119,27,92,debt,248.13
130,113,17,payment,267.3
51,30,21,existence,141.71
140,23,117,existence,339.48
135,95,40,payment,415.24
114,92,22,debt,394.87
80,16,64,payment,129.59
49,49,0,payment,125.74
147,84,63,existence,355.4
88,16,72,debt,234.31
76,53,23,debt,204.07
11,11,0,existence,27.09
18,3,15,existence,24.9
32,29,3,debt,129.89
20,14,6,debt,74.51
48,44,4,payment,147.78
71,15,56,payment,170.26
13,12,1,payment,48.94
90,21,69,payment,189.81
36,6,30,debt,73.27
20,19,1,existence,58.05
2,1,1,existence,3.58
10,6,4,debt,30.17
138,131,7,existence,436.8
123,54,69,existence,202.91
142,16,126,existence,362.11
1,1,0,existence,2.51
39,6,33,payment,84.59
52,6,46,payment,77.33
131,112,19,existence,358.06
80,45,35,existence,155.22
19,16,3,payment,70.62
129,27,102,debt,297.1
114,100,14,payment,358.35
143,141,2,existence,369.33
134,77,57,payment,284.36
103,53,50,debt,307.16
42,32,10,debt,125.19
108,45,63,debt,327.95
11,9,2,payment,37.55
146,6,140,payment,260.36
130,33,97,payment,353.05
96,68,28,debt,244.27
146,51,95,debt,368.78
93,91,2,debt,215.7
118,115,3,payment,314.61
35,32,3,payment,123.31
43,26,17,existence,108.11
120,40,80,debt,276.99
20,5,15,payment,61.8
10,2,8,debt,30.83
62,51,11,debt,217.36
97,33,64,payment,264.3
1,1,0,debt,11.28
108,14,94,existence,211.91
69,57,12,payment,175.93
124,101,23,debt,288.8
94,6,88,debt,185.87
72,71,1,payment,208.35
123,8,115,debt,223.79
112,105,7,payment,421.51
102,60,42,payment,310.18
130,40,90,existence,350.42
41,34,7,payment,153.02
28,20,8,payment,77.29
109,65,44,payment,204.09
76,75,1,payment,237.08
54,43,11,payment,196.1
24,17,7,existence,48.44
100,44,56,debt,253.37
42,9,33,payment,94.32
77,23,54,existence,217.69
67,28,39,existence,157.01
119,26,93,payment,220.78
18,5,13,payment,41.8
1,1,0,debt,14.61
51,45,6,debt,168.97
2,1,1,payment,16.69
105,43,62,debt,171.72
154,74,80,debt,349.34
77,30,47,existence,131.45
28,11,17,existence,50.52
82,40,42,payment,172.46
134,118,16,payment,454.18
48,10,38,payment,108.75
38,8,30,debt,114.88
92,30,62,debt,178.35
146,58,88,payment,399.7
156,86,70,debt,283.23
86,4,82,existence,138.16
30,1,29,payment,68.38
34,26,8,existence,88.48
75,58,17,payment,232.82
45,7,38,payment,79.26
119,73,46,debt,318.54
108,82,26,existence,273.43
71,26,45,debt,136.5
152,152,0,payment,468.39
38,13,25,existence,68.75
63,33,30,debt,189.17
36,16,20,existence,95.97
49,3,46,existence,125.16
101,93,8,existence,236.21
85,26,59,debt,243.28
80,29,51,existence,114.57
89,61,28,existence,192.6
76,17,59,payment,192.87
79,62,17,debt,291.77
78,65,13,existence,160.93
154,50,104,payment,438.91
12,4,8,existence,19.71
112,28,84,existence,270.83
146,141,5,payment,500
17,8,9,debt,41.92
37,23,14,existence,106.48
48,26,22,existence,114.82
132,59,73,debt,336.7
54,20,34,payment,149.87
95,16,79,existence,137.45
157,122,35,existence,402.28
73,72,1,existence,233.9
40,15,25,existence,81.38
130,42,88,debt,205.26
10,8,2,existence,19.12
60,27,33,debt,205.05
72,51,21,debt,210.45
26,13,13,debt,91.16
3,3,0,debt,34.61
67,25,42,existence,106.02
31,15,16,debt,89.75
76,54,22,existence,235.74
55,49,6,payment,145.64
148,114,34,debt,373.1
84,1,83,debt,133.39
27,5,22,debt,65.94
30,16,14,debt,82.46
14,2,12,existence,22.58
120,49,71,payment,184.43
1,1,0,debt,15.03
121,104,17,existence,365
72,3,69,existence,154.93
106,5,101,existence,130.7
40,19,21,existence,93.98
108,71,37,debt,270.03
115,61,54,debt,261.1
120,15,105,existence,274.2
12,12,0,payment,41.78
84,66,18,payment,229.63
152,77,75,payment,428.2
55,5,50,debt,94.8
14,11,3,payment,36.5
150,14,136,existence,277.28
39,16,23,payment,108.36
16,3,13,debt,44.12
119,107,12,existence,411.29
154,94,60,payment,490.23
77,44,33,existence,226.79
28,23,5,debt,93.38
92,47,45,existence,267.4
96,18,78,existence,141.44
128,82,46,existence,262.32
111,45,66,debt,310.71
117,30,87,payment,279.79
146,21,125,debt,361.2
59,24,35,payment,127.07
52,34,18,payment,147.53
104,51,53,payment,217.65
41,35,6,existence,89.48
113,83,30,existence,223.41
146,45,101,existence,243.52
143,33,110,debt,293.23
86,32,54,existence,214.63
137,1,136,debt,351.55
24,1,23,existence,33.31
61,1,60,debt,90.68
41,26,15,payment,146.18
89,2,87,payment,177.37
131,123,8,existence,335.94
118,18,100,debt,238.4
56,6,50,payment,115.11
64,54,10,payment,239.59
18,8,10,payment,53.98
132,32,100,existence,205.07
2,2,0,existence,5.58
97,13,84,debt,157.71
11,5,6,payment,37.35
15,11,4,payment,55.71
119,82,37,debt,423.41
77,35,42,existence,185.48
98,16,82,debt,242.6
111,71,40,payment,289.86
66,3,63,payment,163.74
111,110,1,payment,285.12
68,40,28,existence,167.13
48,40,8,debt,153.66
51,10,41,payment,109.84
31,21,10,existence,77.44
121,114,7,existence,391.84
153,79,74,existence,403.01
109,52,57,payment,213.61
137,23,114,debt,278.16
2,2,0,existence,5.01
110,16,94,payment,265.34
90,35,55,existence,228.63
16,3,13,payment,44.4
21,12,9,existence,49.86
47,15,32,existence,118.53
119,71,48,debt,273.1
101,9,92,existence,154.36
99,78,21,existence,216.67
41,25,16,debt,122.56
91,40,51,existence,182.85
9,2,7,existence,18.36
61,26,35,debt,126.14
155,75,80,payment,415.24
156,145,11,existence,433.42
148,73,75,payment,280.23
98,76,22,payment,314.62
115,95,20,existence,307.1
66,25,41,payment,201.87
40,36,4,existence,116.66
63,9,54,debt,142.51
2,2,0,debt,24.12
10,7,3,existence,27.93
25,10,15,payment,53.83
45,32,13,payment,107.06
133,98,35,debt,401.43
82,19,63,payment,158.13
105,30,75,debt,296.71
1,1,0,payment,11.94
27,4,23,debt,69.89
67,23,44,debt,158.17
59,25,34,debt,181.19
9,2,7,payment,28.33
57,20,37,payment,145.23
129,88,41,debt,410.82
54,22,32,debt,166.88
57,55,2,debt,175.19
65,20,45,existence,172.12
42,29,13,payment,105.89
153,133,20,existence,564.02
143,104,39,existence,337.47
141,73,68,payment,328.88
138,16,122,debt,261.32
87,40,47,existence,268.73
28,26,2,existence,66.14
32,9,23,debt,70.35
137,53,84,existence,340.42
85,74,11,debt,183.54
153,86,67,debt,425.35
87,77,10,debt,244.8
51,6,45,payment,143.64
55,15,40,payment,168.21
53,42,11,existence,118.96
141,119,22,payment,419.84
51,39,12,debt,193.31
71,25,46,payment,131.01
34,15,19,existence,66.66
42,25,17,payment,115.92
13,6,7,existence,20.75
121,121,0,payment,283.45
32,29,3,payment,74.53
124,96,28,existence,233.29
56,31,25,payment,140.35
33,6,27,payment,96.76
155,39,116,payment,241.24
62,6,56,existence,125.74
55,16,39,existence,95.78
6,1,5,debt,39.95
95,17,78,existence,195.89
91,1,90,debt,206.86
69,52,17,payment,216.29
122,8,114,debt,315.68
8,6,2,debt,43.93
6,5,1,existence,15.3
32,24,8,debt,98.93
71,11,60,payment,160.88
52,11,41,payment,153.58
117,107,10,existence,277.03
140,45,95,debt,369.7
78,55,23,debt,249.73
5,4,1,payment,21.46
155,40,115,existence,371.49
15,2,13,debt,38.16
153,133,20,existence,487.01
115,74,41,debt,261.55
107,83,24,debt,362.92
144,22,122,payment,273.15
100,93,7,payment,254.65
144,34,110,existence,260.02
126,96,30,payment,301.95
37,19,18,debt,79.01
116,112,4,payment,399.44
108,5,103,payment,218.55
80,80,0,debt,246.95
124,88,36,existence,318.48
71,39,32,payment,220.59
94,40,54,existence,205.66
135,67,68,debt,397.58
29,13,16,existence,59.04
74,10,64,existence,189.24
30,10,20,debt,108.35
108,48,60,payment,244.1
102,36,66,debt,288.15
48,36,12,existence,115.26
63,9,54,existence,110.05
141,75,66,debt,442.3
6,5,1,payment,32.39
98,5,93,payment,140.92
75,55,20,existence,159.4
50,35,15,debt,156.2
44,37,7,existence,119.86
17,17,0,debt,52.06
80,79,1,debt,279.63
150,8,142,existence,263.37
115,94,21,payment,393.98
118,5,113,existence,242.17
157,128,29,existence,315.27
19,2,17,payment,45.57
135,1,134,existence,262.6
136,97,39,payment,373.87
20,1,19,payment,53.36
54,49,5,debt,174.76
91,38,53,payment,235.63
98,11,87,payment,246.88
147,111,36,existence,309.17
130,7,123,payment,182.56
96,65,31,existence,316.01
157,57,100,payment,460.88
56,53,3,debt,223.21
22,5,17,payment,41.28
39,3,36,existence,90.26
145,140,5,debt,477.53
12,8,4,debt,39.94
35,22,13,existence,76.04
38,37,1,debt,121.35
61,16,45,payment,126.42
50,6,44,existence,105.62
16,14,2,debt,77.24
75,17,58,debt,128.51
89,57,32,existence,264.61
85,72,13,payment,205.53
68,55,13,payment,196.82
152,141,11,payment,432.24
41,32,9,payment,162.32
146,15,131,debt,212.02
129,72,57,existence,373.54
49,13,36,existence,77.51
67,35,32,existence,201.95
15,1,14,debt,43.88
149,119,30,payment,402.52
71,49,22,debt,236.5
89,44,45,existence,253.29
76,41,35,existence,172.88
138,124,14,payment,327.89
128,95,33,payment,363.15
24,2,22,existence,51.18
111,88,23,debt,395.99
133,19,114,existence,276.4
25,17,8,debt,93.31
149,9,140,payment,369.83
12,4,8,existence,33.33
4,2,2,debt,35.44
61,34,27,debt,157.36
68,65,3,debt,199.2
51,17,34,payment,149.44
127,106,21,payment,326.01
70,6,64,payment,155.04
139,83,56,debt,291.54
85,2,83,debt,184.45
129,97,32,debt,315.66
33,14,19,existence,63.35
67,15,52,existence,97.89
7,5,2,debt,39.21
44,11,33,existence,70.91
93,75,18,debt,305.72
101,27,74,existence,199.3
128,70,58,debt,435.79
83,55,28,existence,171.7
95,49,46,existence,191.51
2,1,1,debt,25.98
88,82,6,existence,220.62
153,43,110,debt,405.56
99,47,52,existence,244.08
110,89,21,debt,406.9
108,44,64,existence,170.78
33,7,26,existence,59.97
153,150,3,debt,400.79
12,5,7,payment,40.66
62,36,26,payment,181.72
60,55,5,existence,171.29
38,28,10,payment,110.34
66,18,48,debt,170.04
42,4,38,debt,98
140,91,49,existence,266.42
80,77,3,payment,265.97
98,43,55,payment,221.98
15,2,13,existence,37.09
53,43,10,debt,153.11
139,86,53,payment,245.35
115,93,22,payment,295.26
99,8,91,existence,205.37
51,4,47,debt,105.4
63,49,14,payment,176.65
130,20,110,payment,279.29
144,10,134,payment,371.34
52,15,37,debt,125.09
33,3,30,debt,78.76
154,148,6,payment,422.8
42,32,10,existence,107.14
75,37,38,debt,152.49
20,9,11,existence,37.88
107,88,19,existence,236.6
29,21,8,debt,103.65
149,133,16,debt,369.38
46,37,9,debt,129.82
21,21,0,payment,50.95
22,22,0,payment,91.33
39,17,22,debt,111.18
48,34,14,existence,150.7
133,82,51,debt,365.93
18,7,11,debt,72.08
121,82,39,existence,272.97
150,128,22,debt,412.76
112,103,9,existence,268.39
64,16,48,payment,101.98
14,13,1,existence,34.67
115,32,83,debt,202.8
1,1,0,payment,20.66
156,123,33,existence,551.58
126,42,84,debt,279.51
101,41,60,debt,207.51
1,1,0,payment,19.81
76,54,22,payment,186.48
40,11,29,payment,79.53
40,25,15,existence,92.97
112,78,34,debt,318.61
131,52,79,payment,325.62
114,11,103,debt,251.24
97,2,95,debt,172.08
27,25,2,payment,84.47
118,23,95,debt,293.49
156,128,28,existence,417.35
153,67,86,debt,445.18
106,63,43,existence,212.03
54,40,14,debt,137.16
59,38,21,debt,173.58
110,24,86,debt,191.94
138,6,132,debt,209.8
37,19,18,debt,82.6
62,61,1,existence,203.34
28,22,6,debt,114.57
58,39,19,existence,178.44
82,72,10,debt,196.96
72,64,8,payment,216.64
39,19,20,payment,123.92
27,3,24,debt,71.97
106,93,13,existence,262.42
136,133,3,debt,481.41
154,133,21,payment,384.12
16,7,9,debt,42.21
122,21,101,debt,256.54
81,68,13,payment,228.28
56,13,43,payment,157.57
65,32,33,existence,176.53
93,84,9,debt,351.14
16,6,10,existence,36.16
1,1,0,existence,2.76
152,2,150,payment,205.43
2,2,0,payment,14.29
77,58,19,payment,245.65
136,125,11,existence,338.11
86,35,51,payment,234.62
6,3,3,existence,12.11
30,30,0,payment,86.13
25,12,13,debt,87.64
76,33,43,debt,221.16
104,25,79,payment,223.94
104,70,34,debt,331.34
134,96,38,payment,333.62
136,51,85,existence,229.18
55,5,50,payment,113.16
47,17,30,existence,82.33
48,15,33,payment,130.87
39,3,36,payment,113.27
50,14,36,debt,139.62
133,116,17,existence,419.49
152,55,97,debt,449.45
29,7,22,existence,64.79
70,34,36,existence,129.99
89,82,7,debt,260.07
51,35,16,existence,172.45
48,48,0,payment,127.92
13,13,0,payment,47.02
137,61,76,existence,269.94
65,2,63,existence,128.88
8,6,2,debt,24.86
7,1,6,existence,13.88
42,12,30,existence,60.7
13,6,7,debt,39.9
145,35,110,payment,353.33
112,46,66,debt,212.03
101,69,32,payment,232.37
135,14,121,existence,318.89
49,3,46,debt,140.9
15,6,9,existence,29.22
111,64,47,existence,279.45
114,64,50,payment,351.61
20,13,7,debt,81.38
15,3,12,payment,48.15
127,117,10,debt,455.74
31,6,25,existence,56.77
116,41,75,payment,198.76
25,23,2,debt,79.12
23,18,5,debt,76.88
15,13,2,payment,51.23
26,2,24,payment,67.03
14,3,11,debt,32.74
92,21,71,existence,180.07
70,38,32,debt,187.6
76,40,36,existence,184.46
58,32,26,debt,132.24
96,42,54,existence,174.98
120,45,75,debt,306.77
95,28,67,debt,230.67
25,4,21,debt,83.83
35,6,29,payment,97.69
41,7,34,payment,106.55
12,3,9,payment,29.67
15,13,2,payment,40.22
11,2,9,payment,39.57
106,96,10,existence,262.54
143,92,51,debt,471.49
127,29,98,payment,206.15
145,4,141,payment,376.67
44,41,3,debt,176.05
101,32,69,existence,194.59
93,72,21,existence,236.27
72,3,69,debt,118.85
44,7,37,payment,71.93
25,6,19,payment,66.11
65,27,38,debt,196.58
88,73,15,debt,257.76
145,133,12,existence,388.61
93,78,15,debt,335.53
68,67,1,debt,237.13
80,43,37,payment,223.5
34,27,7,existence,88.55
80,79,1,debt,278.24
28,25,3,debt,96.8
151,29,122,existence,299.53
107,95,12,existence,246.31
28,13,15,existence,75.66
13,5,8,payment,52.9
84,4,80,debt,185.5
93,19,74,payment,161.82
71,24,47,debt,193.46
111,41,70,existence,162.25
143,110,33,existence,325.44
87,18,69,existence,132.1
151,37,114,debt,337.32
114,18,96,payment,217.48
129,49,80,payment,370.22
32,17,15,existence,62.06
92,8,84,existence,171.35
140,118,22,existence,362.69
68,20,48,existence,150.12
17,14,3,existence,50.54
98,55,43,existence,191.77
8,4,4,debt,22.64
43,12,31,existence,87.66
35,2,33,existence,77.22
147,69,78,debt,273.71
79,36,43,debt,214.86
82,80,2,payment,209.65
144,12,132,debt,255.03
136,104,32,payment,262.13
133,66,67,payment,358.49
9,6,3,existence,22.69
136,80,56,payment,248.6
138,51,87,payment,288.2
154,46,108,existence,377.02
89,36,53,payment,174.43
104,61,43,existence,312.57
91,85,6,debt,263.86
94,42,52,existence,186.04
140,101,39,debt,364.01
21,5,16,payment,59.99
93,86,7,existence,243.59
156,47,109,debt,319.89
101,1,100,existence,135.04
139,14,125,existence,309.63
88,16,72,debt,206.95
26,3,23,payment,69.51
83,83,0,payment,319.3
149,43,106,payment,408.09
16,16,0,payment,77.19
81,77,4,debt,204.27
151,104,47,payment,390.32
79,5,74,payment,169
36,24,12,payment,103.23
15,11,4,existence,30.79
105,92,13,payment,285.29
86,1,85,existence,211.38
68,22,46,debt,182.6
87,19,68,existence,160.02
25,18,7,debt,92.34
97,34,63,payment,277.45
26,17,9,debt,70.57
38,2,36,existence,85.48
142,52,90,existence,348.39
125,41,84,debt,338.72
35,27,8,existence,114.8
99,4,95,existence,170.25
75,42,33,payment,207.77
144,1,143,existence,237.42
68,68,0,payment,210.71
87,57,30,payment,199.72
30,13,17,debt,90.08
131,3,128,existence,297.64
99,20,79,payment,264.38
47,26,21,existence,76.89
136,15,121,existence,264.96
151,6,145,debt,339.22
77,26,51,existence,134.34
50,19,31,debt,143.26
97,64,33,payment,270.22
74,67,7,debt,245.63
143,6,137,existence,340.51
68,51,17,debt,212.71
66,33,33,payment,186.82
142,33,109,existence,335.71
47,9,38,existence,109.37
36,4,32,payment,73.43
32,14,18,payment,101.08
85,77,8,existence,226.98
4,2,2,existence,9.99
152,137,15,debt,434.7
103,101,2,existence,373.72
38,6,32,payment,69.73
58,27,31,payment,173.01
3,2,1,debt,36.83
122,73,49,existence,325.21
78,71,7,payment,227.16
69,55,14,existence,172.86
89,4,85,payment,156.52
4,2,2,existence,8.41
141,44,97,debt,270.03
149,89,60,debt,405
10,3,7,payment,33.25
9,4,5,payment,32.7
141,14,127,payment,241.78
70,43,27,existence,154.14
9,8,1,debt,51.34
74,3,71,debt,155.64
7,2,5,existence,13.84
157,62,95,payment,388.82
87,69,18,payment,301.19
89,88,1,payment,318.29
17,17,0,payment,61.65
29,23,6,payment,81.22
56,31,25,debt,189.51
116,108,8,payment,314.55
65,26,39,existence,103.36
75,41,34,payment,179.54
131,18,113,existence,320.19
55,24,31,existence,150.56
135,29,106,debt,299.19
33,9,24,debt,71.84
41,18,23,payment,127.11
2,2,0,existence,5.53
46,36,10,existence,84.64
8,8,0,payment,26.46
30,3,27,debt,53.33
24,22,2,payment,88.45
55,43,12,existence,168.52
68,21,47,payment,132.86
23,17,6,existence,80.6
135,58,77,existence,354.74
150,88,62,payment,311.77
50,8,42,debt,113.51
126,34,92,payment,351.07
157,151,6,existence,480.8
126,7,119,debt,189.62
45,18,27,payment,138.9
28,9,19,debt,75.24
111,21,90,existence,182.36
111,48,63,payment,210.96
144,73,71,debt,255.84
88,63,25,payment,209.2
80,67,13,existence,186.68
41,7,34,payment,121.94
156,77,79,payment,463.71
115,64,51,debt,333.11
134,13,121,debt,238.71
84,79,5,payment,249.77
24,19,5,existence,54.66
129,81,48,existence,327.6
132,8,124,existence,269.83
13,13,0,payment,43.87
106,56,50,existence,200.68
147,84,63,existence,356.15
147,30,117,payment,332.53
97,15,82,existence,204.24
20,18,2,existence,40.58
144,135,9,debt,337.37
70,34,36,payment,162.35
60,8,52,debt,114.17
120,45,75,debt,374.03
54,13,41,payment,100.91
91,72,19,payment,280.69
8,6,2,existence,19.76
126,18,108,existence,206.46
154,51,103,existence,399.97
65,58,7,debt,193.95
134,68,66,debt,386.09
112,81,31,debt,275.81
157,100,57,debt,447.14
31,4,27,payment,64.14
80,15,65,existence,176.81
70,29,41,existence,145.7
85,39,46,existence,175.9
112,54,58,existence,260.54
7,5,2,payment,25.06
157,17,140,existence,296.28
11,1,10,debt,30.92
91,38,53,existence,167.26
155,47,108,payment,240.67
103,29,74,payment,263.81
57,54,3,existence,215.93
132,112,20,payment,401.52
135,105,30,debt,432.78
112,39,73,payment,206.44
70,2,68,existence,171.33
115,44,71,payment,327.28
36,33,3,existence,98.41
1,1,0,debt,11.38
123,80,43,debt,387.39
53,40,13,existence,128.61
127,70,57,debt,357.53
35,25,10,existence,106.03
117,108,9,existence,286.57
44,24,20,debt,119.96
15,5,10,existence,37.23
78,10,68,payment,215.47
131,117,14,payment,429.28
92,9,83,existence,221.6
111,82,29,existence,380.5
66,14,52,debt,205.98
157,129,28,payment,520.76
4,2,2,debt,26.67
71,14,57,existence,140.25
92,49,43,payment,217.95
44,25,19,debt,119.16
26,1,25,existence,55.67
92,30,62,payment,272.23
115,107,8,existence,307.22
92,17,75,debt,197.15
126,13,113,payment,279.63
131,111,20,payment,421.54
91,40,51,payment,187.41
119,90,29,payment,316.65
33,4,29,debt,90.92
6,5,1,existence,14.69
88,23,65,debt,189.4
93,72,21,debt,185.98
11,10,1,payment,49.07
61,51,10,debt,149.74
88,34,54,payment,271.39
115,54,61,payment,355.86
73,18,55,debt,149.75
25,10,15,payment,79.49
16,15,1,debt,53.69
15,9,6,existence,38.25
60,14,46,existence,164.92
108,70,38,payment,223.5
59,18,41,debt,181.85
22,8,14,debt,78.5
113,81,32,debt,375.22
121,15,106,existence,213.5
154,132,22,existence,397.59
55,44,11,debt,193.99
129,13,116,existence,264.4
100,24,76,debt,202.56
123,92,31,existence,356.41
122,34,88,payment,254.72
34,20,14,debt,103.61
89,83,6,existence,239.22
124,67,57,existence,233.95
141,104,37,debt,275.1
117,33,84,debt,295.63
139,133,6,existence,299.82
86,85,1,existence,216.62
138,59,79,payment,338.05
157,77,80,existence,437.43
45,8,37,existence,78.69
46,28,18,existence,93.42
62,58,4,existence,164
17,12,5,debt,70.77
78,74,4,debt,175.41
111,100,11,debt,308.12
52,19,33,debt,141.11
66,47,19,debt,163.69
30,8,22,payment,90.98
40,18,22,debt,92.02
59,58,1,payment,182.24
141,7,134,debt,251.35
114,34,80,payment,274.83
19,3,16,payment,55.67
117,96,21,existence,343.54
75,59,16,debt,207.33
69,60,9,existence,223.84
106,106,0,existence,270.78
95,48,47,debt,297.36
19,17,2,debt,85.26
3,1,2,debt,30.93
114,113,1,debt,395.72
6,5,1,debt,28.41
41,15,26,existence,106.14
154,59,95,payment,304.9
116,15,101,existence,231.6
49,11,38,payment,112.72
149,141,8,debt,514.44
125,64,61,debt,231.83
151,147,4,payment,466.63
45,22,23,existence,81.94
111,17,94,existence,154.69
23,16,7,payment,74.63
122,12,110,existence,224.65
9,5,4,debt,44.85
72,55,17,payment,149.86
3,3,0,existence,9.8
126,51,75,payment,377.57
119,109,10,existence,359.85
51,8,43,debt,144.43
26,17,9,existence,65.32
155,133,22,debt,348.97
42,20,22,debt,135.45
140,127,13,existence,425.18
62,23,39,debt,140.69
8,1,7,debt,20.44
146,94,52,debt,397.34
50,17,33,payment,114.75
68,39,29,debt,197.77
95,22,73,existence,221.11
57,13,44,debt,141.54
135,65,70,existence,337.01
63,25,38,existence,144.65
143,5,138,payment,277.52
116,47,69,debt,254.56
6,5,1,existence,14.04
132,3,129,existence,176.09
38,14,24,payment,97.03
14,2,12,existence,24.29
43,7,36,debt,65.45
32,20,12,debt,99.48
83,44,39,debt,266.85
143,7,136,payment,185.99
9,3,6,payment,28.04
28,3,25,debt,65.65
98,3,95,debt,236.66
136,101,35,payment,406.64
56,35,21,existence,107.55
138,94,44,existence,310.62
96,53,43,debt,322.14
41,11,30,payment,108.81
81,9,72,debt,145.67
35,8,27,existence,63.52
23,20,3,payment,83.16
18,5,13,existence,43.47
130,66,64,debt,429.28
147,52,95,existence,253.85
113,1,112,debt,253.45
74,3,71,debt,137.99
58,29,29,debt,180.14
59,5,54,debt,141.28
66,47,19,payment,159.7
23,4,19,payment,64.49
50,15,35,debt,94.48
2,2,0,debt,26.47
149,30,119,payment,284.47
65,35,30,debt,171.44
46,36,10,payment,114.13
137,130,7,payment,513.75
55,51,4,existence,170.27
138,44,94,existence,357.85
157,48,109,existence,263.89
54,1,53,existence,96.43
68,9,59,debt,159.31
142,122,20,existence,397.81
23,18,5,existence,67.24
4,1,3,debt,28.89
24,22,2,existence,70.08
67,4,63,debt,106.8
75,32,43,debt,131.15
20,11,9,payment,44.47
61,22,39,payment,143.2
131,110,21,debt,372.13
50,48,2,debt,177.34
137,21,116,payment,195.21
43,5,38,existence,74.8
151,41,110,payment,343.63
70,56,14,payment,238.5
107,39,68,payment,209.55
46,26,20,payment,98.46
19,11,8,debt,63.98
122,118,4,existence,385.4
106,5,101,existence,193.32
1,1,0,existence,3.5
24,21,3,payment,76.41
36,18,18,debt,90.21
53,24,29,debt,129.4
119,9,110,debt,200.76
28,14,14,existence,65.09
83,73,10,existence,193.14
116,57,59,payment,220.99
78,59,19,debt,241.09
56,48,8,debt,183.31
19,1,18,existence,36.98
91,62,29,payment,175.35
28,13,15,existence,81.35
24,7,17,payment,62.03
115,28,87,payment,301.97
97,51,46,debt,239.3
64,42,22,debt,125.53
147,35,112,existence,404.71
130,71,59,payment,299.58
12,4,8,payment,42.14
154,137,17,debt,395
67,50,17,payment,181.67
4,1,3,debt,32.41
124,46,78,debt,255.77
104,62,42,debt,270.23
122,8,114,debt,191.17
4,4,0,payment,20.17
82,78,4,payment,246.41
45,33,12,payment,171.9
65,42,23,payment,221.05
44,2,42,existence,80.71
100,91,9,debt,201.72
6,6,0,existence,22.37
67,62,5,debt,264.83
39,3,36,debt,61.96
24,2,22,debt,63.46
74,21,53,payment,188.89
70,20,50,payment,202.71
67,42,25,payment,185.87
145,134,11,payment,462.62
76,14,62,existence,189.14
51,15,36,debt,117.01
129,12,117,debt,216
30,23,7,payment,119.94
103,60,43,debt,293.44
81,5,76,payment,149.68
121,112,9,payment,293.41
76,58,18,payment,261.38
157,89,68,debt,411.57
6,2,4,existence,15.7
75,10,65,debt,157.26
108,76,32,payment,263.22
114,108,6,debt,402.96
15,7,8,existence,33.46
30,20,10,debt,98.66
64,54,10,payment,216.48
107,27,80,debt,250.22
117,87,30,payment,371.71
126,25,101,existence,232.55
5,2,3,existence,10.98
97,90,7,existence,293.91
82,16,66,debt,142.78
45,13,32,debt,98.28
148,38,110,existence,378.96
133,108,25,existence,334.93
143,11,132,debt,313.1
38,31,7,payment,131.44
115,83,32,debt,351.91
92,79,13,debt,350.51
123,73,50,debt,219.34
99,25,74,debt,280.36
42,36,6,existence,145.91
125,69,56,debt,352.08
53,27,26,payment,138.08
5,2,3,existence,11.24
151,145,6,existence,456.14
124,7,117,existence,266.72
66,14,52,debt,176.78
35,15,20,debt,93.63
122,30,92,existence,276.07
21,5,16,existence,34.4
157,153,4,debt,507.9
138,56,82,payment,426.63
28,5,23,existence,56.15
44,39,5,debt,126.4
138,90,48,payment,425.86
63,55,8,debt,222.52
127,35,92,debt,302.06
92,16,76,debt,133.85
137,107,30,debt,372.55
90,2,88,existence,168.87
97,60,37,debt,270.27
71,24,47,payment,196.71
95,55,40,payment,302.25
43,40,3,debt,122.24
122,41,81,payment,331.99
50,7,43,payment,115.62
130,37,93,existence,235.2
59,20,39,existence,127.59
15,5,10,debt,51.84
104,59,45,existence,285.95
105,24,81,debt,304.31
147,3,144,existence,338.86
27,6,21,payment,65.53
74,47,27,debt,231.41
126,117,9,payment,408.32
3,1,2,debt,22.72
130,34,96,debt,325.37
59,29,30,debt,193.66
31,3,28,payment,84.26
72,50,22,existence,228.14
132,121,11,debt,398.56
63,48,15,debt,224.3
94,6,88,payment,146.12
121,53,68,payment,272.85
65,62,3,debt,183.51
38,26,12,debt,154.61
14,12,2,payment,45.99
156,119,37,payment,475.9
70,7,63,existence,105.91
62,17,45,existence,151.83
128,3,125,debt,339
79,28,51,payment,181.93
118,59,59,existence,326.43
17,1,16,existence,33.78
6,3,3,existence,16.84
145,47,98,payment,397.44
114,71,43,existence,368.25
138,15,123,payment,250.28
17,15,2,payment,66.38
84,14,70,payment,144.36
17,7,10,debt,62.08
128,65,63,payment,243.65
79,55,24,debt,255.85
98,79,19,debt,319.82
65,9,56,debt,135.9
123,94,29,debt,319.06
30,18,12,debt,80.53
127,83,44,existence,351.13
21,17,4,debt,60.46
137,6,131,existence,309.8
132,129,3,existence,291.08
78,26,52,payment,142.87
124,52,72,payment,319.62
147,58,89,existence,334.58
96,85,11,debt,269.19
113,103,10,existence,385.98
51,26,25,payment,121.29
36,27,9,debt,140.02
57,17,40,payment,126.33
95,8,87,payment,164.86
45,19,26,payment,98.24
40,3,37,debt,100.42
120,119,1,existence,341.76
76,55,21,existence,177.01
117,98,19,debt,418.22
28,23,5,payment,91.41
108,44,64,payment,214.03
134,40,94,debt,389.4
22,10,12,payment,59.13
38,14,24,existence,98.85
71,23,48,existence,132.17
3,1,2,existence,8.84
32,29,3,debt,76.68
116,92,24,existence,328.79
2,2,0,existence,4.66
46,44,2,existence,150.69
109,64,45,payment,264.02
136,74,62,debt,286.13
94,64,30,debt,257.23
125,103,22,existence,345.55
35,6,29,payment,84.13
26,22,4,existence,66.15
123,7,116,debt,211.14
128,89,39,payment,353.09
94,45,49,debt,260.8
113,21,92,payment,181.09
85,48,37,payment,157.77
24,21,3,payment,80.11
109,50,59,debt,194.62
79,13,66,existence,138.54
131,102,29,debt,378.16
30,13,17,existence,61.43
139,103,36,payment,399.99
132,58,74,debt,333.47
5,5,0,existence,14.93
112,11,101,debt,243.83
135,61,74,debt,367.47
38,13,25,payment,103.4
43,12,31,existence,115.95
30,24,6,payment,70.42
57,34,23,payment,113.9
133,42,91,existence,293.6
140,44,96,existence,409.93
157,3,154,payment,194.46
72,17,55,existence,102.39
129,107,22,debt,379.77
129,8,121,debt,218.18
23,23,0,payment,61.08
64,22,42,debt,180.11
128,8,120,existence,213.84
73,69,4,payment,230.59
76,19,57,payment,150.8
141,100,41,existence,481.69
154,124,30,existence,423.01
125,10,115,existence,207.05
91,39,52,payment,160.51
1,1,0,debt,30.24
52,8,44,debt,94.76
76,46,30,payment,161.11
56,45,11,debt,175.36
81,19,62,existence,211.77
84,76,8,payment,287.11
23,18,5,debt,76.96
37,12,25,existence,87.13
107,90,17,existence,308.67
25,2,23,existence,40.23
29,23,6,debt,119.68
72,11,61,existence,143.41
108,5,103,existence,246.83
61,42,19,payment,153.87
55,14,41,payment,158.17
140,36,104,existence,218.46
100,86,14,debt,316.83
150,114,36,debt,349.46
144,58,86,debt,359.07
16,10,6,payment,50.07
59,50,9,debt,159.52
84,44,40,existence,174.79
48,19,29,debt,148.23
38,12,26,existence,80.39
66,20,46,payment,153.97
97,88,9,existence,303.58
3,3,0,payment,21.75
122,28,94,existence,231.11
101,25,76,debt,260.82
74,46,28,existence,227.38
131,19,112,payment,279.24
19,6,13,debt,66.83
120,54,66,existence,236.34
140,52,88,existence,323.42
136,111,25,existence,428.8
123,18,105,payment,243.87
61,55,6,payment,219.16
84,70,14,debt,244.59
77,35,42,debt,154.12
65,9,56,payment,185.39
22,16,6,payment,80.24
131,88,43,existence,326.35
113,42,71,debt,315.65
47,17,30,payment,80.7
93,16,77,debt,223.46
120,75,45,debt,368.1
42,28,14,payment,88.87
95,69,26,existence,267.91
119,95,24,existence,280.42
125,65,60,existence,341.38
28,18,10,existence,80.59
10,4,6,existence,20.17
23,9,14,payment,66.25
31,2,29,payment,87.67
141,48,93,debt,369.96
65,35,30,existence,130.38
16,12,4,existence,44
142,89,53,debt,407.82
58,34,24,debt,105.36
110,70,40,debt,323.25
51,3,48,existence,72.71
58,6,52,debt,150.5
8,4,4,debt,37.09
154,65,89,existence,346.73
7,6,1,existence,13.66
3,3,0,existence,8.56
43,31,12,existence,88.81
147,34,113,debt,296.91
47,16,31,debt,95.77
124,89,35,existence,333.33
103,42,61,existence,238.26
87,26,61,payment,219.24
64,37,27,debt,205.49
127,26,101,payment,267.22
100,94,6,payment,239.68
103,36,67,debt,268.22
100,73,27,payment,229.26
9,5,4,existence,26.38
1,1,0,existence,3.49
23,18,5,existence,67.3
17,17,0,existence,35.82
131,128,3,payment,374.92
11,5,6,payment,48.34
123,121,2,payment,316.72
148,144,4,debt,546.82
42,30,12,existence,108.98
66,18,48,debt,184.43
92,70,22,existence,276.06
90,63,27,payment,261.23
30,6,24,payment,66.94
86,19,67,payment,145.3
129,20,109,payment,288.99
71,5,66,payment,101.21
75,41,34,debt,161.13
94,85,9,existence,232.95
116,3,113,payment,253.79
43,23,20,payment,106.61
157,87,70,debt,411.74
42,18,24,payment,90.27
153,99,54,payment,475.33
68,67,1,debt,227.82
105,101,4,existence,353.97
81,66,15,debt,287.68
4,2,2,existence,12.05
22,4,18,payment,46.38
44,25,19,debt,139.95
127,30,97,payment,339.52
120,74,46,debt,328.71
54,47,7,existence,141.85
117,91,26,debt,395.69
16,4,12,payment,41.46
148,64,84,existence,365.56
64,48,16,existence,156.74
46,24,22,debt,97.72
51,51,0,debt,148.89
52,36,16,debt,114.79
39,27,12,payment,131.25
1,1,0,debt,16.14
66,25,41,existence,152.14
21,2,19,payment,69.34
131,46,85,payment,271.85
72,16,56,debt,201.66
97,13,84,existence,246.97
122,47,75,debt,266
149,136,13,debt,454.39
155,37,118,debt,332.25
14,4,10,debt,36.51
48,44,4,existence,139.72
125,5,120,debt,309.93
61,43,18,existence,159.82
118,58,60,payment,264.73
147,122,25,existence,370.39
34,8,26,payment,67.61
12,11,1,existence,28.62
147,102,45,existence,450.5
49,27,22,debt,170.58
58,35,23,payment,180.42
51,51,0,debt,195.59
130,52,78,debt,319.26
24,17,7,debt,85.24
105,83,22,payment,349.25
16,9,7,existence,30.32
90,82,8,existence,254.32
12,8,4,existence,20.99
7,1,6,debt,23.96
1,1,0,payment,14.81
68,45,23,payment,153.26
51,19,32,payment,161.77
129,39,90,existence,307.57
106,80,26,payment,384.14
156,10,146,existence,283.99
22,10,12,debt,84.88
41,21,20,existence,96.78
47,8,39,existence,123.98
148,114,34,debt,328.3
58,4,54,debt,126.27
49,25,24,debt,127.98
102,3,99,existence,178.18
131,46,85,debt,319.52
75,16,59,payment,204.61
87,49,38,existence,251.99
148,32,116,existence,227.25
105,90,15,debt,347.85
69,57,12,existence,230.19
37,29,8,debt,125.87
59,39,20,payment,175.74
151,117,34,existence,448.77
47,2,45,payment,107.98
147,46,101,debt,256.11
11,9,2,payment,28.2
39,33,6,debt,107.8
5,5,0,payment,24.24
73,47,26,existence,245.78
20,16,4,debt,86.4
33,5,28,debt,92.16
144,77,67,existence,245.48
110,13,97,payment,208.47
147,35,112,payment,352.64
87,57,30,payment,237.64
86,56,30,payment,254.5
55,15,40,payment,152.1
88,20,68,existence,180.01
10,2,8,payment,39.06
115,50,65,debt,365.18
66,8,58,payment,110.61
58,3,55,existence,91.52
151,147,4,existence,516.51
52,27,25,existence,140.63
132,76,56,payment,374.79
4,3,1,existence,10.67
141,52,89,debt,283.46
39,30,9,existence,127.56
152,82,70,payment,418.91
19,4,15,debt,64.53
59,30,29,existence,109.7
147,80,67,payment,347.97
65,62,3,payment,143.09
96,67,29,debt,326.26
74,30,44,payment,189.07
48,26,22,payment,127.8
132,63,69,debt,265.41
18,4,14,payment,52.64
146,78,68,payment,394.91
95,45,50,existence,268.36
89,64,25,debt,232.82
100,71,29,existence,323.55
154,10,144,debt,325.03
36,1,35,debt,61.2
135,53,82,existence,325.81
137,126,11,debt,316.2
83,44,39,payment,215.06
27,7,20,payment,76.3
9,2,7,debt,50.17
94,21,73,existence,215.15
115,103,12,existence,313.39
154,92,62,payment,424.22
85,67,18,existence,214.94
123,111,12,debt,344.01
29,20,9,payment,80.25
12,11,1,existence,27.48
50,7,43,debt,132.14
94,85,9,payment,349.16
32,30,2,debt,103.33
71,44,27,existence,149.07
39,33,6,existence,83.99
156,31,125,existence,416.14
43,15,28,existence,65.42
62,30,32,existence,167.39
9,9,0,payment,30.87
58,48,10,payment,183.35
132,39,93,payment,239.82
27,14,13,debt,66.31
129,127,2,payment,368.9
72,3,69,existence,169.26
41,27,14,payment,107.12
33,17,16,existence,77.05
32,18,14,existence,94.54
113,87,26,debt,279.38
101,42,59,debt,253.63
111,105,6,existence,335.54
73,73,0,debt,271.88
14,4,10,existence,23.35
19,7,12,existence,47.06
88,58,30,debt,264.01
121,21,100,debt,270.79
73,45,28,debt,195.5
143,33,110,existence,290.49
26,20,6,payment,84.98
52,4,48,debt,106.86
3,3,0,existence,7.67
153,67,86,existence,310.48
91,44,47,payment,188.1
114,33,81,debt,320.4
135,98,37,debt,372.09
105,42,63,payment,311.47
22,7,15,debt,73
143,56,87,debt,311.76
58,49,9,existence,147.49
74,9,65,payment,141.48
7,1,6,existence,13.1
134,106,28,debt,273.34
69,57,12,payment,225.23
75,3,72,payment,151.95
21,7,14,existence,30.95
101,19,82,payment,210.52
121,87,34,debt,320
127,17,110,payment,251.85
30,5,25,debt,66.38
2,2,0,debt,27.46
17,2,15,payment,45.75
64,38,26,existence,197.02
48,7,41,payment,100.12
109,74,35,debt,217.9
131,113,18,payment,340.07
37,9,28,payment,85.93
141,94,47,existence,390.28
48,13,35,existence,97.9
40,1,39,payment,70.51
112,12,100,payment,210.05
145,13,132,debt,320.6
85,42,43,debt,158.83
98,82,16,existence,265.08
79,63,16,existence,158.64
109,21,88,payment,243.25
49,23,26,existence,100.74
25,16,9,existence,73.29
51,51,0,existence,162.54
120,21,99,existence,237.31
15,12,3,debt,73.5
75,37,38,payment,146.7
152,104,48,payment,343.97
44,20,24,existence,113.22
78,44,34,existence,229.79
50,27,23,debt,130.17
55,15,40,debt,97.16
35,27,8,debt,144.74
42,41,1,existence,111.59
1,1,0,payment,20.01
51,44,7,debt,190.52
80,52,28,existence,174.37
131,54,77,existence,366.23
79,78,1,debt,254.52
102,46,56,payment,314.25
116,90,26,payment,337.34
147,108,39,existence,376.1
95,66,29,existence,265.59
156,48,108,debt,294.85
130,43,87,debt,248.52
127,3,124,existence,169.72
22,10,12,payment,52.87
39,4,35,payment,78.2
145,65,80,existence,406.39
117,68,49,payment,314.27
130,6,124,payment,327.56
115,102,13,payment,238.35
48,3,45,existence,97.01
111,77,34,debt,365.08
79,39,40,payment,173.9
109,81,28,debt,282.46
7,4,3,existence,17.63
143,99,44,debt,334.52
150,102,48,payment,363.53
103,86,17,existence,258.13
117,79,38,debt,393.97
13,13,0,payment,62.53
104,27,77,payment,277.58
78,58,20,existence,175.13
66,46,20,existence,162.06
128,19,109,payment,305.15
111,30,81,existence,190.24
44,12,32,debt,86.91
131,80,51,debt,430.32
4,3,1,existence,10.98
55,38,17,existence,122.11
73,31,42,debt,177.28
136,30,106,existence,314.9
59,32,27,existence,172.76
145,76,69,payment,399.06
100,58,42,existence,222.9
94,85,9,debt,321.5
50,23,27,existence,127.52
136,74,62,payment,296.19
157,138,19,debt,567.03
46,36,10,payment,126
132,113,19,existence,372.93
121,9,112,existence,226.48
85,26,59,payment,161.09
67,58,9,debt,219.27
52,7,45,debt,131.81
106,46,60,debt,306.95
155,118,37,existence,333.21
81,58,23,debt,207.04
61,16,45,payment,171.74
82,59,23,payment,193.14
46,9,37,debt,131.36
61,55,6,debt,203.45
47,15,32,debt,111.73
17,13,4,payment,65.22
156,89,67,debt,285.15
18,16,2,payment,60.56
72,55,17,existence,193.12
38,28,10,existence,108.52
134,122,12,existence,321.98
15,11,4,existence,45.48
33,4,29,payment,68.87
57,3,54,payment,118.22
157,151,6,existence,388.31
113,90,23,payment,293.37
81,38,43,payment,152.42
153,133,20,debt,349.69
15,15,0,debt,64.56
37,30,7,payment,131.7
71,11,60,payment,136.17
129,67,62,payment,239.24
154,57,97,payment,439.39
22,17,5,existence,44.81
2,1,1,debt,25.7
32,18,14,existence,97.12
96,68,28,debt,223.85
85,15,70,debt,140
34,20,14,existence,69.65
79,31,48,existence,201.38
111,99,12,debt,414.12
45,27,18,debt,143.67
128,96,32,payment,227.87
72,32,40,debt,226.48
144,60,84,debt,279.74
113,64,49,debt,350.87
26,18,8,debt,97.84
58,48,10,debt,176.53
115,41,74,debt,323.85
2,2,0,existence,4.25
74,6,68,payment,139.48
55,51,4,debt,180.56
9,9,0,debt,29.53
83,79,4,existence,219.49
155,119,36,payment,489.28
56,47,9,debt,127.24
83,16,67,debt,144.52
80,1,79,debt,139.52
10,6,4,payment,42.13
101,41,60,payment,293.11
64,44,20,existence,211.48
2,2,0,existence,5.37
116,47,69,debt,346.08
60,42,18,existence,133.03
53,31,22,payment,101.75
86,54,32,debt,212.71
147,89,58,payment,406.88
76,23,53,debt,212.64
118,95,23,debt,404.32
69,44,25,debt,220.37
134,57,77,existence,320.58
39,11,28,debt,124.63
6,5,1,existence,13.68
70,17,53,debt,178.4
79,62,17,payment,275.28
40,26,14,payment,117.54
52,27,25,existence,140.57
154,50,104,payment,361.34
43,25,18,debt,115.06
61,30,31,debt,162.72
49,32,17,payment,104.07
35,25,10,debt,123.9
146,113,33,payment,451.02
66,17,49,debt,179.88
46,5,41,payment,111.8
74,15,59,debt,146.42
145,30,115,payment,355.77
67,60,7,debt,175.06
13,9,4,existence,23.13
36,17,19,debt,87.01
25,10,15,existence,50.65
77,48,29,existence,208.9
95,91,4,payment,327.81
126,44,82,debt,245.83
122,7,115,payment,257.29
56,21,35,debt,176.78
87,19,68,existence,215.56
40,3,37,existence,86.87
19,19,0,debt,76.32
32,31,1,debt,81.39
18,15,3,debt,68.59
126,64,62,debt,290.67
12,9,3,payment,43.53
34,2,32,existence,53.86
104,25,79,payment,161.14
47,18,29,existence,114.6
56,25,31,payment,144.88
75,9,66,payment,117.09
51,12,39,existence,123.69
1,1,0,existence,3.39
6,1,5,payment,27.52
109,83,26,existence,376.94
93,73,20,existence,213.92
134,96,38,debt,381.71
70,62,8,payment,195.79
45,19,26,debt,125.12
83,64,19,existence,152.14
103,10,93,debt,179.51
70,2,68,debt,175.02
54,27,27,debt,101.66
51,46,5,existence,183.38
26,5,21,payment,48.18
42,22,20,existence,84.61
141,62,79,payment,369.56
61,27,34,payment,183.79
43,14,29,debt,108
1,1,0,payment,10.36
154,126,28,payment,408.2
150,4,146,existence,265.08
69,14,55,payment,115.63
147,133,14,payment,487.07
117,20,97,debt,207.99
82,33,49,debt,216.95
79,70,9,debt,230.19
67,2,65,payment,106.69
79,41,38,payment,148.91
152,130,22,debt,472.34
101,9,92,existence,263.22
68,3,65,debt,158.58
64,27,37,debt,138.5
49,36,13,payment,125.7
128,98,30,payment,285.1
83,31,52,payment,157.9
83,71,12,existence,202.76
102,37,65,payment,223.53
43,19,24,payment,125.64
148,143,5,payment,500.71
137,12,125,existence,324.05
85,67,18,payment,196.81
28,9,19,payment,69.32
152,95,57,debt,412.31
143,14,129,payment,304.07
139,32,107,existence,363.12
126,92,34,debt,393.44
101,38,63,existence,243.14
88,82,6,payment,269.01
88,79,9,existence,214.96
65,17,48,payment,140.81
3,2,1,debt,16.35
79,51,28,existence,206.68
149,115,34,payment,406.59
70,22,48,payment,114.67
148,120,28,payment,446.47
150,65,85,existence,322.46
44,5,39,existence,101.29
100,29,71,payment,197.67
150,20,130,existence,392.5
77,18,59,debt,133.94
49,25,24,existence,99.15
16,5,11,existence,25.17
19,19,0,payment,55.34
6,3,3,payment,32.11
139,11,128,payment,207.72
36,26,10,debt,137.24
58,23,35,existence,151.29
154,37,117,payment,351.91
150,34,116,payment,311.2
16,11,5,payment,65.28
130,63,67,debt,366.42
143,112,31,payment,294.45
109,55,54,existence,328.05
59,22,37,debt,171.16
123,101,22,debt,326.96
15,11,4,payment,52.86
84,53,31,debt,211.59
110,40,70,existence,253.74
72,50,22,existence,221.26
2,1,1,payment,20.55
3,1,2,payment,16.61
98,64,34,debt,263.6
23,6,17,payment,47.96
58,14,44,debt,149.63
142,114,28,debt,446.5
27,19,8,payment,86.86
18,18,0,debt,65.43
116,88,28,debt,259.94
3,3,0,existence,7.72
64,8,56,existence,132.69
33,24,9,payment,81.07
24,1,23,payment,54.86
43,4,39,payment,98.39
102,43,59,existence,271.6
109,85,24,payment,375.68
147,97,50,existence,356.21
99,73,26,payment,272.53
88,59,29,existence,177.45
38,10,28,debt,93.25
52,8,44,payment,108.34
67,57,10,payment,217
70,69,1,debt,258.56
6,2,4,existence,12.15
15,5,10,payment,40.88
55,8,47,payment,119.51
44,30,14,existence,128.63
69,25,44,existence,161.63
106,69,37,debt,307.82
36,23,13,existence,88.61
24,15,9,debt,64.93
68,30,38,payment,185.93
113,49,64,debt,277.26
54,15,39,debt,175.55
28,25,3,payment,68.63
145,136,9,existence,351.64
43,30,13,existence,137.5
73,67,6,payment,204.59
128,109,19,existence,405.4
108,14,94,payment,244.49
21,18,3,existence,52.91
7,2,5,existence,13.47
18,14,4,existence,50.1
59,40,19,existence,113.57
78,35,43,debt,196.79
129,54,75,debt,251.03
76,24,52,existence,151.6
146,48,98,existence,261.9
79,77,2,existence,210.7
116,15,101,debt,219.22
107,7,100,debt,188.63
83,82,1,debt,197.24
16,6,10,debt,65.95
10,8,2,debt,53.79
135,55,80,debt,296.5
130,112,18,payment,395.26
37,14,23,debt,93.3
57,14,43,payment,108.72
69,5,64,debt,178.6
139,111,28,debt,402.66
12,3,9,debt,52.41
38,38,0,payment,168.84
2,1,1,debt,21.59
57,51,6,debt,174.76
154,114,40,debt,354.27
61,9,52,debt,138.74
134,79,55,debt,305.75
3,1,2,debt,33.85
10,10,0,debt,38.13
129,55,74,payment,348.9
144,143,1,debt,434.06
45,23,22,debt,106.53
118,112,6,debt,253.85
151,90,61,payment,490.55
103,5,98,payment,223.07
12,10,2,debt,55.39
6,2,4,existence,16.27
7,2,5,payment,27.99
96,49,47,existence,247.58
23,18,5,existence,67.31
31,4,27,existence,59.15
144,71,73,existence,399.42
56,6,50,payment,115.68
75,9,66,existence,195.15
147,48,99,existence,230.74
14,12,2,debt,51.2
151,19,132,existence,393.41
155,73,82,existence,242.54
107,43,64,debt,328.7
144,138,6,existence,458.24
133,75,58,existence,244.56
72,3,69,existence,140.49
73,35,38,existence,142.81
146,84,62,debt,423.61
95,84,11,debt,242.25
70,54,16,existence,175.28
63,13,50,payment,151.57
52,12,40,debt,110.7
14,11,3,payment,47.6
88,44,44,existence,216.93
101,96,5,debt,306.61
17,15,2,existence,50.12
115,3,112,payment,237.1
40,26,14,debt,118.49
98,94,4,payment,373.45
62,61,1,existence,133.81
99,31,68,payment,202.38
29,24,5,debt,107.87
53,48,5,payment,169.46
15,14,1,debt,61.53
44,11,33,payment,107.02
126,20,106,debt,253.21
114,50,64,existence,232.6
108,70,38,debt,301.05
30,2,28,existence,43.06
15,7,8,payment,45.19
115,102,13,debt,272.97
54,23,31,debt,128.16
124,96,28,existence,305.19
136,32,104,debt,232.84
36,2,34,payment,88.17
34,3,31,payment,94.81
94,21,73,debt,220.86
140,120,20,existence,379.73
94,71,23,payment,197.05
134,19,115,debt,202.62
126,113,13,existence,296.02
14,5,9,existence,36.67
135,56,79,debt,378.78
115,103,12,payment,406.02
115,45,70,debt,290.65
156,69,87,payment,357.76
27,9,18,existence,74.09
3,3,0,debt,36.78
22,10,12,debt,72.86
40,12,28,payment,107.58
118,116,2,payment,439.86
94,42,52,existence,273.28
24,5,19,existence,52.66
144,92,52,payment,278.74
96,65,31,debt,292.73
157,3,154,payment,299.78
148,123,25,existence,345.09
9,6,3,debt,25.5
136,115,21,payment,309.84
34,11,23,existence,74.16
87,18,69,existence,211.89
129,73,56,payment,267.96
124,71,53,payment,267.35
124,30,94,debt,324.97
80,24,56,debt,206.97
55,2,53,debt,132.68
99,57,42,debt,253.14
111,58,53,existence,185.17
146,68,78,payment,264.64
146,121,25,payment,366.07
129,88,41,debt,460.95
52,44,8,debt,159.66
4,4,0,existence,10.22
151,97,54,existence,447.79
5,5,0,payment,24.49
102,16,86,payment,214.68
137,73,64,existence,396.97
75,5,70,debt,189.42
39,4,35,existence,49.82
112,78,34,existence,362.48
67,39,28,debt,191.66
86,51,35,payment,173.61
39,10,29,existence,90.4
6,1,5,existence,12.9
46,19,27,debt,114.44
9,8,1,debt,56.05
18,12,6,payment,69.1
49,20,29,existence,107.13
56,43,13,existence,190.04
34,25,9,debt,115.15
56,5,51,payment,99.37
23,18,5,payment,60.53
148,34,114,existence,282.2
139,95,44,debt,380.13
20,5,15,payment,46.54
5,4,1,existence,15.67
118,43,75,payment,207.36
131,60,71,payment,245.42
44,23,21,payment,102.01
40,30,10,existence,123.61
10,1,9,existence,22.21
63,26,37,debt,152.15
128,8,120,debt,231.72
77,31,46,existence,129.14
61,11,50,existence,153.06
62,37,25,payment,151.9
141,7,134,payment,373.36
129,110,19,payment,398.58
93,19,74,debt,182.14
15,10,5,payment,45.92
105,69,36,debt,261.48
17,5,12,payment,54.16
27,20,7,debt,105.74
113,40,73,debt,319.86
116,44,72,existence,333.01
19,16,3,payment,60.93
51,7,44,existence,129.29
30,7,23,debt,73.14
33,1,32,existence,55.63
35,13,22,existence,72.4
91,27,64,debt,277.7
82,63,19,debt,212.94
110,103,7,existence,252.61
82,62,20,debt,294.08
145,107,38,existence,480.39
118,39,79,existence,293.17
133,112,21,payment,417.47
154,133,21,payment,438.48
39,25,14,payment,118.49
121,110,11,debt,326.66
100,100,0,existence,264.72
127,52,75,existence,261.07
35,11,24,payment,93.61
47,46,1,payment,109.41
73,45,28,payment,240.17
130,92,38,debt,268.83
37,24,13,existence,78.48
151,130,21,payment,531.74
38,25,13,debt,88.25
47,46,1,debt,125.01
140,63,77,payment,376.18
14,12,2,payment,56.91
127,1,126,debt,211.98
48,12,36,payment,101.42
5,3,2,existence,12.4
122,68,54,debt,374.62
76,40,36,debt,205.46
102,15,87,payment,235.66
71,2,69,existence,142.34
156,3,153,existence,192.85
14,3,11,payment,36.79
95,95,0,debt,255.45
66,64,2,existence,140.19
141,30,111,payment,218.25
67,57,10,existence,212.68
137,36,101,payment,228.51
97,6,91,debt,177.95
137,125,12,existence,320.32
66,4,62,debt,104.48
115,1,114,payment,221.51
9,7,2,payment,34.19
150,55,95,payment,434.9
22,12,10,debt,73.46
157,13,144,existence,228.88
135,79,56,debt,354.09
19,8,11,existence,34.75
11,6,5,payment,35.04
116,116,0,debt,362.37
103,73,30,debt,343.28
76,51,25,existence,164.82
102,17,85,debt,167.21
38,19,19,payment,92.7
39,27,12,payment,116.96
88,5,83,payment,223.12
66,27,39,existence,169.35
60,16,44,existence,141.29
27,25,2,payment,94.38
6,1,5,debt,28.36
93,13,80,existence,165.6
136,107,29,payment,433.87
135,46,89,payment,234.44
23,15,8,existence,60.74
120,62,58,debt,341.65
119,87,32,payment,341.38
21,17,4,debt,91.28
34,24,10,existence,77.36
103,20,83,existence,246.56
104,29,75,debt,194.08
18,13,5,debt,69.42
49,3,46,existence,71.69
77,41,36,existence,154.2
126,94,32,existence,348.06
64,23,41,payment,141.33
97,16,81,debt,220.84
108,4,104,existence,177.95
72,63,9,debt,247.43
66,25,41,debt,200.27
91,91,0,debt,268.89
34,6,28,existence,45.63
19,4,15,debt,69.21
155,98,57,debt,450.3
80,68,12,existence,232.81
116,54,62,existence,311.29
29,21,8,payment,86.9
1,1,0,existence,3.26
87,65,22,payment,214.79
156,34,122,payment,292.95
154,1,153,debt,391.82
144,29,115,payment,401.54
141,99,42,payment,338.68
86,2,84,payment,171.38
74,60,14,payment,219.98
11,9,2,payment,46.33
61,10,51,existence,101.77
108,47,61,debt,195.23
69,12,57,debt,126.32
46,1,45,payment,119.32
33,3,30,debt,60.87
44,6,38,existence,101.15
59,47,12,existence,139.53
114,4,110,payment,153.7
82,40,42,existence,202.38
147,67,80,existence,296.11
65,27,38,payment,163.51
152,118,34,payment,276.63
2,1,1,existence,3.17
73,51,22,debt,233.1
16,1,15,payment,36.87
99,84,15,payment,283.99
103,49,54,payment,220.43
97,12,85,debt,244.56
36,6,30,debt,87.91
118,53,65,debt,346.93
98,58,40,payment,202.5
152,41,111,debt,260.42
144,11,133,existence,328.61
60,48,12,existence,166.31
58,28,30,existence,151.56
117,84,33,payment,342.39
99,25,74,payment,149.31
111,82,29,debt,391.95
110,11,99,existence,227.59
115,19,96,debt,266.18
93,25,68,existence,200.14
54,28,26,debt,173.8
27,20,7,payment,104.12
32,4,28,existence,63.34
76,27,49,existence,199.6
119,102,17,existence,274.28
126,102,24,existence,298.09
69,23,46,existence,132.54
20,16,4,existence,52.54
133,77,56,payment,288.04
4,3,1,payment,15.56
112,1,111,payment,180.14
7,6,1,debt,25.6
127,93,34,existence,337.91
16,7,9,payment,58.68
133,5,128,existence,282.31
129,14,115,payment,334.53
111,109,2,debt,295.25
135,87,48,payment,272.08
90,81,9,debt,323.7
141,42,99,existence,275.45
82,2,80,debt,164.87
54,22,32,debt,151.1
74,41,33,payment,177.66
138,6,132,existence,259.12
46,39,7,debt,191.02
5,4,1,payment,18.94
56,17,39,existence,108.06
58,44,14,payment,132.34
96,43,53,existence,209.24
6,3,3,payment,33.84
4,4,0,payment,21.5
52,43,9,payment,138.85
97,7,90,existence,157.95
62,45,17,existence,132.58
155,137,18,payment,400.16
69,38,31,payment,167.59
111,77,34,payment,331.02
45,44,1,existence,121.57
115,106,9,payment,328.13
148,112,36,payment,364.1
88,10,78,debt,136.62
53,43,10,payment,131.18
97,71,26,existence,215.47
152,17,135,payment,378.39
49,7,42,debt,112.93
27,8,19,debt,59.57
22,19,3,payment,68.53
94,88,6,payment,297.21
16,3,13,payment,43.76
123,10,113,debt,193.82
96,65,31,payment,206.28
28,12,16,existence,80.76
63,6,57,payment,132.49
55,7,48,debt,143.97
37,14,23,payment,104.54
95,93,2,payment,325.57
146,63,83,existence,274.3
54,5,49,debt,115.17
12,3,9,debt,29.76
34,19,15,debt,99.17
5,3,2,debt,30.35
121,100,21,payment,414.11
95,48,47,payment,266.3
60,3,57,existence,130.2
88,23,65,payment,262.68
52,39,13,existence,125.23
142,53,89,existence,278.5
116,53,63,debt,241.66
116,95,21,payment,318.43
45,44,1,payment,101.7
118,27,91,existence,288.39
106,79,27,existence,256.46
75,51,24,payment,162.2
30,13,17,payment,101.5
49,8,41,debt,141.51
122,72,50,debt,232.88
152,1,151,debt,237.47
71,12,59,debt,144.08
99,6,93,payment,186.34
138,89,49,payment,374.77
47,46,1,debt,129.65
138,86,52,existence,428.25
112,71,41,payment,328.31
32,14,18,debt,94.69
102,31,71,debt,183.15
102,10,92,debt,149.29
110,1,109,debt,225.72
83,61,22,existence,215.78
79,42,37,debt,222.74
140,18,122,existence,195.58
141,17,124,debt,351.2
5,2,3,debt,35.94
141,110,31,payment,455.95
93,33,60,debt,191.17
128,56,72,debt,319.16
58,31,27,debt,105.44
81,22,59,existence,195.23
96,94,2,payment,322.24
146,122,24,payment,421.05
66,53,13,debt,174.5
95,41,54,debt,186.76
21,7,14,existence,51.78
58,29,29,debt,153.99
45,15,30,payment,91.81
58,30,28,existence,125.42
134,85,49,payment,386.1
115,115,0,debt,316.84
83,4,79,debt,142
69,51,18,debt,139.72
114,13,101,debt,275.48
113,96,17,debt,289.45
155,32,123,debt,406.59
151,77,74,payment,305.65
85,29,56,existence,245.38
140,49,91,payment,274.47
71,41,30,debt,151.85
143,33,110,debt,372.77
36,19,17,debt,126.28
2,2,0,debt,31.68
85,11,74,debt,180.3
111,76,35,debt,323.15
139,1,138,debt,188.68
82,42,40,debt,155.51
52,19,33,existence,104.29
42,35,7,payment,129.24
38,29,9,payment,103.32
101,89,12,debt,310.53
50,41,9,payment,132.23
155,38,117,payment,418.61
64,3,61,existence,147.5
95,10,85,payment,242.78
59,24,35,debt,123.03
91,21,70,debt,257.28
12,2,10,existence,25.86
150,81,69,existence,308.82
71,28,43,payment,203.37
107,30,77,debt,277.46
42,13,29,existence,103.21
127,81,46,debt,417.35
119,21,98,existence,187.38
65,63,2,debt,204.13
111,96,15,payment,260.68
91,6,85,payment,198.29
1,1,0,payment,12.76
144,132,12,existence,341.9
49,38,11,existence,138.64
72,69,3,existence,194.28
74,30,44,existence,204.94
95,48,47,debt,277.2
147,52,95,payment,335.79
41,8,33,existence,78.25
44,18,26,payment,121.12
60,48,12,existence,110.52
24,11,13,debt,73.4
66,16,50,debt,124.91
145,83,62,debt,393.32
53,52,1,existence,165.25
117,28,89,existence,303.16
81,15,66,payment,178.47
140,128,12,payment,426.11
51,43,8,payment,156.57
139,132,7,debt,383.35
37,14,23,existence,77.87
64,36,28,debt,208.7
34,5,29,debt,70.41
104,84,20,payment,255.15
113,88,25,debt,257.06
81,23,58,debt,234.13
61,46,15,existence,172.98
55,22,33,payment,109.12
86,65,21,debt,292.81
104,7,97,payment,254.32
75,19,56,debt,149.31
58,43,15,payment,177.76
114,73,41,debt,364.68
134,62,72,existence,392.76
33,20,13,payment,87.17
23,22,1,debt,90.48
32,29,3,payment,89.9
71,20,51,payment,202.09
147,21,126,payment,270.56
153,38,115,existence,274.5
38,28,10,existence,103.84
109,92,17,debt,308.3
19,11,8,existence,47.84
134,69,65,existence,223.54
40,40,0,debt,113.71
109,15,94,debt,266.49
70,68,2,existence,168.31
70,59,11,payment,153.4
119,118,1,existence,381.81
53,30,23,payment,157.15
81,17,64,existence,157.27
47,45,2,payment,150.9
146,37,109,existence,385.96
145,87,58,payment,316.57
137,67,70,debt,255.15
43,39,4,debt,155.21
157,17,140,existence,327.53
76,20,56,debt,171.82
150,145,5,debt,429.28
131,24,107,payment,333.96
135,71,64,payment,300.86
43,38,5,debt,136.45
84,70,14,existence,160.55
28,5,23,debt,74.39
17,15,2,existence,60.84
11,8,3,payment,42.85
105,21,84,debt,241.11
38,4,34,existence,74.05
81,31,50,debt,239
136,18,118,existence,205.21
70,26,44,debt,229.32
90,39,51,payment,286.72
20,2,18,existence,49.05
4,3,1,payment,21.6
104,81,23,existence,293.01
107,84,23,payment,335.46
6,1,5,debt,31.05
33,22,11,existence,105.66
23,13,10,payment,75.56
35,3,32,debt,75.27
74,29,45,debt,190.24
32,3,29,payment,78.2
30,29,1,existence,76.56
109,46,63,existence,217.06
90,64,26,existence,180.63
35,24,11,debt,100.73
36,15,21,payment,82.59
46,26,20,debt,169.39
72,61,11,existence,188.46
38,35,3,payment,113.88
107,48,59,payment,176.45
131,38,93,debt,338.41
59,10,49,payment,105.63
88,30,58,existence,255.64
26,10,16,existence,73.13
72,49,23,debt,191.6
89,67,22,payment,275.33
97,9,88,existence,139.42
56,30,26,existence,138.9
120,74,46,debt,385.76
90,82,8,debt,203.46
31,29,2,debt,124.18
4,2,2,debt,26.58
40,2,38,debt,94.9
10,4,6,debt,28.36
152,30,122,debt,226.53
138,103,35,debt,362.35
119,26,93,debt,302.13
149,71,78,payment,301.75
150,37,113,payment,385.1
65,50,15,payment,170.11
139,125,14,existence,310.08
105,95,10,existence,277.1
38,37,1,debt,164.79
14,8,6,payment,32.08
14,14,0,payment,56.49
20,11,9,existence,47.9
64,12,52,existence,129.82
18,3,15,existence,34.08
24,24,0,payment,95.27
13,8,5,debt,51.61
157,130,27,debt,462.46
14,4,10,debt,47.94
32,29,3,existence,74.15
129,115,14,debt,372.62
145,18,127,existence,226.06
88,12,76,payment,139.37
30,30,0,existence,67.26
157,67,90,payment,331.79
25,21,4,debt,93.91
74,48,26,payment,152.61
120,116,4,debt,295.94
149,63,86,payment,349.8
36,20,16,debt,123.9
67,30,37,debt,213.05
157,92,65,payment,423.45
51,7,44,payment,83.06
132,81,51,existence,305.77
108,1,107,debt,225.9
66,33,33,existence,131.26
32,19,13,existence,94.36
102,80,22,debt,350.05
75,68,7,existence,206.62
138,45,93,existence,273.89
32,14,18,debt,81.41
47,14,33,existence,119.63
63,17,46,debt,181.09
100,96,4,existence,202.07
19,15,4,existence,47.31
70,65,5,debt,213.69
70,44,26,existence,155.29
133,50,83,payment,329.2
14,4,10,existence,37.41
117,114,3,payment,435.36
15,5,10,existence,30.98
145,67,78,payment,277.46
1,1,0,payment,15.29
83,42,41,debt,198.32
110,52,58,payment,219.1
4,4,0,payment,26.38
135,107,28,payment,370.55
75,26,49,debt,236.98
107,42,65,payment,283.61
22,16,6,payment,77.41
130,66,64,payment,380.85
18,12,6,debt,75.49
76,10,66,payment,164.31
58,4,54,payment,103.59
115,103,12,payment,361.89
125,120,5,existence,388.58
24,17,7,existence,47.93
43,11,32,payment,68.25
134,121,13,existence,359.18
33,8,25,existence,67.26
18,7,11,debt,44.28
153,83,70,payment,469.75
149,125,24,debt,475.94
32,12,20,existence,94.21
68,68,0,payment,165.54
102,81,21,debt,335.93
17,16,1,payment,68.94
47,18,29,payment,101.09
131,64,67,existence,266.88
86,5,81,existence,213.54
65,6,59,debt,149.39
138,130,8,payment,508.14
4,3,1,existence,9.5
155,67,88,existence,316.62
52,12,40,payment,113.02
114,43,71,debt,347.22
151,149,2,payment,510.1
109,91,18,payment,393.76
23,18,5,existence,69.05
141,56,85,existence,226.1
131,24,107,payment,317.7
80,65,15,debt,269.94
79,64,15,existence,235.34
137,98,39,existence,367.86
7,4,3,debt,28.18
32,12,20,payment,76.76
135,65,70,payment,392.74
122,90,32,payment,350.51
16,14,2,payment,65.52
126,99,27,debt,338.5
124,120,4,existence,280.82
148,24,124,existence,253.8
111,100,11,existence,343.57
68,61,7,payment,186.4
81,24,57,existence,181.87
66,44,22,payment,209.41
101,62,39,debt,274.42
37,8,29,existence,86.1
10,10,0,debt,51.53
90,69,21,existence,240.07
67,59,8,existence,182.27
69,62,7,payment,224.13
18,1,17,payment,58.99
67,18,49,debt,155.34
30,28,2,debt,131.92
60,30,30,payment,197.87
104,84,20,payment,278.56
84,17,67,debt,175.75
5,2,3,debt,34.86
139,127,12,debt,364.42
14,10,4,debt,49.63
145,125,20,debt,479.23
31,14,17,payment,80.74
40,14,26,payment,80.68
87,51,36,payment,187.5
38,33,5,debt,98.64
61,52,9,payment,160.32
103,37,66,existence,167.43
124,79,45,payment,317.65
12,4,8,existence,16.98
109,1,108,payment,243
25,10,15,existence,65.49
130,37,93,debt,304.13
141,95,46,existence,288.4
16,4,12,debt,43.43
99,21,78,existence,274.25
108,66,42,payment,300.83
83,39,44,existence,196.42
29,7,22,payment,87.91
7,3,4,payment,26.78
97,5,92,existence,194.03
7,4,3,existence,17.91
17,6,11,existence,41.88
77,58,19,existence,174.55
93,79,14,debt,303.34
95,26,69,debt,217.43
91,18,73,payment,244.14
139,33,106,existence,384.32
54,53,1,debt,185.26
52,51,1,debt,159.66
18,11,7,debt,62.36
6,4,2,payment,30.96
149,49,100,existence,288.25
29,15,14,debt,68.24
58,37,21,debt,124.26
36,4,32,payment,88.19
115,41,74,existence,274.38
112,45,67,debt,312.38
61,20,41,payment,133.75
138,47,91,debt,405.58
68,5,63,existence,163.17
129,32,97,debt,374.38
24,10,14,debt,83.01
146,76,70,existence,278.87
67,1,66,existence,141.42
152,61,91,payment,344.62
68,27,41,payment,134.5
65,62,3,payment,217.59
40,3,37,existence,85.98
84,63,21,existence,227.21
152,27,125,debt,327.77
115,24,91,existence,247.85
130,22,108,payment,266.61
9,2,7,debt,40.92
2,2,0,debt,21.04
156,148,8,payment,329.8
24,10,14,debt,89.35
150,2,148,existence,358.44
57,34,23,debt,173.98
15,3,12,existence,27.5
153,61,92,existence,351.21
35,5,30,existence,61.15
40,28,12,payment,150.39
136,63,73,existence,310.1
85,1,84,existence,176.54
137,81,56,existence,349.61
92,42,50,existence,244.91
99,51,48,payment,244.93
46,32,14,payment,137.15
83,13,70,existence,114.65
71,58,13,payment,169.95
118,61,57,existence,282.25
122,32,90,existence,237.99
41,32,9,payment,102
133,77,56,existence,319.03
52,28,24,payment,133.36
10,6,4,payment,36.12
92,16,76,debt,161.29
109,95,14,existence,307.95
108,14,94,debt,262.91
112,20,92,existence,266.94
84,10,74,debt,140.45
86,77,9,payment,218.4
21,21,0,debt,70.78
119,89,30,debt,289.22
110,66,44,existence,309.13
52,2,50,debt,121.73
87,73,14,payment,226.64
70,30,40,existence,196.14
7,4,3,debt,27.42
128,53,75,payment,351.76
53,35,18,payment,154.03
131,37,94,existence,213.91
45,14,31,debt,131.67
39,37,2,debt,137.32
32,32,0,existence,74.61
148,144,4,existence,395.66
28,13,15,debt,84.5
92,38,54,debt,226.59
6,3,3,payment,17.97
140,54,86,existence,286.7
11,6,5,debt,35.55
39,7,32,debt,71.36
4,1,3,payment,27.73
96,52,44,debt,243.5
98,9,89,payment,171.75
15,5,10,debt,43.24
111,64,47,debt,342.76
132,127,5,payment,466.45
66,17,49,existence,138.72
23,22,1,existence,82.48
50,28,22,payment,153.81
18,12,6,payment,64.79
99,32,67,existence,252.27
103,6,97,debt,245.29
141,72,69,debt,259.88
12,5,7,payment,50.49
111,42,69,debt,229.54
128,21,107,debt,218.05
111,60,51,existence,238.3
156,121,35,debt,399.81
143,107,36,existence,332.39
90,80,10,existence,238.29
55,35,20,payment,166.86
87,26,61,payment,155.38
84,1,83,debt,214.46
85,77,8,existence,221.27
105,68,37,debt,265.21
61,7,54,existence,91.45
40,10,30,debt,94.66
131,66,65,existence,242.91
132,108,24,debt,362.04
138,41,97,debt,274.34
98,91,7,debt,322.83
154,40,114,payment,427.33
10,4,6,payment,28.12
36,7,29,debt,63.7
72,44,28,debt,179.72
90,15,75,payment,210.3
76,49,27,debt,221.78
157,94,63,debt,451.06
39,35,4,debt,134.42
3,3,0,payment,22.77
93,12,81,payment,173.23
9,8,1,payment,32.02
112,79,33,existence,357.15
53,41,12,existence,139.13
132,74,58,existence,327.06
62,55,7,existence,213.64
68,7,61,debt,180.72
100,1,99,existence,138.54
100,3,97,payment,264.23
116,104,12,existence,435.33
60,39,21,debt,135.5
12,1,11,existence,26.09
150,135,15,payment,439.88
70,18,52,existence,187.14
156,96,60,debt,377.53
47,22,25,existence,105.4
93,57,36,debt,183.79
97,51,46,existence,290.35
45,11,34,payment,135.76
143,135,8,payment,466.8
12,9,3,existence,30.32
140,46,94,existence,351.68
156,152,4,existence,384.87
23,6,17,payment,46.1
29,5,24,existence,42.77
95,9,86,payment,221.87
100,94,6,payment,239.04
102,56,46,debt,298.13
2,2,0,payment,12.44
46,7,39,existence,99.52
28,28,0,existence,67.52
50,22,28,existence,113.47
21,17,4,payment,64.25
25,10,15,payment,75.2
64,45,19,payment,156.46
48,17,31,debt,140.67
96,16,80,existence,129.1
54,21,33,debt,116.61
112,47,65,payment,275.13
128,48,80,existence,233.57
38,3,35,existence,57.04
78,71,7,debt,269.36
67,67,0,payment,255.13
107,61,46,existence,244.75
45,10,35,existence,126.26
124,30,94,existence,327.39
24,14,10,existence,40.97
55,49,6,existence,169.54
18,2,16,debt,55.27
3,3,0,existence,9.41
117,22,95,debt,220.95
90,63,27,existence,252.21
17,5,12,existence,45.87
2,2,0,debt,22.65
113,1,112,payment,289.67
28,13,15,existence,66.76
10,1,9,payment,35.47
117,114,3,existence,264.57
70,49,21,existence,153.89
90,20,70,existence,182.51
76,73,3,debt,302.75
8,4,4,debt,39.11
50,16,34,debt,120.16
150,86,64,payment,476.47
103,12,91,payment,278.24
137,33,104,existence,361.4
113,75,38,existence,337.88
115,80,35,existence,315.28
135,103,32,debt,350.63
94,5,89,payment,130.37
54,23,31,debt,121.75
70,44,26,existence,165.25
120,31,89,debt,330.36
119,39,80,debt,215.98
102,39,63,payment,248.33
78,25,53,payment,181.48
85,28,57,payment,173.75
38,20,18,existence,81.65
98,96,2,existence,267.45
154,68,86,debt,377.03
55,49,6,existence,150.98
117,43,74,payment,205.49
23,20,3,debt,57.12
113,67,46,existence,339.06
153,78,75,existence,432.64
116,87,29,payment,345.44
80,64,16,payment,158.44
8,4,4,existence,19.04
121,37,84,payment,187.74
79,26,53,existence,148.93
58,19,39,payment,144.34
46,45,1,payment,163.75
143,36,107,payment,242.02
139,3,136,existence,337.52
137,86,51,debt,318.23
33,20,13,existence,83.97
74,33,41,debt,167.79
139,136,3,existence,515.53
30,9,21,existence,60.49
56,42,14,debt,155.5
72,67,5,payment,209.63
1,1,0,debt,16.69
148,69,79,existence,309.2
51,42,9,debt,193.09
115,113,2,existence,257.94
91,55,36,debt,261.18
119,74,45,debt,253.12
92,14,78,payment,264.59
63,59,4,existence,177.17
44,34,10,payment,128.83
35,26,9,payment,121.55
16,6,10,existence,39.16
87,14,73,payment,142.82
82,27,55,existence,234.58
118,118,0,debt,377.88
142,126,16,debt,350.22
130,112,18,payment,444.32
103,44,59,existence,252.61
94,43,51,existence,169.75
138,29,109,existence,227.07
53,8,45,existence,74.21
50,48,2,payment,164.67
102,40,62,existence,213.77
8,7,1,existence,20.02
1,1,0,existence,2.7
156,116,40,existence,449.28
54,7,47,existence,106.58
135,65,70,existence,271.14
75,9,66,payment,118.99
148,8,140,existence,201.77
7,4,3,payment,27.38
72,52,20,debt,183.13
145,89,56,debt,453
81,60,21,existence,278.57
42,35,7,payment,106.9
30,27,3,payment,64.07
135,22,113,existence,364.63
74,1,73,existence,169.02
112,10,102,payment,304.19
34,1,33,payment,81.25
94,14,80,payment,250.97
134,111,23,existence,310.6
41,29,12,existence,106.62
65,45,20,payment,195.65
157,127,30,payment,384.6
52,14,38,debt,91.89
98,36,62,payment,262.64
142,74,68,debt,446.23
49,4,45,payment,85.44
36,19,17,debt,117.25
131,75,56,debt,257.66
18,4,14,payment,53.49
45,39,6,existence,141.6
17,7,10,existence,30.64
33,7,26,existence,56.51
66,42,24,debt,185.5
148,82,66,payment,376.93
143,111,32,debt,367.33
24,11,13,debt,83.13
75,3,72,debt,143.99
117,34,83,debt,268.03
120,54,66,payment,272.67
1,1,0,existence,2.72
105,22,83,debt,243.21
121,9,112,debt,265.22
157,151,6,payment,526.97
8,7,1,payment,28.6
5,3,2,existence,10.93
77,8,69,payment,163.77
129,95,34,payment,333.83
13,1,12,payment,31.85
16,4,12,payment,49.9
18,12,6,existence,37.33
14,4,10,debt,59.65
133,21,112,debt,276.18
32,23,9,debt,86.14
90,42,48,payment,250.15
8,4,4,payment,38.59
42,28,14,debt,110.89
61,3,58,payment,128.45
154,145,9,existence,435.03
120,90,30,debt,354.92
5,2,3,existence,10.55
11,5,6,debt,46.51
70,22,48,payment,137.16
98,95,3,debt,304.76
48,5,43,existence,97.64
26,22,4,debt,103.57
63,23,40,existence,128.31
128,88,40,debt,333.67
103,8,95,debt,147.1
52,30,22,debt,137.51
100,91,9,debt,325.97
18,2,16,existence,42.58
92,17,75,existence,219.63
156,87,69,payment,448.38
41,7,34,debt,71.59
11,7,4,debt,32.81
152,140,12,payment,582.61
140,107,33,debt,389.63
105,82,23,debt,260.88
37,26,11,existence,98.26
103,37,66,existence,292.25
7,7,0,existence,19.83
69,24,45,payment,140.39
140,34,106,existence,258.75
47,3,44,payment,117.99
157,22,135,debt,364.46
39,15,24,debt,103.92
5,3,2,payment,23.7
83,35,48,debt,234.6
1,1,0,debt,15.86
17,16,1,payment,55.06
29,12,17,existence,70.5
150,45,105,existence,271.56
45,17,28,debt,112.49
138,13,125,debt,280.09
9,7,2,debt,32.82
145,51,94,debt,262.66
28,3,25,debt,58.72
38,28,10,payment,96.95
81,26,55,payment,211.15
43,25,18,payment,109.9
156,151,5,existence,582.94
128,89,39,payment,245.63
121,34,87,debt,324.14
18,2,16,debt,33.87
80,72,8,payment,253.96
138,74,64,existence,410.61
52,16,36,existence,77.2
34,27,7,existence,83.76
21,2,19,debt,45.3
133,68,65,debt,338.05
110,36,74,existence,305.23
23,16,7,debt,83.29
125,2,123,existence,167.53
68,62,6,existence,220.19
101,75,26,existence,281.94
80,58,22,existence,230.66
81,27,54,existence,226.23
30,19,11,existence,77.52
82,35,47,existence,208.22
35,23,12,existence,119.03
68,13,55,existence,102.85
66,56,10,debt,223.68
22,11,11,payment,52.65
132,70,62,debt,412.25
44,25,19,existence,116.41
37,10,27,debt,93.33
33,8,25,existence,86.35
25,2,23,payment,69.98
68,1,67,debt,87.57
135,72,63,debt,382.35
138,53,85,existence,369.71
102,59,43,debt,176.28
17,17,0,existence,61.23
41,19,22,debt,122.73
48,17,31,existence,118.73
33,14,19,existence,88.42
4,2,2,existence,11.16
144,112,32,existence,296.39
109,76,33,payment,282.9
102,21,81,payment,290.91
67,31,36,existence,197.58
141,12,129,existence,180.3
133,104,29,existence,364.38
148,3,145,payment,364.54
108,106,2,payment,239.45
55,49,6,debt,154.63
75,9,66,existence,137.53
31,13,18,existence,87.84
21,17,4,payment,61.62
67,4,63,payment,113.37
88,43,45,payment,261.01
54,22,32,debt,191.68
112,23,89,existence,307.56
145,74,71,debt,353.96
73,50,23,existence,183.35
134,14,120,payment,255.96
93,48,45,existence,279.58
85,15,70,payment,199.53
59,58,1,payment,212.85
39,37,2,debt,135.5
13,1,12,payment,48.18
18,1,17,debt,59
102,38,64,existence,232.34
66,1,65,existence,94.91
31,16,15,debt,92.79
7,6,1,payment,27.25
66,4,62,payment,102.12
62,5,57,debt,105.87
85,28,57,payment,137.52
75,66,9,existence,250.31
42,28,14,debt,117.54
95,26,69,existence,221.18
85,64,21,payment,211.94
84,61,23,payment,205.65
112,78,34,existence,243.64
147,97,50,debt,375.78
142,49,93,debt,238.72
153,73,80,debt,393.61
150,3,147,debt,291.24
39,18,21,debt,103.66
121,38,83,existence,278.78
29,3,26,existence,39.71
54,13,41,debt,98.95
60,60,0,payment,218.64
93,65,28,payment,303.67
44,6,38,existence,98.69
72,17,55,payment,156.28
146,135,11,debt,424.84
82,72,10,debt,234.23
125,56,69,existence,236.32
89,43,46,debt,152.64
144,16,128,debt,234.08
3,2,1,existence,6.71
73,37,36,existence,182.65
95,39,56,debt,251.7
97,40,57,debt,199.05
128,99,29,debt,343.45
111,47,64,existence,213.18
92,59,33,payment,260.68
128,113,15,debt,344.79
23,13,10,debt,80.13
1,1,0,debt,31.78
74,58,16,payment,244.81
29,3,26,existence,40.44
23,15,8,existence,56.11
84,3,81,payment,136.99
25,5,20,debt,87.76
117,65,52,debt,358.92
23,2,21,existence,28.82
73,7,66,debt,152.6
151,68,83,payment,299.59
34,2,32,debt,77.31
133,7,126,existence,195.91
153,17,136,existence,244.52
40,14,26,payment,76.44
129,37,92,payment,278.99
129,106,23,existence,379.22
51,16,35,debt,97.43
64,57,7,payment,171.06
147,41,106,payment,295.89
75,35,40,existence,139.59
6,1,5,payment,27.38
6,4,2,existence,11.69
89,82,7,payment,294.52
36,25,11,payment,130.86
41,35,6,debt,111.77
54,33,21,payment,110.01
139,20,119,debt,363.7
5,2,3,existence,11.1
56,46,10,debt,183.58
111,55,56,payment,349.91
2,1,1,payment,14.07
11,1,10,existence,23.76
126,14,112,debt,319.27
99,33,66,payment,231.94
4,2,2,debt,33.42
66,43,23,debt,198.52
99,3,96,payment,177.06
48,47,1,existence,113.12
14,9,5,debt,35.24
113,24,89,debt,231.15
18,17,1,existence,46.21
55,28,27,debt,102.13
10,7,3,existence,21.17
4,2,2,debt,26.28
120,93,27,existence,335.49
117,41,76,payment,268.27
122,18,104,payment,230.01
106,14,92,debt,230.75
118,37,81,debt,340.04
128,118,10,debt,486.31
49,39,10,payment,115.22
128,104,24,payment,390.93
125,104,21,payment,377.25
117,93,24,debt,307.49
71,5,66,debt,149.4
120,105,15,payment,320.49
2,1,1,debt,28.02
59,15,44,payment,134.22
55,36,19,payment,131.72
15,12,3,payment,57.64
10,7,3,debt,39.33
83,10,73,existence,194.82
133,85,48,debt,469.19
70,28,42,payment,199.2
46,7,39,debt,112.16
55,19,36,existence,131.01
56,14,42,payment,113.24
139,139,0,existence,509.49
101,67,34,existence,304.31
104,25,79,existence,235.38
28,25,3,payment,90.51
142,112,30,payment,448.84
99,78,21,debt,297.66
139,13,126,debt,327.39
77,37,40,existence,221.13
12,8,4,debt,49.42
93,60,33,debt,200.85
104,60,44,existence,332.05
66,47,19,payment,185.58
14,1,13,existence,35.41
101,92,9,existence,328.84
138,67,71,debt,346.18
45,39,6,debt,131.42
13,2,11,debt,45.2
28,4,24,debt,84.48
129,128,1,existence,377.09
152,64,88,debt,291.16
107,94,13,debt,354.67
150,111,39,payment,424.05
149,129,20,payment,419.47
10,6,4,debt,37.7
1,1,0,debt,13.1
99,18,81,payment,203.24
89,32,57,payment,150.68
126,94,32,payment,255.81
30,18,12,debt,67.7
55,13,42,payment,124
138,66,72,payment,270.67
39,31,8,debt,128.04
149,39,110,payment,232.55
105,70,35,payment,259.9
120,16,104,existence,265.02
81,19,62,payment,180.15
24,3,21,debt,83.44
137,102,35,payment,334.69
136,118,18,debt,362.48
149,102,47,payment,332.15
134,25,109,existence,287.41
133,116,17,payment,366.17
5,5,0,payment,29.37
110,72,38,existence,270.68
80,69,11,existence,223.29
157,99,58,payment,492.89
156,137,19,debt,419.15
27,16,11,existence,66.08
52,28,24,debt,117.35
150,90,60,payment,388.8
59,37,22,payment,195.11
80,50,30,debt,190.67
22,4,18,existence,30.2
14,11,3,existence,26.75
110,60,50,existence,181.17
16,6,10,payment,52.93
49,17,32,debt,97.93
5,3,2,payment,19.58
74,31,43,existence,179.43
68,36,32,payment,174.28
96,54,42,payment,260.34
93,87,6,payment,318.38
57,26,31,existence,151.17
97,10,87,existence,190.4
54,33,21,existence,146.38
55,23,32,existence,140.57
84,29,55,payment,216.41
19,10,9,debt,66.43
1,1,0,existence,2.72
130,7,123,existence,218.38
113,106,7,payment,264.99
35,13,22,payment,75.21
38,18,20,existence,89.07
32,14,18,existence,81.6
57,2,55,existence,85.37
153,143,10,debt,545.8
41,20,21,payment,93.31
35,19,16,payment,110.69
101,41,60,debt,193.36
84,15,69,debt,175.2
76,54,22,debt,213.49
87,67,20,debt,292.75
109,41,68,payment,214.99
56,47,9,payment,173.03
137,137,0,payment,405.52
5,1,4,existence,10.37
110,75,35,existence,352.24
34,25,9,payment,111.62
46,28,18,existence,144.09
41,3,38,existence,80.92
95,8,87,existence,167.87
81,28,53,existence,132.52
82,57,25,existence,149.14
151,136,15,existence,398.72
75,72,3,payment,222.99
86,63,23,existence,227.48
148,125,23,existence,385.34
52,50,2,existence,138.54
60,54,6,existence,141.73
11,4,7,debt,34.09
134,20,114,debt,278.01
116,52,64,debt,288.06
46,31,15,existence,95.46
43,20,23,existence,103.59
83,1,82,existence,205.31
59,8,51,existence,92.16
135,5,130,payment,227.22
41,27,14,payment,112.02
79,76,3,debt,225.58
149,109,40,debt,455.08
117,74,43,debt,350.52
7,2,5,payment,35.2
82,66,16,debt,241.57
73,10,63,existence,108.96
91,24,67,debt,178
101,2,99,payment,150.68
144,143,1,debt,500.87
26,8,18,existence,62.89
122,40,82,debt,349.92
4,4,0,debt,32.04
98,66,32,debt,264.7
125,25,100,existence,275.49
154,33,121,debt,368.38
47,13,34,payment,82.9
47,26,21,debt,101.06
62,58,4,debt,247.35
16,10,6,existence,46.64
83,23,60,existence,175.36
73,64,9,debt,241.59
117,9,108,existence,279.44
88,77,11,existence,214.32
81,5,76,debt,126.96
84,3,81,debt,213.21
44,2,42,existence,102.48
116,70,46,existence,284.39
69,11,58,payment,100.47
39,14,25,debt,135.01
114,48,66,existence,306.98
155,128,27,payment,440.38
47,11,36,existence,80.68
37,33,4,debt,135.79
52,49,3,payment,149.43
62,49,13,existence,129.56
120,83,37,payment,332.93
22,6,16,debt,76.43
113,111,2,payment,336.54
96,48,48,debt,238.47
96,52,44,debt,311.38
87,5,82,debt,161.36
34,3,31,existence,66.05
30,17,13,existence,64.14
9,1,8,debt,36.85
135,15,120,existence,311.73
55,17,38,payment,101.89
135,35,100,debt,306.27
102,28,74,existence,213.82
109,34,75,payment,300.91
21,13,8,existence,52.51
28,28,0,payment,96.09
131,119,12,existence,357.03
114,45,69,existence,253.1
32,6,26,existence,78.58
81,61,20,existence,203.14
103,71,32,payment,250.08
22,11,11,payment,74.27
3,3,0,debt,18.91
124,119,5,payment,461.69
11,9,2,payment,33.62
80,6,74,existence,142.73
96,49,47,existence,283.62
54,15,39,payment,150.02
25,18,7,debt,98.69
105,13,92,existence,175.23
80,56,24,existence,199.35
61,61,0,existence,193.02
118,87,31,payment,359.17
135,119,16,payment,407.86
74,72,2,existence,198.56
43,28,15,debt,140.87
17,7,10,payment,44.08
144,133,11,existence,334.37
101,18,83,payment,240.14
89,57,32,debt,297.14
32,24,8,existence,76.25
81,18,63,existence,160.19
82,56,26,payment,231.06
104,8,96,payment,209.86
62,10,52,debt,120.84
44,44,0,payment,118.72
142,63,79,existence,304.48
95,64,31,debt,309.61
145,44,101,existence,323.52
2,1,1,existence,5.55
62,51,11,payment,164.02
138,113,25,existence,402.94
14,2,12,debt,44.69
49,24,25,debt,113.98
62,32,30,payment,147.41
95,9,86,existence,143.42
107,44,63,debt,191.59
18,7,11,payment,53.25
132,108,24,debt,429.47
53,2,51,payment,78.15
96,90,6,existence,217.34
36,5,31,debt,88.4
21,8,13,payment,49.99
54,3,51,debt,140.76
114,19,95,existence,226.25
135,46,89,payment,255.97
120,69,51,existence,281.69
92,83,9,payment,276.37
148,93,55,payment,374.64
95,28,67,payment,189.98
44,18,26,existence,78.12
91,58,33,payment,247.93
143,119,24,existence,424.84
8,7,1,payment,28.81
34,29,5,debt,113.02
108,46,62,existence,304.8
144,124,20,payment,350.49
91,90,1,existence,272.4
102,50,52,payment,269.25
23,14,9,debt,69.28
132,128,4,debt,478.68
101,63,38,payment,273.73
2,2,0,existence,6.96
38,37,1,existence,113.27
95,28,67,existence,156.45
26,12,14,existence,71.33
91,42,49,existence,260.57
28,19,9,payment,63.08
43,3,40,payment,98.16
48,20,28,existence,85.83
73,53,20,payment,199.37
42,41,1,existence,91.9
92,9,83,payment,129.05
91,8,83,payment,150.51
114,86,28,existence,335.42
71,2,69,existence,177.77
118,36,82,payment,221.91
142,137,5,payment,428.48
25,21,4,debt,92.13
76,51,25,existence,212.17
11,6,5,existence,18.79
132,128,4,payment,344.49
140,78,62,existence,240
27,14,13,debt,87
122,77,45,payment,284.23
149,41,108,debt,383.13
61,19,42,existence,84.66
82,75,7,existence,235.91
86,14,72,payment,223.62
100,23,77,debt,283.6
67,56,11,existence,202.85
94,93,1,payment,292.15
140,118,22,existence,460.11
156,58,98,payment,368.59
144,28,116,debt,360.53
139,74,65,payment,314.51
74,46,28,payment,223.14
68,49,19,payment,196.89
145,22,123,debt,316.11
155,125,30,debt,520.13
140,22,118,payment,255.54
153,45,108,payment,376.89
108,79,29,existence,283.04
97,48,49,debt,281.09
116,14,102,payment,292.74
85,26,59,existence,232.42
88,2,86,existence,152.14
34,32,2,payment,133.39
21,17,4,payment,77.91
156,129,27,payment,421.28
91,52,39,debt,268.95
136,94,42,existence,402.88
121,102,19,payment,378.94
116,14,102,debt,233.41
24,22,2,debt,75.78
77,75,2,debt,213.5
26,13,13,existence,43.3
157,20,137,debt,374.5
78,74,4,existence,217.16
126,37,89,existence,309.4
125,110,15,payment,294.35
36,25,11,payment,85.4
73,12,61,existence,152.8
79,6,73,existence,99.69
72,54,18,existence,166.97
17,7,10,payment,59.93
50,17,33,payment,111.67
5,5,0,payment,31.17
52,30,22,existence,131.91
43,22,21,debt,133.55
56,36,20,payment,148.25
131,45,86,debt,243.41
96,13,83,payment,255.03
3,2,1,existence,5.1
123,55,68,payment,338.94
33,24,9,debt,108.9
155,18,137,existence,335.33
50,32,18,existence,125.04
31,10,21,existence,75.19
44,32,12,debt,141.29
10,5,5,existence,26.97
50,47,3,payment,166.71
35,29,6,debt,83.2
19,4,15,debt,50.57
55,53,2,existence,180.62
21,9,12,debt,55.34
89,30,59,debt,155.36
20,4,16,payment,61.71
22,9,13,payment,49.02
97,52,45,debt,247.06
33,27,6,payment,88.71
81,4,77,payment,219.04
101,75,26,payment,337.87
111,19,92,existence,289.51
28,23,5,payment,84.11
99,69,30,debt,249.24
113,16,97,debt,309.6
46,42,4,existence,145.94
96,91,5,debt,353.34
147,63,84,payment,302.37
128,35,93,payment,218.21
40,29,11,payment,116.4
154,109,45,existence,369
123,26,97,payment,250.63
5,4,1,debt,33.46
90,75,15,debt,268.42
75,43,32,debt,189.67
36,11,25,debt,96.68
115,44,71,payment,315.34
108,12,96,existence,138.82
134,111,23,payment,409.52
85,13,72,debt,226.74
11,2,9,payment,30.04
153,64,89,payment,368.7
113,99,14,payment,365.46
51,39,12,existence,117.27
73,63,10,payment,196.61
83,14,69,existence,151.64
112,8,104,debt,247.21
134,116,18,debt,358.52
99,41,58,debt,199.06
41,3,38,debt,95.34
99,34,65,debt,191.97
137,48,89,debt,273.21
83,15,68,existence,176.58
95,31,64,payment,159.66
126,79,47,debt,342.34
88,82,6,debt,298.16
155,51,104,debt,324.29
101,10,91,debt,275.85
131,47,84,existence,245.1
103,5,98,debt,162.56
7,7,0,debt,27.95
4,3,1,existence,10.66
14,1,13,debt,60.82
120,20,100,existence,251.62
93,41,52,existence,166.61
148,73,75,payment,256.15
67,25,42,debt,151.51
83,41,42,debt,220.11
118,17,101,existence,231.6
12,10,2,existence,27.85
117,101,16,payment,413.01
57,37,20,existence,144.24
100,33,67,existence,192.05
119,51,68,debt,311.87
12,9,3,payment,42.97
72,15,57,payment,148.13
16,7,9,existence,41.72
69,55,14,existence,132.32
36,25,11,payment,102.03
4,2,2,debt,26.24
15,12,3,debt,76.86
124,52,72,debt,221.56
6,3,3,existence,12.6
104,92,12,existence,307.51
9,3,6,debt,39.24
141,134,7,debt,339.66
25,1,24,debt,62.24
44,44,0,debt,155.9
59,20,39,payment,114.59
85,40,45,payment,182.2
51,27,24,payment,135.66
59,15,44,existence,106.43
134,67,67,existence,400.37
86,3,83,existence,111.49
109,61,48,debt,339.43
94,17,77,existence,153.58
94,40,54,debt,232.63
71,39,32,existence,203.17
104,68,36,debt,349.59
127,12,115,existence,207.35
28,4,24,existence,43.2
39,2,37,debt,92.05
82,59,23,debt,250.34
3,2,1,payment,17.06
131,78,53,debt,361.07
68,49,19,debt,201.59
6,6,0,debt,30.85
53,24,29,payment,116.43
150,13,137,existence,257.66
149,140,9,debt,532.79
131,93,38,debt,440.95
150,50,100,payment,329.74
106,21,85,existence,194.65
101,66,35,existence,229.5
2,1,1,debt,17.2
99,96,3,payment,303
102,41,61,existence,278.65
25,24,1,payment,83.76
45,40,5,debt,136.06
115,114,1,payment,392.03
127,58,69,payment,252.76
6,1,5,debt,41.67
21,1,20,existence,40.59
23,8,15,payment,55.66
106,100,6,debt,366.56
13,4,9,existence,23.64
80,10,70,payment,115.63
7,1,6,payment,31.97
30,20,10,debt,83.33
111,58,53,existence,289.79
44,25,19,debt,94.43
50,21,29,existence,113.13
88,32,56,existence,157.83
150,88,62,debt,424.01
51,31,20,existence,159.09
114,32,82,payment,300.91
96,46,50,existence,172.67
11,7,4,payment,45.09
50,42,8,payment,169.97
69,33,36,payment,192
138,101,37,debt,428.29
3,3,0,existence,8.05
70,35,35,existence,185.22
118,80,38,payment,326.37
133,9,124,debt,306.39
103,76,27,existence,246.58
63,36,27,debt,202.79
82,76,6,existence,273.46
22,21,1,existence,58.08
78,11,67,debt,213.27
90,54,36,payment,175.98
30,22,8,debt,100.01
101,38,63,payment,187.2
89,23,66,debt,198.48
150,81,69,payment,394.76
74,32,42,existence,155.14
26,11,15,debt,75.41
14,7,7,existence,38.24
152,150,2,existence,426.46
73,55,18,existence,200.97
36,17,19,debt,108.16
83,13,70,payment,223.61
23,16,7,payment,71.63
56,27,29,existence,130.37
98,15,83,debt,203.65
146,114,32,payment,334.06
10,9,1,payment,39.25
124,51,73,payment,246.49
146,29,117,debt,251.93
112,62,50,existence,209.05
96,10,86,existence,168.75
13,11,2,debt,62.03
121,107,14,debt,343.29
29,17,12,debt,77.08
74,12,62,payment,175.05
52,34,18,payment,124.49
65,55,10,debt,198.52
136,73,63,debt,312.68
88,48,40,payment,267.42
133,52,81,existence,280.91
15,9,6,existence,34.33
154,101,53,existence,445.97
85,53,32,payment,256.31
92,4,88,debt,191.58
29,21,8,payment,75.74
153,10,143,payment,212.92
65,7,58,existence,112.71
8,5,3,debt,46.63
27,7,20,payment,62.89
136,125,11,existence,380.28
13,7,6,existence,37.76
77,52,25,existence,163.91
64,31,33,debt,214.63
119,111,8,payment,333.46
96,66,30,debt,190.01
11,8,3,existence,29.58
29,23,6,payment,87.76
15,15,0,payment,53.23
151,88,63,payment,306.16
61,17,44,existence,128.23
24,15,9,existence,74.54
63,47,16,payment,209.67
116,69,47,existence,254.61
79,64,15,existence,194.31
1,1,0,debt,20.43
56,23,33,debt,146.13
50,25,25,existence,106.64
149,140,9,payment,508.79
51,7,44,debt,134.78
146,30,116,debt,244.72
85,37,48,debt,247.93
104,19,85,existence,161.9
70,53,17,existence,147.52
45,27,18,payment,116.46
104,66,38,existence,241.77
8,7,1,payment,25.85
59,29,30,payment,171.27
96,53,43,debt,275.48
9,7,2,existence,27.58
16,5,11,existence,41.09
145,108,37,debt,478.1
134,81,53,existence,410.13
137,127,10,existence,326.14
91,55,36,debt,282.26
126,2,124,debt,264.85
142,27,115,payment,263.8
41,29,12,payment,124.35
150,93,57,payment,415.76
59,4,55,payment,92.41
111,95,16,debt,276.19
28,24,4,debt,89.45
83,71,12,payment,274.92
24,19,5,existence,81.2
152,1,151,payment,192.56
66,52,14,payment,153.9
25,14,11,debt,78.57
69,26,43,debt,221.02
142,47,95,existence,226.04
32,20,12,existence,82.21
155,42,113,debt,295.96
133,46,87,debt,266.47
70,66,4,existence,195.49
7,1,6,payment,32.48
67,6,61,debt,136.67
23,15,8,debt,71.18
72,28,44,debt,184.81
19,3,16,debt,60.06
109,79,30,debt,252.59
19,17,2,debt,51.66
42,16,26,debt,131.31
31,31,0,existence,93.9
145,38,107,debt,247.79
129,66,63,existence,251.99
131,75,56,debt,331.85
29,3,26,payment,79.92
122,116,6,debt,309.26
5,4,1,existence,13.18
139,103,36,debt,347.76
51,11,40,payment,96.96
117,60,57,existence,220.44
115,25,90,existence,172.12
100,59,41,debt,221.88
125,51,74,debt,252.6
47,11,36,payment,94.89
3,3,0,debt,32.06
94,84,10,payment,281.88
155,137,18,payment,565.81
20,16,4,debt,82.94
115,22,93,existence,237.19
115,31,84,debt,253.78
75,51,24,payment,154.9
150,133,17,existence,397.93
89,84,5,existence,317.76
55,43,12,debt,157.87
9,1,8,existence,18.04
88,18,70,debt,199.91
28,22,6,debt,90.05
66,52,14,payment,154.4
61,37,24,payment,124.51
132,75,57,debt,378.08
122,55,67,payment,357.77
151,48,103,payment,364.46
153,129,24,debt,445.62
91,64,27,existence,187.2
112,5,107,existence,148.81
99,71,28,payment,295.41
61,31,30,debt,137.34
94,76,18,debt,205.76
59,41,18,payment,150.56
14,14,0,debt,59.67
78,62,16,debt,237.08
16,12,4,existence,43.62
91,42,49,payment,175.46
135,26,109,debt,278.88
59,43,16,payment,200.97
58,5,53,payment,152.61
22,17,5,debt,69.08
17,5,12,debt,53.48
35,31,4,payment,118.21
118,83,35,payment,271.75
69,25,44,payment,200.65
148,135,13,payment,386.28
10,5,5,debt,54
151,15,136,payment,247.25
96,74,22,debt,257.46
35,18,17,payment,72.54
110,61,49,debt,245.61
43,8,35,existence,78.27
150,15,135,debt,243.28
29,5,24,payment,61.2
15,15,0,existence,54.16
71,42,29,debt,228.99
89,16,73,payment,156.66
87,25,62,payment,211.69
146,13,133,payment,335.71
1,1,0,existence,2.81
112,48,64,payment,277.4
12,7,5,payment,38.69
110,62,48,existence,248.54
73,8,65,debt,171.42
2,1,1,existence,3.28
146,35,111,debt,363.11
80,71,9,debt,194.65
50,18,32,existence,95.29
105,43,62,payment,276.17
80,26,54,existence,181.37
63,29,34,debt,197.03
122,107,15,payment,249.44
100,92,8,existence,278.1
90,56,34,payment,306.13
39,16,23,existence,106.61
32,11,21,payment,75.68
77,70,7,payment,258.75
54,49,5,debt,115.31
141,75,66,payment,334.63
85,83,2,existence,211.07
81,29,52,existence,172.27
10,6,4,existence,20.64
84,78,6,debt,306.1
67,17,50,payment,160.26
27,12,15,existence,72.81
50,42,8,existence,148.86
134,80,54,existence,279.57
74,32,42,existence,159.46
19,8,11,debt,68.76
122,39,83,payment,292.46
67,51,16,payment,154.98
123,108,15,payment,345.8
82,51,31,existence,239.39
96,67,29,payment,189.33
65,28,37,debt,107.85
31,14,17,payment,73.39
152,135,17,existence,377.39
112,110,2,payment,429.5
123,110,13,debt,283.89
35,11,24,existence,87.4
108,2,106,existence,227.38
90,77,13,existence,210.09
114,26,88,debt,190.3
26,12,14,payment,93.38
14,13,1,debt,49.45
19,18,1,debt,74.12
100,54,46,existence,243.55
32,30,2,payment,86.57
122,47,75,existence,335.33
122,120,2,debt,318.22
128,6,122,payment,211.12
137,55,82,existence,252.15
88,47,41,existence,248.42
99,10,89,existence,173.65
44,1,43,debt,107.79
100,7,93,payment,239.1
89,19,70,existence,208.87
113,93,20,debt,307.62
13,10,3,existence,37.46
51,44,7,payment,171.18
20,11,9,debt,80.76
61,44,17,debt,150.99
25,18,7,existence,64.27
3,3,0,existence,7.9
33,10,23,debt,94.17
90,86,4,debt,274.55
124,11,113,payment,158.95
21,5,16,payment,46.54
156,73,83,payment,311.8
98,35,63,debt,174.54
34,20,14,payment,82.47
81,71,10,debt,199.8
2,2,0,payment,10.84
94,92,2,debt,339.14
65,46,19,debt,193.25
135,24,111,debt,323.34
7,1,6,debt,32.18
84,34,50,payment,251.17
99,34,65,existence,189.84
130,15,115,debt,346.52
49,30,19,debt,148.73
74,22,52,debt,139.01
126,99,27,payment,301.66
123,3,120,payment,246.12
64,23,41,payment,170.72
90,84,6,payment,348.28
33,19,14,payment,80.75
79,58,21,existence,194.62
39,8,31,debt,85.98
111,2,109,debt,270.35
90,2,88,debt,251.88
109,23,86,existence,186.09
100,94,6,debt,217.22
143,28,115,debt,303.27
9,8,1,existence,24.36
107,61,46,debt,268.48
22,9,13,payment,48.32
8,2,6,payment,32.28
96,19,77,existence,186.02
70,34,36,existence,199.93
72,60,12,payment,204.36
100,15,85,existence,144.52
58,48,10,existence,116.53
44,11,33,payment,79.79
80,65,15,debt,240.36
3,3,0,existence,8.3
97,97,0,existence,231.94
84,7,77,debt,124.45
125,74,51,payment,337.44
86,47,39,existence,166.81
110,3,107,payment,181.01
74,74,0,payment,283.82
6,6,0,payment,27.49
31,31,0,payment,85.29
134,68,66,debt,303.1
136,48,88,debt,273.44
44,1,43,existence,104.12
30,20,10,existence,62.09
36,11,25,payment,77.64
33,28,5,debt,93.06
140,100,40,debt,489.05
89,1,88,existence,171.04
118,33,85,debt,200.54
38,15,23,existence,100.81
12,12,0,payment,42.01
142,22,120,debt,278.93
18,18,0,existence,58.98
54,26,28,debt,158.18
4,2,2,debt,36.11
6,3,3,payment,32.77
96,29,67,existence,192.6
60,3,57,payment,103.63
45,5,40,debt,90.99
120,16,104,debt,288.59
90,84,6,debt,341
60,35,25,existence,131.41
82,74,8,payment,270.8
14,14,0,payment,56.38
154,37,117,debt,432.95
153,132,21,debt,470.57
135,17,118,debt,231.39
87,3,84,existence,133.56
59,56,3,debt,172.86
5,3,2,payment,21.04
74,47,27,debt,190.81
51,30,21,debt,176.04
57,13,44,payment,147.95
134,85,49,existence,306.79
73,21,52,payment,135.43
96,95,1,payment,297.11
109,7,102,payment,185.03
136,41,95,debt,238.24
112,79,33,debt,348.35
59,49,10,payment,195.21
80,49,31,payment,215.82
92,88,4,payment,275.42
130,105,25,payment,244.84
52,8,44,payment,105.74
124,3,121,existence,226.18
103,63,40,existence,322.72
155,153,2,debt,366.34
65,7,58,debt,129.58
50,9,41,existence,115.52
92,2,90,existence,142.19
23,16,7,payment,78.84
122,34,88,debt,239.66
67,22,45,payment,198.47
76,61,15,existence,209.09
37,11,26,payment,93.63
15,14,1,payment,54.02
41,37,4,debt,111.54
122,93,29,existence,308.03
66,17,49,payment,198.75
114,8,106,existence,233.07
115,39,76,debt,219.76
16,8,8,existence,31.65
130,49,81,payment,319.08
150,45,105,debt,351.53
153,135,18,debt,385.65
57,13,44,payment,132.24
110,107,3,payment,287.25
86,69,17,existence,275.94
145,78,67,debt,296.17
141,66,75,existence,396.56
7,4,3,existence,14.49
15,10,5,debt,56.51
30,18,12,debt,68.48
111,61,50,debt,310.91
111,38,73,existence,232.9
146,24,122,debt,202.81
68,8,60,existence,142.27
80,60,20,debt,256.69
106,80,26,existence,290.68
10,6,4,payment,34.08
50,22,28,payment,115.32
60,26,34,debt,159
33,32,1,existence,81.07
122,119,3,payment,286.22
146,120,26,existence,462.99
73,62,11,debt,192.14
71,32,39,payment,198.47
86,25,61,payment,183.45
12,11,1,existence,37.91
128,79,49,payment,289.44
142,57,85,existence,319.86
56,50,6,payment,182.48
94,80,14,debt,278.69
45,12,33,payment,113.46
75,9,66,payment,157.37
133,129,4,payment,418.55
150,128,22,debt,379.53
147,41,106,payment,374.29
108,74,34,debt,327.75
151,59,92,debt,424.76
11,11,0,existence,24.55
39,11,28,existence,77.4
99,16,83,debt,255.69
132,11,121,payment,247.02
147,142,5,existence,499.17
104,19,85,payment,181.01
106,97,9,debt,393.04
3,2,1,existence,7.21
101,63,38,payment,276.02
105,93,12,payment,308.78
18,5,13,existence,44.13
32,14,18,existence,89.95
122,99,23,debt,410.1
120,116,4,debt,251.98
5,2,3,existence,9.7
111,40,71,payment,277.24
79,29,50,existence,158.86
141,110,31,existence,292.9
133,128,5,payment,299.6
117,89,28,payment,301.83
38,14,24,existence,67.33
8,6,2,payment,38.72
94,12,82,existence,132.69
74,61,13,payment,171.24
107,8,99,payment,140.55
72,33,39,existence,211.9
47,31,16,debt,126.39
136,20,116,debt,233.87
65,44,21,debt,143.44
40,26,14,payment,92.11
73,51,22,debt,161.59
6,2,4,existence,10.55
128,21,107,existence,338.63
19,16,3,debt,75.28
106,51,55,payment,257.77
94,73,21,existence,284.24
126,44,82,payment,281.27
48,21,27,existence,91.98
121,102,19,debt,321.17
72,47,25,debt,190.33
91,72,19,payment,309.28
151,45,106,debt,427.37
62,1,61,payment,109.22
104,60,44,payment,238.81
68,22,46,payment,182.71
51,34,17,existence,133.54
64,38,26,debt,195.35
106,46,60,payment,301.24
2,2,0,existence,4.88
92,10,82,payment,220.74
99,43,56,existence,260.97
109,19,90,payment,279.68
68,49,19,debt,228.52
151,147,4,existence,417.93
58,51,7,existence,125.23
72,26,46,existence,105.82
18,4,14,existence,42.49
54,13,41,payment,97.53
75,61,14,payment,221.91
41,2,39,payment,70.95
40,18,22,debt,125.89
129,3,126,debt,333.41
25,1,24,existence,36.29
14,8,6,debt,54.35
58,4,54,existence,83.9
2,1,1,payment,16.96
75,16,59,payment,195.21
68,21,47,existence,122.12
17,9,8,debt,54.27
17,7,10,debt,59.41
70,67,3,payment,198.05
136,85,51,debt,317.15
3,1,2,debt,26.12
122,22,100,existence,257.49
111,16,95,debt,258.7
73,61,12,existence,153.33
1,1,0,debt,27.09
42,20,22,payment,96.53
86,12,74,payment,160.53
79,24,55,debt,162.9
104,13,91,payment,269.48
75,26,49,debt,217.01
39,13,26,debt,111.17
113,45,68,debt,288.54
3,2,1,debt,33.54
136,53,83,debt,419.03
14,11,3,debt,51.36
29,19,10,payment,89.63
90,54,36,existence,170.56
7,4,3,debt,27.05
38,2,36,existence,53.68
97,92,5,payment,226.93
79,26,53,existence,200.38
130,79,51,existence,289.2
81,54,27,existence,267.31
135,67,68,payment,325.23
8,3,5,existence,16.44
71,68,3,debt,166.36
122,53,69,existence,273.7
70,54,16,debt,234.91
157,54,103,payment,443.05
20,17,3,payment,58.15
155,24,131,existence,223.14
101,19,82,debt,189.41
22,13,9,debt,58.22
16,10,6,payment,50.6
59,15,44,debt,127.76
48,4,44,existence,73.27
84,69,15,existence,211.45
80,74,6,payment,214.15
54,7,47,payment,105.65
9,6,3,debt,34.33
81,51,30,payment,236.06
133,121,12,payment,451.38
146,43,103,payment,326.29
36,7,29,debt,90.03
8,1,7,existence,12.12
80,4,76,debt,173.8
139,57,82,payment,412.36
107,20,87,existence,185.29
78,59,19,payment,267.98
85,11,74,payment,187.2
152,132,20,payment,448.92
93,7,86,debt,264.62
116,6,110,debt,173.26
124,108,16,debt,342.88
130,130,0,payment,417.03
4,1,3,existence,9.95
111,64,47,payment,279.62
94,50,44,payment,237.97
74,39,35,payment,221.51
118,95,23,payment,324.55
43,23,20,existence,86.67
18,13,5,payment,65.85
107,53,54,existence,282.93
87,6,81,payment,146.41
65,3,62,payment,152.09
74,61,13,existence,152.24
44,34,10,debt,128.56
47,46,1,existence,135.27
14,6,8,debt,52.68
9,9,0,debt,47.2
151,20,131,debt,367.29
28,16,12,existence,67.03
35,18,17,debt,114.01
129,57,72,existence,213.95
46,24,22,debt,151.45
145,121,24,debt,422.6
139,7,132,debt,353.58
147,83,64,debt,390.43
132,16,116,debt,207.85
74,8,66,existence,132.55
27,27,0,payment,80.14
28,5,23,existence,70.51
96,43,53,debt,304.14
118,110,8,existence,266.44
5,2,3,existence,10.27
35,31,4,payment,100.79
94,85,9,debt,308.31
38,30,8,existence,98.8
109,18,91,debt,286.58
79,27,52,payment,231.37
143,102,41,debt,503.08
82,55,27,debt,156.78
37,20,17,debt,122.42
93,40,53,existence,177.19
143,13,130,debt,365.27
110,54,56,debt,297.17
131,19,112,debt,283.78
157,156,1,existence,563.86
18,11,7,payment,68.2
134,124,10,debt,317.06
97,56,41,existence,236.43
24,1,23,debt,65.95
36,31,5,existence,89.62
90,22,68,debt,249.73
98,12,86,debt,158.91
39,37,2,existence,120.54
127,97,30,existence,303.33
3,3,0,debt,23.43
152,68,84,payment,278.89
114,2,112,payment,263.75
96,9,87,existence,235.41
41,21,20,existence,111.02
56,38,18,existence,150.7
8,1,7,debt,30.44
55,25,30,debt,192.03
59,31,28,payment,152.19
40,35,5,existence,138.38
151,51,100,existence,362.76
58,46,12,existence,162.56
8,3,5,existence,17.46
124,3,121,payment,239.2
153,153,0,payment,465.05
25,23,2,payment,85.88
98,40,58,payment,272.85
72,1,71,debt,189.37
120,54,66,debt,263.73
7,4,3,existence,18.64
32,4,28,payment,93.54
69,54,15,existence,210.01
15,3,12,payment,40.67
137,14,123,debt,287.32
30,27,3,debt,134.23
53,8,45,debt,105.6
48,22,26,debt,170.85
72,41,31,payment,181.07
121,59,62,existence,235.25
93,89,4,payment,210.49
90,20,70,existence,219.61
53,37,16,existence,136.99
41,22,19,existence,103.36
87,15,72,debt,243.06
34,1,33,existence,41.65
75,44,31,payment,236.28
123,56,67,debt,225.72
150,31,119,payment,421.57
133,50,83,payment,372.38
24,6,18,debt,63.96
55,32,23,debt,174.68
58,36,22,existence,102.53
7,4,3,existence,19.3
84,53,31,existence,221.89
40,7,33,existence,87.54
53,7,46,existence,74.16
117,76,41,existence,283.5
116,82,34,debt,359.47
87,66,21,debt,174.53
150,47,103,debt,263.62
88,37,51,existence,247.21
82,2,80,payment,202.21
55,43,12,debt,140.07
26,13,13,existence,64.9
110,58,52,debt,364.94
80,8,72,payment,179.97
76,70,6,existence,238.1
31,30,1,payment,101.56
57,54,3,debt,182.15
125,57,68,payment,201.92
41,7,34,payment,73.19
94,2,92,existence,235.08
94,2,92,existence,203.2
64,51,13,existence,186.13
44,24,20,existence,103.73
45,35,10,debt,163.39
131,122,9,existence,432.67
78,62,16,existence,203.67
37,24,13,payment,130.33
157,54,103,existence,237.14
43,5,38,payment,76.76
21,7,14,existence,37.66
122,18,104,existence,284.18
79,76,3,debt,241.17
17,11,6,debt,67.07
114,99,15,debt,283.93
80,63,17,existence,250.55
53,9,44,debt,120.88
23,17,6,existence,67.89
61,4,57,payment,145.74
36,36,0,payment,95.16
55,51,4,debt,141.09
91,24,67,existence,135.97
141,21,120,debt,295.46
48,12,36,payment,135.91
29,21,8,debt,83.36
124,8,116,payment,277.63
20,14,6,debt,84.93
147,56,91,debt,255.11
70,5,65,debt,126.96
55,8,47,existence,138.18
154,61,93,payment,389.92
154,83,71,existence,376.28
26,3,23,existence,66.38
11,11,0,payment,48.59
25,10,15,existence,61.85
156,25,131,existence,231.28
143,24,119,existence,335.68
2,2,0,payment,22.85
30,25,5,payment,100.58
28,14,14,debt,83.82
107,60,47,payment,342.65
29,4,25,payment,67.65
67,9,58,existence,99.88
80,14,66,debt,195.6
47,27,20,payment,107.09
34,17,17,existence,63.57
144,73,71,debt,318.46
20,8,12,existence,53.64
114,60,54,existence,336.25
72,15,57,debt,202.73
101,30,71,debt,312.16
68,18,50,debt,185.32
139,12,127,payment,355.3
38,12,26,payment,114.59
78,64,14,existence,220.23
134,84,50,payment,417.61
50,22,28,payment,125.36
124,76,48,payment,249.33
52,51,1,debt,142.94
72,28,44,debt,185.1
124,90,34,payment,421.38
26,8,18,existence,61
25,21,4,debt,89.23
34,24,10,debt,109.75
141,141,0,payment,459.86
35,22,13,payment,85.14
36,24,12,payment,109.29
21,5,16,existence,43.27
97,32,65,existence,209.72
44,23,21,payment,116.54
157,101,56,payment,470.67
125,112,13,existence,424.24
129,79,50,existence,279.53
49,15,34,payment,99.06
70,59,11,debt,214.14
104,19,85,debt,219.06
147,8,139,payment,362.2
104,19,85,payment,181.52
101,31,70,debt,182.77
140,47,93,debt,283.02
10,6,4,existence,19.93
120,56,64,debt,211.07
154,114,40,payment,349.89
84,83,1,payment,257.2
100,50,50,payment,289.38
28,1,27,existence,59.63
53,52,1,debt,164.17
128,3,125,payment,166.94
85,36,49,debt,178.95
84,4,80,debt,129.97
90,1,89,existence,156.81
129,101,28,existence,288.73
139,56,83,payment,229.17
140,134,6,existence,493.17
74,48,26,existence,211.07
77,64,13,payment,289.22
126,117,9,existence,276.59
81,53,28,debt,214.67
43,33,10,debt,136.05
130,77,53,debt,231.18
7,1,6,payment,32.34
8,8,0,existence,27.6
19,15,4,payment,71.17
71,5,66,payment,111.35
150,108,42,debt,488.5
63,7,56,existence,132.92
121,72,49,payment,256.28
157,121,36,payment,400.27
3,3,0,debt,37.16
66,16,50,payment,159.05
86,18,68,existence,161.41
121,80,41,payment,385.56
9,3,6,payment,25
72,55,17,existence,150.15
102,41,61,debt,255.27
124,88,36,existence,366
133,30,103,existence,298.2
72,18,54,debt,221.76
149,114,35,existence,394.33
89,32,57,existence,253.87
74,57,17,existence,151.95
91,34,57,existence,245.34
20,19,1,existence,57.03
58,18,40,existence,101.11
18,4,14,debt,37.98
56,47,9,payment,166.07
39,4,35,existence,88.05
63,20,43,debt,131.96
136,21,115,existence,210.34
77,3,74,payment,140.63
137,59,78,payment,397.41
131,122,9,existence,449.39
30,29,1,debt,122.32
111,42,69,payment,265.71
118,12,106,existence,287.46
105,1,104,payment,244.04
42,29,13,existence,140.54
39,11,28,debt,127.02
38,14,24,debt,83.81
135,20,115,existence,186.78
109,56,53,debt,333.17
144,122,22,payment,461.18
22,19,3,payment,78.02
44,32,12,debt,131.84
109,105,4,existence,225.38
5,5,0,existence,13.7
68,24,44,existence,197.01
24,7,17,payment,49.81
33,32,1,debt,119.59
73,4,69,existence,154.64
121,84,37,existence,382.87
67,29,38,debt,207.52
91,63,28,debt,272.98
39,1,38,existence,54.14
36,24,12,existence,87.11
79,21,58,payment,185.09
37,7,30,existence,85.41
153,123,30,debt,402.5
139,32,107,debt,393.12
83,55,28,payment,206.19
82,43,39,payment,148.74
137,115,22,existence,360.68
13,9,4,existence,34.52
123,52,71,existence,282.49
8,2,6,payment,24.45
126,70,56,debt,317.66
155,15,140,payment,270.42
155,53,102,payment,292.27
157,79,78,existence,439.59
64,46,18,payment,185.53
119,31,88,debt,269.42
82,36,46,payment,166.12
78,16,62,debt,224.75
118,22,96,existence,293.4
118,96,22,payment,285.08
89,44,45,existence,175.74
71,70,1,payment,185.93
65,40,25,payment,183.62
150,19,131,debt,344.79
149,47,102,payment,396.93
49,46,3,existence,128.1
13,10,3,debt,47.82
83,24,59,debt,223.2
44,36,8,debt,139.48
155,59,96,existence,399.58
151,47,104,payment,241.48
56,20,36,existence,136.17
85,65,20,existence,237.57
105,102,3,debt,335.22
3,3,0,debt,26.1
24,11,13,payment,78.17
146,2,144,existence,178.94
97,30,67,debt,210.45
113,113,0,payment,385.21
144,144,0,debt,487.84
126,49,77,existence,230.59
112,61,51,debt,295.92
144,140,4,existence,472.87
138,135,3,payment,402.74
47,5,42,existence,92.13
84,76,8,payment,260.82
115,104,11,existence,351.62
5,4,1,debt,44.49
83,41,42,payment,155.92
129,23,106,existence,317.58
120,28,92,payment,260.79
157,80,77,payment,436.3
95,22,73,existence,182.94
124,117,7,debt,422.91
154,21,133,debt,232.62
87,54,33,payment,183.21
54,2,52,payment,98.69
73,70,3,debt,214.17
45,37,8,payment,136.01
69,2,67,existence,135.65
91,13,78,payment,219.72
23,19,4,payment,53.61
58,41,17,existence,114.76
33,15,18,debt,83.92
28,12,16,payment,92.92
49,45,4,payment,121.94
139,66,73,payment,354.46
147,87,60,payment,438.42
65,39,26,debt,165.93
79,41,38,debt,208.92
41,18,23,existence,81
65,1,64,debt,132.14
104,103,1,debt,255
118,10,108,payment,203.55
33,6,27,debt,108.75
151,18,133,payment,252.85
53,26,27,existence,142.89
22,9,13,payment,74.67
2,1,1,debt,14.03
114,58,56,existence,271.49
41,9,32,existence,92.94
91,22,69,debt,157.7
147,21,126,debt,385.9
153,54,99,debt,373.78
48,18,30,existence,130.92
142,13,129,payment,334.59
4,4,0,debt,33.93
126,105,21,debt,321.11
78,29,49,existence,182.01
39,19,20,existence,88.12
119,52,67,existence,245.36
105,21,84,payment,245.64
1,1,0,debt,14.39
76,37,39,existence,194.01
103,9,94,existence,136.76
62,27,35,payment,176.97
58,50,8,existence,164.69
9,8,1,existence,27.03
29,27,2,debt,100.45
143,42,101,existence,368.46
74,70,4,existence,234.81
134,69,65,existence,250.11
106,95,11,payment,237.75
131,30,101,existence,365.64
155,117,38,debt,381.16
38,29,9,existence,111.14
90,10,80,payment,235.53
23,1,22,payment,57.86
3,2,1,payment,21.56
119,64,55,existence,236.67
96,77,19,debt,302.14
62,6,56,debt,190.75
110,70,40,existence,289.68
151,15,136,debt,241.11
46,5,41,payment,119.27
34,19,15,existence,75.22
54,4,50,payment,83.39
110,83,27,payment,220.56
117,67,50,payment,299.14
133,133,0,debt,432.79
38,7,31,existence,70.16
13,7,6,payment,29.95
96,52,44,payment,198.13
26,22,4,debt,116.09
61,40,21,debt,171.13
49,27,22,debt,133.72
61,8,53,payment,133.99
77,17,60,debt,158.78
120,91,29,debt,354.65
48,20,28,existence,110.08
14,11,3,payment,45.21
47,26,21,existence,110.85
31,11,20,existence,79.35
22,19,3,payment,57.95
112,76,36,existence,286.44
42,10,32,debt,138.83
118,64,54,debt,242.28
121,29,92,payment,345.17
138,101,37,existence,402.14
99,35,64,debt,279.16
109,87,22,existence,303.78
11,7,4,payment,41.93
34,9,25,existence,79.8
107,67,40,existence,215.63
11,7,4,existence,32.86
70,42,28,payment,161.31
133,115,18,debt,362.07
145,37,108,debt,235.76
18,1,17,existence,22.66
20,16,4,existence,53.59
131,90,41,payment,458.15
138,36,102,payment,238.27
24,2,22,debt,62.32
125,124,1,debt,349.4
85,10,75,existence,208.6
87,71,16,existence,255.89
117,1,116,payment,233.27
40,30,10,debt,119.49
86,28,58,existence,134.06
102,93,9,payment,299.01
30,10,20,debt,93.01
66,32,34,payment,165.22
141,10,131,existence,263.8
44,34,10,existence,96.14
44,12,32,payment,89.93
50,12,38,payment,130.56
102,64,38,payment,238.29
113,86,27,existence,332.92
4,3,1,debt,23.89
90,41,49,debt,194.75
99,58,41,debt,245.2
17,1,16,payment,32.24
54,6,48,payment,144.89
11,2,9,debt,42.09
35,28,7,existence,100.09
110,46,64,payment,243.75
34,4,30,payment,96.42
119,20,99,payment,225.08
81,40,41,payment,176.39
1,1,0,debt,21.12
37,28,9,debt,117.83
103,58,45,payment,272.35
91,53,38,existence,189.54
79,26,53,payment,152
145,16,129,existence,267.23
16,15,1,debt,66.62
129,117,12,debt,389
142,13,129,existence,249.02
65,21,44,payment,177.86
151,117,34,existence,464.04
127,109,18,existence,313.47
47,40,7,payment,135.92
154,78,76,payment,322.73
124,75,49,payment,272.99
37,30,7,debt,155.52
111,27,84,payment,208.2
43,36,7,debt,143.1
14,5,9,payment,54.4
47,39,8,debt,185.83
94,64,30,payment,224.24
15,4,11,existence,40.09
36,8,28,payment,108.84
144,59,85,payment,422.35
146,105,41,debt,468.79
69,60,9,existence,185.91
114,49,65,debt,270.39
104,89,15,existence,202.94
121,89,32,payment,304.56
151,20,131,payment,277.9
26,25,1,existence,52.94
13,8,5,payment,48.37
80,59,21,existence,248.6
4,3,1,existence,10.9
79,39,40,debt,251.66
153,6,147,debt,243.04
90,86,4,existence,181.98
33,12,21,existence,48.18
125,22,103,existence,216.46
125,116,9,debt,471.09
26,13,13,payment,66.6
78,16,62,debt,171.44
65,12,53,debt,144.89
58,21,37,existence,86.14
93,24,69,debt,252.93
42,18,24,existence,80.52
147,69,78,existence,372.02
153,104,49,existence,437.94
70,38,32,debt,159.12
72,9,63,debt,202
85,57,28,debt,284.62
133,82,51,existence,422.17
64,45,19,debt,225.38
6,4,2,debt,38.88
24,1,23,existence,49.25
142,28,114,debt,384.22
99,89,10,debt,255.7
131,15,116,existence,290.55
43,37,6,payment,105.67
34,19,15,debt,91.64
25,1,24,debt,73.87
91,76,15,payment,308.51
11,4,7,payment,43.3
83,2,81,existence,149.66
111,12,99,payment,267.9
139,33,106,payment,348.75
34,2,32,existence,71.79
138,47,91,debt,276.58
118,100,18,existence,218.19
107,51,56,debt,313.32
113,105,8,existence,322.27
143,76,67,existence,258.32
103,8,95,existence,210.94
36,34,2,payment,128.79
109,35,74,debt,216.05
52,48,4,debt,153.22
31,19,12,payment,97.4
153,45,108,payment,276.51
118,60,58,debt,368.56
131,104,27,payment,320.45
1,1,0,existence,3.79
122,10,112,payment,244.33
145,74,71,existence,229.37
97,27,70,debt,217.83
66,65,1,debt,270.98
36,30,6,existence,120.6
7,3,4,payment,34.43
70,54,16,debt,220.29
26,12,14,debt,86.41
69,34,35,existence,135.41
42,31,11,payment,139.21
40,8,32,debt,110.01
139,103,36,existence,391.08
59,24,35,debt,166.61
65,59,6,debt,255.2
105,61,44,existence,320.95
52,4,48,debt,114.3
28,4,24,existence,47.2
3,2,1,debt,36.08
155,4,151,payment,303.02
147,57,90,payment,292.67
71,70,1,existence,241.05
130,59,71,payment,309.54
110,4,106,debt,168.49
5,4,1,debt,34.87
85,80,5,existence,169.98
156,85,71,debt,409.12
64,47,17,existence,174.46
24,24,0,payment,73.45
3,3,0,payment,24.73
6,5,1,debt,37.84
55,18,37,existence,123.31
156,90,66,debt,358.97
138,113,25,payment,466.2
2,2,0,payment,19.59
57,33,24,existence,94.06
143,87,56,existence,295.67
39,3,36,existence,80.33
157,19,138,payment,271.23
138,77,61,existence,247
46,29,17,existence,129.74
26,17,9,payment,103.16
154,85,69,debt,381.02
66,61,5,debt,135.5
107,18,89,existence,241.23
147,24,123,debt,313.39
11,1,10,debt,48.95
96,7,89,payment,178.37
40,31,9,payment,132.7
60,18,42,debt,135.65
102,63,39,existence,329.94
48,18,30,debt,139.72
1,1,0,existence,3.33
116,102,14,debt,381.07
78,11,67,existence,133.05
57,23,34,payment,190.99
143,27,116,payment,379.73
38,2,36,debt,72.25
56,35,21,existence,121.29
110,48,62,existence,288.87
110,12,98,existence,181.6
131,37,94,debt,390.09
71,50,21,payment,226.93
52,20,32,payment,130.18
80,47,33,existence,241.07
50,12,38,existence,139.41
85,24,61,debt,237.58
114,109,5,payment,333.6
141,117,24,existence,409.54
128,121,7,existence,244.15
59,2,57,existence,92.71
76,8,68,existence,138.57
98,32,66,debt,231.92
82,17,65,payment,215.18
143,57,86,payment,291.3
85,52,33,debt,215.52
106,40,66,payment,261.01
68,35,33,payment,211.9
105,82,23,payment,297.21
82,41,41,existence,236.53
106,46,60,payment,210.26
68,55,13,payment,226.67
120,111,9,existence,324.11
144,17,127,debt,205.65
37,10,27,payment,100.1
109,6,103,debt,225.09
148,122,26,debt,537.02
12,4,8,debt,49.18
34,27,7,debt,86.98
100,28,72,existence,213.16
148,140,8,payment,492.96
97,25,72,debt,251.96
75,46,29,existence,202.64
110,34,76,debt,273.64
125,76,49,debt,276.8
28,7,21,debt,82.44
84,20,64,payment,160.17
153,122,31,payment,407.53
44,18,26,payment,130.41
144,1,143,existence,312.18
10,5,5,existence,23.84
123,6,117,existence,292.75
145,34,111,payment,401.32
71,47,24,debt,166.55
52,33,19,existence,164.73
143,74,69,existence,426.99
126,47,79,payment,260.54
96,71,25,payment,243.98
54,43,11,payment,154.47
2,2,0,payment,16.76
119,55,64,payment,213.41
118,96,22,debt,370.37
22,5,17,payment,43.83
51,16,35,existence,92.84
46,14,32,payment,136.19
56,22,34,existence,122.1
94,62,32,existence,186.72
12,2,10,debt,44.05
35,10,25,debt,104.21
104,2,102,debt,226.92
50,36,14,payment,161.81
50,35,15,payment,151.49
133,41,92,debt,340.19
12,1,11,payment,30.49
46,38,8,payment,120
58,38,20,existence,118.82
47,15,32,payment,98
81,64,17,payment,236.03
6,5,1,payment,31.8
11,8,3,payment,29.76
134,55,79,payment,344.21
92,79,13,payment,290.52
52,6,46,existence,89.69
7,1,6,payment,22.44
11,3,8,debt,34.15
122,28,94,debt,238.67
8,6,2,payment,29.08
15,12,3,debt,55.57
34,14,20,payment,92.19
43,4,39,existence,81.01
83,5,78,debt,206.16
25,8,17,payment,81.03
129,9,120,existence,177.86
76,59,17,debt,240.34
69,4,65,existence,97.45
14,6,8,debt,45.8
119,47,72,existence,241
76,27,49,existence,147.43
76,36,40,debt,172.1
47,10,37,debt,99.75
116,15,101,debt,208.54
5,3,2,existence,10.21
21,1,20,payment,56.83
112,39,73,payment,281.97
94,52,42,debt,188.75
9,1,8,existence,14.01
142,8,134,existence,223.28
14,7,7,existence,31.98
66,47,19,debt,225.42
33,19,14,payment,86.76
90,53,37,existence,208.88
108,93,15,debt,382.93
39,38,1,payment,138.95
129,78,51,payment,290.08
142,60,82,debt,330.19
100,34,66,payment,283.94
7,2,5,existence,18.4
8,2,6,payment,31.46
54,31,23,debt,169.95
143,143,0,existence,467.84
13,7,6,payment,43.57
108,69,39,payment,213.5
11,9,2,payment,42.1
24,20,4,debt,76.1
156,105,51,payment,426.53
130,123,7,existence,377.95
63,5,58,debt,170.77
150,54,96,debt,281.77
75,10,65,payment,159.85
64,44,20,existence,170.74
111,107,4,payment,335.39
33,30,3,debt,120.93
122,47,75,existence,348.37
142,115,27,existence,437.98
99,20,79,existence,206.64
123,27,96,payment,241.63
19,13,6,existence,57.67
122,45,77,debt,286.99
3,3,0,payment,24.11
98,24,74,payment,247.82
135,104,31,payment,375.32
57,32,25,payment,139.83
94,49,45,payment,241.77
63,42,21,payment,200
15,3,12,existence,21.79
4,2,2,debt,27.3
59,33,26,existence,138.72
69,64,5,debt,241.04
140,49,91,existence,362.43
108,19,89,debt,193.35
123,95,28,debt,410.51
105,61,44,debt,256.48
58,9,49,payment,105.89
38,21,17,debt,101.86
74,15,59,debt,142.29
36,6,30,payment,111.03
124,53,71,debt,305.52
69,14,55,payment,155.78
6,5,1,debt,43.01
58,39,19,debt,145.77
118,35,83,debt,253.58
65,61,4,debt,228.04
17,13,4,payment,42.41
58,32,26,payment,148.47
144,48,96,payment,432.14
153,117,36,existence,390.24
82,74,8,debt,271.54
109,67,42,existence,222.02
144,63,81,existence,336.04
114,30,84,existence,313.34
80,2,78,existence,167.81
20,10,10,debt,67.82
10,5,5,debt,38.73
22,13,9,debt,62.94
21,9,12,debt,68.82
28,28,0,debt,115.19
62,10,52,existence,85.72
103,5,98,debt,217.07
32,29,3,debt,110.93
102,38,64,payment,222.02
10,3,7,debt,56.29
62,22,40,payment,130.11
122,1,121,payment,208.8
107,23,84,debt,169.81
74,13,61,existence,185.36
113,66,47,payment,263.8
135,47,88,debt,364.88
23,18,5,payment,68.61
130,49,81,payment,240.54
123,45,78,debt,345.77
140,95,45,payment,374.84
98,15,83,payment,135.58
81,44,37,debt,246.71
117,63,54,debt,257.47
10,1,9,debt,30.93
40,40,0,payment,95.33
32,5,27,debt,79.26
6,5,1,debt,24.26
35,23,12,payment,113.24
110,44,66,existence,310.83
125,118,7,existence,450
109,59,50,payment,323.21
75,6,69,payment,134.51
22,18,4,payment,91.38
131,70,61,debt,361.08
18,13,5,existence,46.84
5,1,4,existence,7.05
4,4,0,existence,11.06
78,14,64,debt,152.75
2,1,1,payment,11.66
101,34,67,debt,201.24
52,49,3,debt,201.3
137,68,69,existence,291.32
14,5,9,payment,49.1
87,65,22,payment,279.87
150,117,33,existence,361.21
121,84,37,debt,290.65
141,7,134,payment,238.99
93,8,85,debt,160.58
45,28,17,debt,104.82
88,46,42,debt,188.87
97,40,57,existence,262.92
63,12,51,debt,160.09
69,39,30,debt,141.69
39,2,37,debt,78.22
87,54,33,existence,243.99
89,86,3,existence,279.4
145,21,124,payment,228.35
6,3,3,existence,10.45
92,88,4,debt,312.71
149,70,79,debt,330.82
74,46,28,payment,222.44
123,68,55,debt,309.73
68,48,20,existence,132.52
60,54,6,debt,193.22
125,124,1,debt,272.66
4,3,1,existence,10.54
11,5,6,payment,39.16
25,1,24,existence,46.01
99,82,17,debt,256.38
87,83,4,existence,181.49
151,107,44,payment,332.57
46,1,45,debt,90.03
153,116,37,existence,485.68
12,9,3,debt,43.38
5,1,4,existence,9.81
57,51,6,payment,200.18
10,8,2,payment,33.72
47,35,12,existence,151.1
32,20,12,payment,86.84
33,1,32,debt,69.95
86,28,58,debt,173.21
98,98,0,payment,337.14
94,9,85,existence,166.87
101,78,23,payment,321.89
68,18,50,existence,156.09
23,7,16,payment,47.25
114,62,52,existence,252.38
52,9,43,existence,85.68
112,1,111,existence,228.38
46,36,10,payment,109.17
107,64,43,payment,307.07
88,4,84,existence,144.9
65,26,39,payment,169.81
18,12,6,payment,55.48
112,97,15,existence,267.2
75,6,69,existence,117.8
93,1,92,debt,223.72
71,24,47,debt,149.15
83,79,4,debt,330.48
118,2,116,debt,180.27
114,59,55,debt,227.93
52,1,51,existence,125.83
102,28,74,payment,295.21
155,109,46,payment,351.21
81,57,24,payment,182.23
111,105,6,debt,292.49
150,57,93,existence,272.69
118,109,9,existence,378.97
55,19,36,existence,134.53
108,39,69,existence,187.68
113,47,66,existence,285.93
7,6,1,payment,25.74
121,117,4,existence,276.01
57,48,9,debt,153.92
126,20,106,debt,293.68
19,13,6,debt,73.6
52,32,20,payment,122.24
10,9,1,existence,20.82
103,71,32,payment,345.75
24,6,18,debt,70.86
122,71,51,payment,316.88
17,1,16,debt,53.22
4,1,3,existence,7.32
6,6,0,payment,24.48
115,22,93,payment,249.69
4,1,3,payment,20.52
3,3,0,payment,23.71
25,3,22,debt,76.12
49,11,38,existence,124.78
114,72,42,existence,284.83
37,26,11,payment,89.95
50,25,25,existence,128.96
128,126,2,debt,430.85
15,10,5,debt,39.8
101,17,84,existence,225.69
115,91,24,payment,301.62
98,15,83,existence,257.71
29,28,1,debt,104.13
90,5,85,payment,240.09
149,53,96,debt,334.52
66,57,9,payment,183.93
135,121,14,existence,350.16
121,21,100,debt,344.45
147,31,116,existence,304.96
88,47,41,existence,253.16
55,21,34,debt,152.77
78,59,19,debt,251.84
64,37,27,payment,184.69
157,58,99,payment,287.08
109,56,53,existence,231.94
84,51,33,debt,232.67
124,118,6,payment,384.16
75,61,14,debt,261.36
137,81,56,payment,330.86
49,25,24,payment,131.22
64,64,0,existence,208.6
17,5,12,existence,39.95
135,125,10,debt,442.89
115,91,24,payment,281.06
156,151,5,existence,494.99
65,54,11,existence,145
81,79,2,debt,256.07
32,22,10,payment,98.29
122,112,10,payment,381.37
85,4,81,existence,105.98
48,48,0,payment,118.84
78,62,16,payment,261.48
105,104,1,existence,295.99
24,19,5,debt,100.9
28,13,15,payment,71.06
106,23,83,payment,157.87
151,12,139,payment,244.75
22,4,18,existence,42.42
105,66,39,existence,328.8
112,64,48,debt,275.42
70,22,48,existence,119.12
22,8,14,payment,66.33
90,62,28,debt,246.39
109,85,24,payment,253.43
107,107,0,payment,351.06
82,29,53,debt,229.41
144,62,82,debt,322.25
59,13,46,existence,89.36
116,68,48,existence,229.48
75,24,51,debt,180.73
80,21,59,payment,206.86
129,118,11,existence,459.81
116,14,102,payment,258.15
72,10,62,payment,142.67
88,64,24,existence,199.46
23,6,17,existence,62
45,11,34,existence,88.58
96,46,50,existence,261.36
136,72,64,debt,441.93
91,1,90,debt,163.97
30,11,19,payment,74.59
22,19,3,debt,88.33
58,19,39,payment,101.26
103,90,13,existence,294.29
153,72,81,existence,402.15
40,10,30,payment,81.59
52,17,35,existence,138.93
88,84,4,payment,193.62
133,96,37,existence,391.65
5,1,4,debt,22.32
48,18,30,debt,139.95
38,18,20,payment,112.38
112,88,24,existence,251.2
106,33,73,payment,184.51
27,14,13,payment,62.29
127,84,43,existence,399.19
106,38,68,debt,256.28
65,53,12,existence,183.95
49,2,47,debt,95.67
58,5,53,existence,82.77
80,70,10,payment,176
116,3,113,existence,239.25
135,116,19,payment,363.86
139,78,61,debt,386.29
22,4,18,payment,70.93
61,48,13,payment,205.38
63,46,17,existence,154.81
133,97,36,debt,381.81
65,19,46,existence,92.68
144,71,73,debt,307.16
75,1,74,debt,152.5
143,21,122,existence,321.65
9,8,1,debt,33.1
29,25,4,existence,68.23
6,5,1,existence,21.82
41,20,21,existence,83.08
135,74,61,payment,286.34
141,63,78,payment,391.24
101,25,76,debt,210.37
46,31,15,payment,137.55
14,2,12,payment,31.87
136,49,87,existence,335.2
154,106,48,debt,383.67
42,24,18,existence,132.47
108,107,1,existence,321.71
129,28,101,existence,345.79
154,96,58,debt,368.17
82,53,29,debt,252.09
135,3,132,debt,336.39
149,28,121,payment,303.79
15,8,7,debt,42.27
116,104,12,existence,415.69
96,28,68,debt,171.62
131,115,16,existence,359.13
108,1,107,debt,237.83
113,10,103,payment,187.39
27,11,16,existence,69.65
150,20,130,debt,393.04
25,21,4,existence,67.6
32,22,10,debt,123.08
12,8,4,payment,36.75
32,9,23,debt,103.25
46,17,29,existence,115.23
154,27,127,existence,326.72
114,114,0,payment,363.99
46,17,29,payment,125.59
73,66,7,debt,209.78
25,16,9,payment,62.52
114,20,94,payment,282.6
153,3,150,payment,328.56
141,38,103,existence,354.95
63,46,17,debt,156.23
98,93,5,debt,330.81
48,21,27,payment,152.38
2,1,1,debt,25.31
20,5,15,payment,66.71
26,2,24,payment,70.17
143,105,38,payment,330.47
144,63,81,existence,421.03
45,17,28,debt,135.09
124,67,57,existence,299.39
87,20,67,debt,207.59
7,2,5,payment,26.32
94,35,59,payment,196.29
6,4,2,existence,16.6
96,95,1,payment,319.54
70,47,23,payment,229.33
2,1,1,payment,22.52
106,44,62,existence,198.77
53,29,24,existence,126.58
12,3,9,existence,21.92
42,23,19,payment,92.24
111,22,89,payment,204.77
77,49,28,payment,218.54
35,24,11,existence,79.52
140,134,6,existence,364.42
39,38,1,existence,90.52
29,13,16,existence,75.75
86,43,43,payment,235.24
56,5,51,debt,114.64
121,109,12,existence,376.56
29,3,26,existence,51.28
153,59,94,payment,293.77
139,51,88,debt,276.64
52,1,51,payment,130.56
80,50,30,existence,186.92
129,123,6,existence,347.26
82,16,66,debt,151.47
121,71,50,payment,330.73
59,53,6,existence,144.25
122,87,35,existence,327.87
92,4,88,existence,205.56
62,61,1,payment,145.56
63,6,57,existence,154.71
152,74,78,existence,270.22
38,34,4,debt,157.45
63,5,58,debt,120.67
39,17,22,existence,91.09
75,39,36,existence,126.98
13,6,7,existence,30.99
82,52,30,existence,260.09
20,16,4,debt,79.54
132,19,113,debt,341.7
23,3,20,payment,52.41
125,6,119,payment,179.72
66,47,19,debt,238.91
16,16,0,payment,50.51
31,4,27,existence,75.73
135,58,77,existence,324.53
4,1,3,payment,22.26
43,31,12,payment,103.34
27,8,19,payment,76.16
50,29,21,payment,107.31
122,8,114,existence,210.83
107,76,31,existence,365.95
51,2,49,payment,86.84
59,33,26,existence,189.46
58,54,4,payment,210.25
55,6,49,debt,121.86
10,9,1,payment,39.7
33,11,22,debt,106.8
115,109,6,payment,253.01
2,1,1,debt,13.71
44,38,6,payment,146.98
14,4,10,payment,45.07
77,21,56,payment,123.88
83,29,54,debt,161.23
74,33,41,payment,164.98
82,22,60,existence,131.02
21,6,15,existence,45.26
35,15,20,existence,53.78
50,50,0,existence,130.55
105,52,53,debt,188.87
79,73,6,payment,248.78
83,81,2,existence,264.45
120,114,6,payment,469.86
56,6,50,existence,112.14
32,28,4,payment,81.27
13,13,0,existence,41.03
112,108,4,payment,405.89
28,6,22,existence,66.26
34,2,32,existence,66.63
47,14,33,debt,114.2
148,148,0,existence,524.51
138,136,2,payment,434.96
146,47,99,payment,411.84
26,10,16,debt,92.52
148,53,95,debt,350.48
98,48,50,debt,194.87
91,60,31,debt,198.03
113,100,13,debt,385.1
133,90,43,debt,390.82
2,1,1,existence,3.96
84,82,2,payment,192.3
109,6,103,debt,296.47
113,6,107,debt,232.1
46,15,31,debt,84.3
21,19,2,payment,77.24
24,19,5,existence,57.43
55,48,7,payment,179.8
68,50,18,debt,186.95
134,76,58,debt,313.85
157,36,121,existence,245.42
64,64,0,debt,230.05
23,12,11,debt,72.34
121,92,29,existence,377.82
124,56,68,debt,387.68
47,11,36,debt,134.22
121,6,115,existence,243.2
123,26,97,debt,306.66
157,89,68,debt,343.27
153,5,148,payment,245.08
36,11,25,debt,113.45
36,29,7,existence,108.26
122,51,71,debt,282.42
156,35,121,debt,445.76
67,32,35,payment,147.71
138,32,106,debt,370.39
59,3,56,payment,89.28
106,60,46,payment,286.76
75,46,29,debt,161.99
120,45,75,debt,221.75
105,96,9,payment,325.03
80,60,20,payment,282.69
49,34,15,payment,171.8
105,77,28,debt,368.16
46,45,1,existence,116.3
58,31,27,debt,141.28
80,1,79,existence,148.17
142,39,103,existence,323.94
125,71,54,existence,281.44
107,41,66,payment,298.24
119,99,20,debt,389.03
134,73,61,debt,344.4
97,66,31,payment,288.02
46,42,4,debt,126.62
154,8,146,existence,250.01
66,38,28,payment,190.61
13,4,9,existence,25.36
15,4,11,debt,40.49
11,8,3,payment,37.31
60,4,56,debt,118.08
17,10,7,debt,69.97
104,11,93,payment,281.08
38,25,13,existence,117.92
93,52,41,existence,216.76
64,38,26,existence,131.31
102,44,58,existence,208.63
40,24,16,existence,96.17
120,120,0,debt,371.46
131,52,79,debt,287.91
156,127,29,payment,526.81
97,43,54,existence,160.86
138,16,122,existence,261.66
136,28,108,debt,362.41
22,13,9,payment,54.75
45,11,34,debt,131.2
44,20,24,existence,120.52
157,66,91,existence,330
89,61,28,debt,183.44
117,48,69,payment,315.01
44,27,17,debt,145.46
139,135,4,payment,367.4
20,20,0,payment,72.64
115,34,81,debt,208.33
61,47,14,payment,189.29
88,75,13,payment,294.82
131,44,87,payment,206.69
93,7,86,payment,246.79
102,83,19,payment,242.42
79,19,60,payment,120.15
98,4,94,existence,167.61
115,19,96,existence,222.12
42,30,12,existence,89.15
128,9,119,existence,243
96,82,14,payment,264.1
148,120,28,debt,319.87
81,44,37,existence,235.8
42,39,3,payment,127.39
111,111,0,payment,361.39
115,34,81,existence,188.3
17,13,4,debt,81.01
151,28,123,debt,291.47
70,66,4,debt,253.77
122,11,111,debt,320.3
128,83,45,debt,303.82
93,28,65,payment,222.96
19,15,4,debt,70.11
24,12,12,payment,63.28
60,32,28,existence,176.56
138,116,22,debt,313.73
112,76,36,payment,227.2
112,54,58,payment,320.69
73,6,67,debt,160.97
106,34,72,existence,248.63
146,144,2,debt,534.61
71,10,61,debt,182.37
37,8,29,existence,90.78
99,58,41,existence,288.07
109,79,30,existence,250.67
77,59,18,payment,229.61
130,43,87,debt,226.64
35,34,1,payment,109.93
116,113,3,debt,357.17
19,12,7,existence,41.79
26,12,14,payment,63.51
138,9,129,payment,293.17
69,30,39,existence,153.8
63,35,28,existence,127.57
86,36,50,debt,173.37
93,44,49,debt,227.26
71,54,17,debt,254.08
138,132,6,existence,488.04
109,74,35,payment,362.18
53,48,5,debt,205.05
11,7,4,debt,55.89
38,9,29,payment,80.01
127,50,77,debt,303.18
45,35,10,debt,148.18
93,41,52,payment,278.39
99,86,13,existence,266
140,56,84,existence,276.41
116,80,36,existence,335.41
71,2,69,existence,138.04
133,115,18,existence,392.23
75,65,10,debt,173.52
156,105,51,payment,356.51
12,1,11,payment,41.13
54,23,31,payment,136.4
114,86,28,existence,364.03
59,20,39,debt,125.32
81,40,41,debt,204.44
92,33,59,debt,244.72
113,75,38,payment,318.17
101,9,92,debt,255.31
127,106,21,payment,412.93
96,63,33,debt,287.84
12,3,9,existence,18.69
95,56,39,payment,273.26
106,1,105,payment,136.38
70,48,22,debt,205.98
6,2,4,payment,26.18
13,12,1,debt,67.36
34,17,17,debt,113.56
88,80,8,debt,298.26
74,44,30,existence,234.37
71,44,27,existence,182.52
126,38,88,payment,276.54
19,13,6,debt,66.56
76,48,28,payment,206.77
147,83,64,existence,289.71
49,4,45,debt,135.85
52,32,20,payment,136.73
155,93,62,payment,495.26
140,47,93,existence,317.92
67,44,23,existence,160.98
102,29,73,debt,210.19
10,2,8,debt,31.1
93,47,46,payment,232.33
77,38,39,payment,208.07
145,109,36,existence,258.18
91,76,15,existence,311.39
130,123,7,payment,424.42
93,31,62,debt,181.86
49,15,34,debt,120.92
42,5,37,payment,68.58
124,19,105,debt,335.6
122,63,59,debt,285.28
125,40,85,payment,327.77
97,52,45,debt,277.83
128,83,45,debt,294.46
143,22,121,existence,268
117,116,1,debt,417.08
89,56,33,debt,241.11
144,65,79,debt,291.83
108,99,9,debt,328.08
31,17,14,payment,107.74
128,124,4,existence,318.3
88,62,26,payment,241.53
110,7,103,existence,266.59
40,14,26,payment,119.95
113,50,63,payment,228.21
14,3,11,debt,44.02
149,50,99,existence,283.66
25,22,3,existence,69.4
3,2,1,payment,23.62
153,143,10,existence,414.08
8,8,0,existence,22.28
140,60,80,existence,305.55
67,54,13,debt,224.9
141,106,35,existence,391.2
144,74,70,payment,400.35
140,126,14,existence,373.18
96,60,36,debt,317.06
112,16,96,debt,188.8
59,53,6,payment,205.23
148,105,43,debt,373.36
93,78,15,debt,192.65
104,95,9,debt,244.11
84,67,17,debt,302.81
75,57,18,existence,166.06
70,1,69,payment,153.21
43,43,0,payment,123.11
150,73,77,existence,316.02
143,2,141,existence,356.47
87,11,76,debt,210.78
35,22,13,debt,115.2
126,33,93,debt,217.32
153,52,101,debt,318
85,46,39,payment,160.93
113,47,66,debt,183.83
154,20,134,debt,290.52
80,41,39,debt,268.69
131,65,66,existence,282.87
2,1,1,payment,13.58
142,20,122,debt,293.65
45,17,28,debt,105.12
81,80,1,payment,191.09
138,5,133,debt,193.14
105,93,12,debt,328.39
144,131,13,debt,387.35
67,4,63,payment,167.61
89,28,61,debt,205.6
144,25,119,existence,212.96
86,5,81,debt,153.8
28,7,21,existence,50.42
5,3,2,payment,23.35
70,57,13,debt,182.63
85,18,67,payment,171.9
75,40,35,debt,247.7
46,7,39,debt,131.81
12,1,11,payment,42.83
16,2,14,existence,37.62
97,94,3,existence,347.19
30,17,13,debt,82.37
109,21,88,existence,261.22
149,8,141,payment,363.11
118,29,89,existence,221.06
26,17,9,existence,81.11
87,61,26,existence,248.49
108,87,21,debt,400.26
104,66,38,debt,326.83
111,9,102,debt,262.26
35,32,3,payment,116.94
94,50,44,payment,240.01
112,80,32,debt,357.01
25,16,9,existence,67.92
35,9,26,debt,99.63
139,126,13,existence,439.01
93,38,55,existence,257.59
57,13,44,payment,113.53
20,15,5,payment,71.81
14,14,0,existence,33.8
93,47,46,debt,266.34
106,2,104,existence,232.86
74,67,7,payment,192.74
91,53,38,debt,267.19
98,57,41,payment,296.02
51,37,14,payment,149.87
74,25,49,debt,157.03
59,31,28,payment,166.3
94,10,84,existence,245.16
121,88,33,existence,327.03
92,4,88,existence,226.51
106,66,40,payment,326.78
34,33,1,existence,101.15
84,65,19,payment,225.53
135,68,67,existence,362.76
68,65,3,existence,177.86
81,33,48,existence,213.07
150,73,77,payment,302.67
22,14,8,debt,90.69
99,25,74,debt,254.02
30,7,23,existence,66.42
21,3,18,debt,51.95
95,80,15,debt,248.09
115,115,0,payment,360.9
119,22,97,payment,251.51
69,50,19,existence,155.66
141,89,52,existence,313.06
24,6,18,debt,59.9
76,23,53,payment,195.3
129,6,123,payment,248.67
153,76,77,payment,454.46
143,134,9,payment,341.59
45,43,2,debt,118.69
33,5,28,existence,58.02
94,19,75,existence,180.56
62,12,50,existence,128.8
97,87,10,existence,336.08
34,9,25,debt,72.34
89,34,55,debt,180.42
148,83,65,debt,298.43
38,16,22,debt,86.2
35,24,11,debt,93.68
39,5,34,debt,89.7
86,52,34,existence,172.13
46,13,33,payment,101.97
46,31,15,debt,103.48
61,49,12,debt,207.8
90,50,40,existence,183.96
146,146,0,payment,490.92
118,102,16,debt,431.27
40,3,37,existence,61.71
61,38,23,debt,122.06
149,40,109,existence,203.03
142,9,133,debt,213.51
147,16,131,payment,343.08
105,2,103,payment,200.17
127,115,12,debt,461.71
8,8,0,existence,25.32
50,5,45,payment,101.4
53,7,46,debt,137.37
76,34,42,existence,147.82
83,76,7,payment,259.2
57,36,21,payment,137.5
32,5,27,existence,81.77
71,69,2,payment,223.43
10,3,7,payment,32.88
51,7,44,payment,91.19
130,7,123,debt,186.43
30,20,10,payment,103.75
37,13,24,existence,64.73
145,104,41,existence,270.92
31,7,24,existence,70.62
119,60,59,debt,244.03
52,33,19,debt,184.26
135,44,91,payment,321.6
124,72,52,existence,253.03
59,59,0,payment,198.39
64,8,56,debt,142.47
69,9,60,payment,159.34
94,47,47,existence,280.65
113,74,39,existence,339.41
104,24,80,existence,268.16
104,2,102,payment,177.14
82,51,31,existence,254.96
152,147,5,debt,497.05
136,12,124,payment,290.05
14,1,13,payment,26.32
56,21,35,payment,161.25
32,10,22,existence,47.65
90,78,12,existence,180.08
57,5,52,existence,118.81
131,50,81,debt,226.33
60,55,5,debt,164.87
25,16,9,existence,78.63
79,75,4,existence,162.98
150,24,126,existence,258.22
68,39,29,payment,182.53
125,37,88,payment,217.54
42,11,31,payment,95.13
33,6,27,existence,65.45
139,37,102,debt,404.06
121,18,103,payment,264.03
4,1,3,debt,30.93
36,7,29,debt,78.79
81,52,29,payment,252.6
99,49,50,debt,259.04
125,13,112,existence,233.53
113,59,54,existence,224.98
12,4,8,debt,45.28
12,11,1,payment,48.05
101,9,92,payment,144.98
141,135,6,debt,392.23
55,53,2,debt,180.05
104,49,55,debt,228.54
8,1,7,payment,36.4
146,58,88,debt,351.1
32,7,25,existence,78.1
62,19,43,debt,148.13
153,125,28,payment,531.03
54,11,43,existence,142.17
81,59,22,existence,168.87
56,18,38,debt,113.74
57,48,9,debt,168.25
37,6,31,debt,72.28
70,44,26,debt,155.36
145,114,31,debt,496.6
96,26,70,existence,218.46
82,33,49,payment,246.88
91,62,29,debt,179.03
26,14,12,existence,62.69
49,14,35,payment,94.98
14,8,6,existence,38.47
91,59,32,debt,278.33
133,110,23,payment,269.61
49,22,27,debt,112.67
127,4,123,payment,258.41
132,132,0,payment,364.39
123,33,90,debt,282.46
109,63,46,payment,251.01
154,85,69,debt,359.52
108,69,39,payment,224.17
51,42,9,existence,146.03
141,82,59,existence,422.8
124,37,87,debt,233.26
130,67,63,existence,270.54
71,29,42,existence,168.41
9,1,8,debt,32.76
28,1,27,existence,48.12
2,2,0,debt,17.72
152,34,118,debt,240.87
133,46,87,payment,213.34
129,5,124,debt,171.15
18,14,4,payment,54.24
69,65,4,existence,206.93
129,9,120,existence,251.87
146,102,44,payment,432.85
71,24,47,debt,161.63
11,11,0,payment,46.2
113,104,9,existence,337.37
36,17,19,payment,79.97
136,107,29,existence,464.09
4,3,1,payment,24
18,9,9,debt,81.25
17,3,14,existence,32.01
55,8,47,existence,84.68
96,46,50,debt,182.86
98,60,38,existence,253.01
110,83,27,debt,358.38
111,33,78,payment,226.43
47,12,35,existence,113.83
138,133,5,existence,501.32
28,6,22,payment,77.72
123,120,3,existence,351.31
19,6,13,existence,50.07
113,40,73,existence,248.63
1,1,0,debt,31.14
21,10,11,debt,67.7
123,78,45,payment,339.85
23,17,6,payment,73.57
8,8,0,payment,26.26
123,49,74,payment,348.96
152,122,30,debt,381.12
86,82,4,debt,249.78
117,88,29,debt,384.31
99,6,93,debt,212.38
26,8,18,debt,84.23
117,58,59,existence,324.07
20,7,13,payment,45.59
39,2,37,debt,94.52
134,46,88,existence,358.92
23,20,3,existence,72.52
123,18,105,existence,178.1
75,62,13,payment,187.8
134,111,23,existence,365.03
47,23,24,debt,123.26
122,86,36,debt,427.12
109,58,51,payment,209.7
137,34,103,existence,368.57
98,51,47,payment,299.3
105,86,19,debt,328.18
20,16,4,debt,78.38
129,39,90,debt,298.52
88,14,74,payment,205.85
144,136,8,existence,378.7
24,8,16,existence,39.38
83,61,22,existence,259.79
64,54,10,debt,205.59
42,1,41,payment,107.23
57,15,42,payment,138.64
107,82,25,debt,259.54
141,24,117,existence,201.75
3,1,2,payment,15.63
122,84,38,debt,375.3
135,20,115,existence,183.84
47,37,10,existence,142.07
156,89,67,payment,424.82
103,84,19,existence,246.47
86,64,22,debt,173.45
75,64,11,existence,185.99
123,59,64,existence,300.38
79,41,38,existence,156.96
72,35,37,existence,177.09
107,62,45,payment,314.61
12,5,7,existence,26.31
70,12,58,payment,186.79
61,3,58,debt,164.84
119,25,94,payment,338.67
69,62,7,payment,197.34
65,26,39,debt,147.72
20,13,7,payment,61.8
76,41,35,debt,190.4
138,87,51,debt,339.18
58,8,50,debt,152.19
103,21,82,debt,155.67
36,15,21,payment,68.83
1,1,0,debt,20.95
73,73,0,debt,250.19
106,27,79,payment,272.36
57,30,27,debt,169.3
27,8,19,debt,91
139,63,76,existence,287.36
150,112,38,existence,316.73
74,4,70,payment,117.46
26,9,17,debt,84.4
58,58,0,existence,218.58
80,65,15,existence,255.02
74,68,6,debt,240.44
139,51,88,existence,320.21
89,36,53,payment,160.31
70,15,55,debt,139.48
131,66,65,payment,385.41
103,81,22,existence,233.55
77,38,39,payment,189.92
60,11,49,debt,147.9
36,32,4,debt,132.23
7,4,3,existence,16.35
141,6,135,debt,232.46
100,81,19,existence,242.23
89,14,75,existence,222.38
9,7,2,debt,31.74
69,19,50,payment,208.98
14,13,1,payment,54.23
44,18,26,debt,133.47
102,32,70,payment,283.65
142,74,68,debt,280.68
65,36,29,debt,234.85
13,8,5,payment,56.08
155,18,137,payment,284.21
77,28,49,payment,161.06
39,25,14,existence,122.47
4,2,2,payment,18.04
51,6,45,payment,133.35
26,24,2,payment,77.42
66,54,12,payment,179.45
18,8,10,debt,73.23
155,132,23,payment,490.32
85,59,26,debt,235.27
117,43,74,existence,193.69
69,16,53,payment,120.54
104,77,27,debt,344.25
39,18,21,payment,98.64
134,11,123,existence,251.06
39,7,32,debt,114.57
114,111,3,debt,352.88
120,87,33,existence,339.12
64,12,52,debt,130.98
3,1,2,payment,21.12
56,28,28,payment,131.05
67,44,23,debt,153.64
35,14,21,existence,60.01
32,13,19,payment,86.73
139,45,94,debt,361.65
34,3,31,existence,71.55
85,75,10,payment,233.81
116,19,97,payment,302.06
114,73,41,payment,303.7
44,3,41,payment,85.45
56,28,28,existence,131.47
92,4,88,payment,151.47
29,25,4,debt,76.59
132,67,65,existence,391.83
84,50,34,payment,231.47
112,41,71,debt,231.35
15,1,14,payment,44.94
24,4,20,debt,86.03
110,93,17,existence,320.97
134,60,74,existence,351.9
70,14,56,existence,128.16
101,87,14,existence,325.37
136,62,74,debt,322.12
129,124,5,existence,306.75
17,6,11,payment,36.23
45,13,32,existence,88.62
25,6,19,existence,38.1
3,2,1,debt,24.93
108,5,103,debt,180.03
112,68,44,existence,317.61
55,8,47,debt,137.89
62,24,38,payment,100.32
51,19,32,debt,133.28
144,68,76,debt,307.07
79,48,31,debt,214.07
156,60,96,payment,450.73
2,2,0,payment,20.19
88,56,32,payment,202.26
87,23,64,payment,192.1
91,59,32,existence,281.78
146,66,80,debt,346.43
124,13,111,existence,282.83
157,157,0,payment,411.68
134,52,82,debt,243.2
116,42,74,payment,279.38
103,42,61,payment,252.21
18,5,13,debt,66.07
46,29,17,existence,112.1
49,41,8,debt,153.03
79,43,36,debt,220.61
32,15,17,existence,54.01
127,45,82,existence,344.99
110,72,38,payment,211.31
11,4,7,debt,35.11
91,10,81,debt,233.44
56,9,47,debt,152.72
118,10,108,existence,196.48
17,5,12,debt,46.54
77,64,13,debt,202.56
119,69,50,payment,353.5
42,14,28,payment,108.83
73,34,39,payment,226.65
152,149,3,debt,409.87
49,14,35,payment,104.87
72,53,19,payment,221.6
58,9,49,payment,112.57
141,42,99,payment,324.72
94,31,63,existence,237.31
127,47,80,existence,299.18
71,42,29,existence,138.72
149,127,22,debt,402.9
84,60,24,payment,206.38
94,20,74,debt,201.89
120,1,119,existence,238.85
21,9,12,payment,51.88
9,3,6,payment,25.73
53,43,10,debt,137.2
84,66,18,debt,298.09
26,22,4,existence,54.97
98,16,82,payment,211.33
70,60,10,payment,173.17
51,22,29,payment,167.05
137,133,4,existence,350.33
100,30,70,debt,225.83
112,101,11,payment,353.42
38,27,11,payment,109.59
87,66,21,payment,289.48
65,50,15,debt,221.58
6,3,3,debt,22.04
82,68,14,existence,294.02
99,92,7,payment,283.95
11,4,7,existence,26.15
83,20,63,existence,183.02
146,103,43,payment,351.76
108,59,49,existence,300.15
153,10,143,payment,276.54
126,28,98,payment,248.11
90,72,18,existence,279.9
88,85,3,existence,307.28
155,17,138,existence,210.29
157,103,54,payment,478.64
81,36,45,payment,173.96
34,15,19,debt,108.49
60,37,23,payment,153.2
1,1,0,payment,10.86
17,2,15,existence,24.16
16,10,6,debt,43.12
109,37,72,payment,210.8
35,19,16,debt,88.72
127,68,59,debt,276.47
46,43,3,existence,125.16
10,3,7,payment,24.65
64,63,1,payment,178.3
156,88,68,payment,454.6
140,33,107,debt,311.09
3,3,0,debt,39.94
112,22,90,debt,286.31
22,17,5,existence,53.39
7,1,6,payment,25.6
151,74,77,payment,332.48
53,8,45,existence,111.14
24,13,11,payment,49.94
104,45,59,existence,263.82
26,22,4,existence,87.88
48,1,47,debt,94.18
62,12,50,debt,146.22
123,9,114,existence,203.31
94,49,45,debt,274.74
37,33,4,payment,86.2
152,33,119,payment,309.9
106,62,44,payment,289.09
35,14,21,existence,64.67
85,64,21,existence,182.57
59,27,32,existence,146.84
14,5,9,debt,44.37
81,34,47,payment,228.29
134,120,14,debt,399.26
66,6,60,payment,182.17
43,31,12,debt,121.03
137,122,15,existence,338.73
93,27,66,payment,249.27
32,19,13,payment,85.01
125,81,44,payment,268.79
112,80,32,existence,258.12
48,24,24,payment,163.13
94,93,1,payment,299.83
122,92,30,existence,234.95
65,44,21,payment,135.05
143,23,120,payment,296.64
72,67,5,debt,238.75
148,105,43,debt,315.51
129,61,68,existence,323.52
19,11,8,debt,65.45
141,69,72,payment,304.21
23,23,0,existence,76.94
39,3,36,existence,81.34
49,42,7,debt,180.66
107,59,48,payment,276.5
111,32,79,payment,298.09
37,8,29,debt,69.43
123,18,105,debt,276.44
45,22,23,existence,98.67
16,7,9,debt,54.83
2,1,1,existence,4.06
79,65,14,debt,241.68
64,30,34,payment,130.79
99,23,76,debt,157.72
84,28,56,debt,181.42
73,41,32,payment,184.67
8,5,3,payment,31.11
152,125,27,debt,554.51
56,22,34,existence,116.93
58,15,43,existence,156.05
11,8,3,debt,54.57
23,2,21,existence,54.17
54,46,8,existence,146.18
50,38,12,existence,114.05
30,5,25,existence,72.91
123,93,30,existence,246.04
51,10,41,payment,92.43
101,85,16,existence,302.13
48,29,19,debt,149.71
118,39,79,existence,342.42
44,37,7,payment,159.42
108,9,99,debt,283.53
51,44,7,payment,159.25
38,3,35,payment,96.14
70,1,69,existence,158.66
141,76,65,debt,321.23
30,9,21,debt,100.59
155,137,18,existence,442.88
1,1,0,existence,3.34
133,107,26,existence,406.37
47,39,8,debt,141.73
127,39,88,existence,355.16
53,32,21,payment,128.9
18,16,2,existence,42.16
149,1,148,existence,285.92
71,51,20,payment,193.1
87,4,83,existence,176.31
136,36,100,payment,314.34
138,104,34,debt,457.57
100,40,60,payment,308.53
87,62,25,debt,202.35
150,59,91,debt,322.42
84,12,72,debt,201.05
50,34,16,payment,122.54
66,60,6,existence,121.66
81,45,36,payment,205.4
7,3,4,debt,26.58
88,69,19,payment,226.66
118,11,107,payment,294.43
116,25,91,payment,308.59
90,29,61,payment,203.21
13,2,11,payment,28.39
93,63,30,debt,300.34
157,43,114,existence,308.36
31,4,27,existence,62.18
76,58,18,debt,227.26
139,129,10,debt,527
50,3,47,existence,73.87
94,28,66,payment,243.88
121,107,14,payment,259.59
19,11,8,debt,55.98
140,70,70,debt,404.22
124,26,98,payment,322.73
12,11,1,debt,60.35
115,2,113,debt,187.01
62,11,51,existence,97.02
155,63,92,existence,448.41
5,4,1,payment,22.17
138,18,120,payment,185.5
81,29,52,payment,244.43
92,89,3,payment,242.65
110,96,14,existence,249.49
25,7,18,debt,62.37
89,82,7,payment,246.76
135,12,123,existence,174.92
125,16,109,existence,223.16
24,13,11,existence,61.45
76,17,59,payment,212.97
138,42,96,debt,295.18
89,75,14,payment,227
11,8,3,existence,21.13
21,10,11,existence,54.06
144,99,45,payment,459.42
37,5,32,existence,62.85
98,43,55,debt,232.04
127,125,2,payment,437.1
89,54,35,payment,214.14
42,28,14,payment,126.89
20,9,11,existence,35.54
50,16,34,payment,142.32
30,11,19,existence,79.58
57,47,10,payment,170.97
143,92,51,debt,274.3
13,8,5,debt,56.45
157,32,125,existence,374.09
57,33,24,existence,113.4
79,56,23,payment,233.96
34,33,1,payment,96.49
97,47,50,payment,273.97
153,45,108,payment,279.91
92,81,11,debt,278.05
31,1,30,debt,80.71
79,76,3,payment,228.66
41,11,30,debt,122.16
28,6,22,payment,94.66
21,2,19,payment,50.54
157,125,32,payment,581.56
127,104,23,debt,358.1
68,38,30,existence,158.51
44,27,17,existence,133.32
1,1,0,debt,24.99
25,21,4,payment,67.05
120,120,0,payment,377.48
88,39,49,payment,194.84
139,118,21,debt,385.7
87,79,8,existence,270.79
141,33,108,payment,269.49
85,67,18,debt,302.77
138,95,43,existence,355.93
68,68,0,debt,218.35
64,32,32,debt,119.13
119,39,80,payment,281.03
4,2,2,payment,21.35
3,2,1,existence,6.52
47,2,45,payment,120.3
105,88,17,payment,360.71
8,2,6,payment,26.55
104,70,34,payment,268.81
1,1,0,debt,18.34
145,15,130,debt,347.47
154,126,28,debt,395.02
96,5,91,existence,216.53
115,71,44,payment,289.14
54,28,26,existence,140.47
42,17,25,existence,105.89
70,4,66,existence,109.6
54,26,28,debt,132.29
50,6,44,debt,126.29
119,53,66,debt,260.99
78,40,38,existence,145.4
40,14,26,existence,117.77
60,18,42,payment,144.53
34,3,31,existence,72.13
120,119,1,existence,415.66
148,57,91,existence,395.24
29,14,15,debt,94.83
36,28,8,debt,127.06
121,61,60,debt,244.66
145,41,104,debt,334.48
67,25,42,existence,138.9
147,57,90,payment,250.12
114,86,28,debt,352.94
123,70,53,debt,239.68
18,17,1,payment,68.88
61,9,52,existence,141.39
70,33,37,debt,162.56
82,34,48,existence,126.42
69,57,12,debt,155.89
134,8,126,payment,355.6
17,7,10,debt,46.71
120,82,38,debt,310.82
139,65,74,existence,299.24
9,3,6,existence,22.23
74,65,9,existence,211.35
38,4,34,debt,70.94
87,7,80,debt,128.05
127,55,72,payment,337.19
113,100,13,debt,329.3
17,2,15,payment,49.38
15,1,14,payment,54.94
107,6,101,payment,274.99
71,59,12,debt,189.05
146,142,4,payment,520.56
136,126,10,debt,392.72
120,96,24,debt,343.66
77,43,34,debt,204.14
21,15,6,payment,72.73
18,5,13,existence,32.81
21,13,8,debt,60.16
64,50,14,existence,199.95
86,30,56,debt,221.12
57,32,25,debt,115.7
96,69,27,debt,297.98
106,106,0,existence,312.16
137,99,38,existence,407.06
35,2,33,payment,99.26
12,1,11,existence,18.47
79,31,48,payment,208.75
88,21,67,payment,129.17
150,134,16,existence,417.24
71,25,46,debt,146.44
100,81,19,payment,228.42
116,29,87,payment,226.24
57,43,14,debt,187.43
65,34,31,payment,194.58
30,1,29,existence,44.03
74,42,32,payment,164.14
42,16,26,debt,91.25
24,13,11,existence,71.44
131,29,102,existence,296.01
109,47,62,payment,240.95
74,22,52,existence,134.41
157,136,21,existence,393.93
148,52,96,existence,216.46
65,64,1,payment,205.09
122,40,82,payment,237.26
84,13,71,payment,159.04
95,50,45,existence,232.05
51,50,1,debt,142.97
101,76,25,payment,342.96
125,24,101,existence,318.97
101,28,73,payment,194.5
98,46,52,existence,271.69
100,61,39,debt,205.52
128,60,68,payment,234.88
19,10,9,existence,40.77
18,7,11,existence,46.03
17,12,5,debt,67.63
74,1,73,payment,190.13
122,109,13,payment,439.38
90,54,36,debt,209.18
90,63,27,existence,247.75
119,107,12,existence,303.89
132,88,44,existence,267.35
104,3,101,debt,236.46
147,19,128,debt,404.5
80,34,46,debt,207.2
20,1,19,payment,56.02
27,14,13,payment,82.98
57,11,46,existence,86.95
108,23,85,existence,279.94
118,18,100,debt,282.85
24,7,17,existence,42.42
9,6,3,existence,20.68
49,23,26,debt,122.56
59,34,25,existence,114.03
2,1,1,debt,33.04
122,105,17,payment,393.67
154,79,75,payment,463.41
129,16,113,debt,311.43
95,16,79,debt,246.89
106,60,46,existence,262.29
108,85,23,existence,221.06
10,10,0,payment,37.15
10,1,9,payment,22.24
24,15,9,existence,68.73
50,38,12,payment,152.3
22,20,2,existence,67.07
10,6,4,payment,31.84
153,37,116,debt,442.5
5,3,2,debt,30.39
29,22,7,payment,78.06
71,58,13,payment,229.85
113,92,21,payment,253.07
36,13,23,payment,118.46
91,18,73,payment,147.9
98,84,14,debt,354.26
87,12,75,existence,198.64
45,44,1,existence,159.32
53,41,12,payment,136.15
34,30,4,existence,97.33
39,31,8,existence,106.41
27,6,21,payment,61.9
130,43,87,debt,337.29
95,63,32,payment,266.74
21,19,2,existence,61.91
28,21,7,debt,117.72
62,5,57,debt,131.03
13,2,11,debt,47.4
31,23,8,debt,95.98
3,1,2,payment,21.44
95,7,88,payment,136.85
125,56,69,existence,314.41
69,33,36,existence,112.48
68,1,67,existence,97.03
48,10,38,existence,88.57
138,19,119,debt,369.16
26,25,1,existence,66.03
134,48,86,payment,277.87
62,46,16,existence,128.74
6,4,2,existence,17.84
25,13,12,debt,62.47
129,94,35,debt,248.52
30,27,3,payment,80.68
120,10,110,debt,205.47
12,6,6,existence,26.92
102,1,101,debt,208.14
141,21,120,payment,221.82
55,33,22,existence,95.07
116,19,97,debt,240.46
93,13,80,payment,129.15
25,25,0,existence,54.89
61,10,51,existence,159.21
22,17,5,debt,92.42
2,1,1,debt,26.5
69,32,37,debt,135.61
133,76,57,existence,389.85
123,7,116,debt,229.78
118,110,8,payment,331.78
51,48,3,payment,205.37
118,46,72,existence,306.81
6,2,4,debt,30.22
25,24,1,debt,96.14
121,53,68,existence,207.73
26,18,8,existence,78.31
67,21,46,debt,174.76
12,8,4,existence,35.43
78,73,5,debt,279.32
24,15,9,payment,78.26
98,52,46,debt,294.95
94,53,41,debt,216.92
153,67,86,debt,289.53
1,1,0,payment,15.83
145,99,46,debt,436.25
72,48,24,existence,174.57
93,80,13,payment,263.88
135,117,18,payment,361.34
74,48,26,payment,236.67
73,21,52,payment,167.99
8,5,3,payment,33.77
145,17,128,existence,254.68
103,84,19,debt,206.67
23,21,2,payment,84.51
135,104,31,existence,462.86
135,82,53,payment,321.13
150,17,133,debt,264.2
74,27,47,payment,146.47
85,75,10,payment,242.27
150,115,35,debt,386.51
136,31,105,debt,224.04
13,12,1,debt,47.68
153,42,111,debt,465.97
118,39,79,existence,183.23
128,124,4,existence,438.66
96,34,62,existence,217.68
120,59,61,existence,322.2
100,3,97,existence,130.38
111,67,44,debt,295.68
131,108,23,debt,470.98
117,93,24,existence,384.38
61,44,17,payment,161.12
82,63,19,debt,184.05
141,92,49,payment,425.45
82,48,34,existence,146.12
104,70,34,debt,297.56
72,28,44,payment,162.11
17,10,7,payment,53.69
124,65,59,payment,336.81
62,29,33,debt,197.18
91,80,11,existence,276.16
124,63,61,payment,286.54
11,2,9,debt,29.27
79,23,56,debt,228.83
43,3,40,existence,109.57
67,54,13,debt,208.87
74,5,69,payment,164.85
117,56,61,existence,298.31
36,24,12,payment,117.92
99,29,70,existence,233.48
13,9,4,payment,37.53
148,130,18,debt,567.55
38,35,3,debt,98.76
156,49,107,debt,299.49
109,45,64,debt,239.31
114,53,61,payment,298.37
21,5,16,payment,48.62
52,47,5,existence,100.83
46,5,41,debt,92.39
145,22,123,debt,358.08
54,6,48,existence,89.46
32,10,22,existence,81.3
113,24,89,existence,306.07
102,5,97,payment,259.1
47,2,45,existence,102.06
7,3,4,payment,30.18
13,1,12,payment,34.47
8,8,0,debt,34.8
53,40,13,payment,155.35
20,4,16,payment,66.89
21,1,20,payment,34.95
53,20,33,existence,92.55
137,82,55,payment,375.51
114,100,14,payment,338.81
75,57,18,payment,232.23
54,47,7,debt,168.44
8,7,1,payment,36.81
63,59,4,payment,184.09
105,8,97,payment,257.81
157,51,106,debt,410.07
73,51,22,debt,218.86
54,28,26,payment,119.27
62,57,5,payment,176.59
146,125,21,debt,315.57
121,1,120,debt,288.93
30,3,27,payment,59.65
12,1,11,payment,23.93
42,17,25,payment,87.98
95,61,34,debt,259.65
78,41,37,payment,187.87
33,18,15,debt,88.01
127,40,87,payment,360.48
41,13,28,payment,110.16
12,8,4,existence,34.58
131,5,126,debt,207.51
80,30,50,payment,203.35
156,26,130,existence,366.31
71,24,47,debt,179.22
43,40,3,existence,130.05
7,6,1,existence,20.22
28,21,7,payment,74.08
138,62,76,payment,308.35
127,123,4,payment,312.9
86,40,46,payment,187.27
118,80,38,payment,350.24
146,1,145,payment,300.05
77,49,28,debt,237.45
135,55,80,existence,229.76
107,24,83,payment,201.79
51,35,16,existence,142.47
28,24,4,existence,94.44
157,91,66,payment,402.98
144,98,46,existence,351.35
51,23,28,existence,130.55
69,64,5,debt,201.39
27,18,9,existence,54.29
31,7,24,payment,90.39
90,72,18,existence,256.73
16,13,3,debt,64.85
57,9,48,existence,147.35
16,7,9,existence,41.41
116,54,62,existence,219.45
20,9,11,debt,60.18
16,5,11,existence,25.16
145,55,90,debt,332.71
76,45,31,existence,219.85
83,30,53,existence,162.74
146,81,65,existence,347.64
143,108,35,debt,415.57
124,74,50,existence,254.34
14,4,10,payment,35.72
94,90,4,payment,330.3
5,2,3,debt,33.83
44,2,42,payment,129.75
39,32,7,debt,122.53
14,1,13,payment,42.73
155,48,107,existence,414.73
150,13,137,payment,303.74
33,2,31,debt,84.89
147,129,18,debt,424.72
100,50,50,payment,307.48
124,20,104,payment,294.51
76,44,32,debt,163.9
150,63,87,debt,434.48
56,22,34,payment,151.15
74,29,45,existence,130.11
32,13,19,payment,79.63
60,53,7,payment,217.39
116,102,14,existence,232.43
88,69,19,payment,167.68
9,6,3,payment,31.12
101,67,34,existence,215.06
1,1,0,existence,2.6
62,51,11,existence,218.24
74,69,5,payment,256.29
109,105,4,payment,324.4
72,37,35,existence,196.56
18,11,7,debt,56.57
92,18,74,debt,244.14
2,2,0,payment,19.86
47,10,37,payment,108.3
49,15,34,existence,131.23
100,54,46,payment,240.68
32,19,13,existence,78.01
142,108,34,debt,473.07
149,38,111,payment,243.31
46,35,11,debt,148.83
143,118,25,payment,497.24
114,13,101,existence,274.83
14,12,2,payment,52.26
69,29,40,payment,189.13
10,1,9,debt,35.43
40,16,24,debt,117.87
99,22,77,payment,284.41
103,36,67,payment,296.57
12,7,5,debt,54.44
65,2,63,payment,144.63
147,102,45,debt,409.16
145,78,67,debt,453.67
62,6,56,debt,94.04
66,27,39,debt,140.88
106,64,42,payment,250.79
81,32,49,existence,163.33
136,106,30,payment,457.29
54,15,39,debt,120.67
6,2,4,payment,21.78
98,17,81,payment,273.89
117,75,42,payment,408.28
29,4,25,existence,76.65
71,27,44,existence,195.87
111,21,90,existence,162.93
1,1,0,existence,2.69
147,147,0,payment,483.97
81,61,20,payment,157.28
81,77,4,payment,272.84
125,30,95,existence,324.67
136,11,125,payment,349.63
25,6,19,debt,66.86
49,29,20,debt,91.32
138,110,28,existence,256.28
97,48,49,payment,260.09
32,11,21,debt,112.78
83,2,81,existence,122.36
140,80,60,existence,256.46
132,5,127,debt,327.04
118,9,109,debt,260.83
94,67,27,debt,312.43
89,67,22,existence,214.21
129,110,19,debt,401.78
145,103,42,payment,331.15
144,141,3,existence,414.41
134,130,4,existence,503.23
79,34,45,existence,139.3
102,20,82,debt,171.06
128,49,79,debt,255.38
101,76,25,existence,267.87
37,16,21,payment,72.82
61,31,30,existence,174.8
31,13,18,payment,100.18
1,1,0,existence,2.37
125,87,38,payment,388.01
108,106,2,payment,343.01
2,1,1,payment,15.72
53,45,8,debt,173.98
97,16,81,debt,146.35
39,12,27,payment,77.34
152,56,96,payment,339.23
100,85,15,payment,241.06
77,59,18,existence,189.4
58,42,16,payment,198.19
96,87,9,existence,249.56
146,31,115,payment,288.57
78,20,58,debt,218
14,1,13,existence,30.34
117,1,116,existence,155.79
127,94,33,debt,382.29
91,58,33,payment,291.64
51,13,38,payment,133.61
22,6,16,debt,58.31
131,88,43,existence,233.14
63,16,47,payment,162.23
146,50,96,existence,289.38
7,5,2,payment,32.62
22,12,10,payment,44.99
126,115,11,payment,343.5
115,6,109,debt,221.43
27,23,4,debt,98.12
152,120,32,debt,441.73
113,44,69,debt,214.6
157,9,148,payment,208.81
26,18,8,payment,83.4
62,21,41,existence,127.06
99,5,94,payment,189.62
153,89,64,debt,304.83
73,47,26,payment,213.06
44,40,4,debt,101.44
145,13,132,debt,287.69
126,14,112,debt,326.95
9,9,0,debt,39
101,69,32,existence,260.21
50,30,20,payment,159.87
128,109,19,existence,385.83
88,18,70,existence,129.17
28,7,21,debt,80.58
11,5,6,existence,26.55
74,68,6,payment,249.63
55,51,4,payment,155.39
116,11,105,debt,235.62
80,27,53,payment,150.64
105,91,14,debt,313.76
107,61,46,payment,314.7
12,11,1,debt,54.15
149,107,42,debt,319.77
90,89,1,payment,326.21
73,42,31,debt,220.2
2,2,0,payment,15.94
133,68,65,existence,295.51
76,14,62,existence,174.22
56,50,6,payment,154.53
100,33,67,payment,239.01
47,25,22,existence,102.12
99,37,62,existence,279.91
66,40,26,debt,153.69
61,10,51,debt,125.4
103,5,98,existence,249.14
84,15,69,debt,214.01
139,113,26,debt,331.85
130,97,33,debt,381.35
83,50,33,debt,221.18
43,38,5,debt,132.2
50,5,45,existence,108.25
115,15,100,debt,240.88
69,65,4,payment,181.26
8,5,3,existence,17.19
144,6,138,payment,298.91
133,31,102,debt,215.1
66,10,56,payment,180.52
76,62,14,debt,259.85
20,19,1,payment,68.42
86,56,30,debt,214.15
73,24,49,debt,144.11
109,96,13,debt,358.1
156,82,74,debt,459.92
36,22,14,debt,127.85
136,6,130,existence,220.93
73,46,27,payment,210.64
155,19,136,debt,395.97
56,47,9,debt,184.98
19,2,17,existence,32.91
132,60,72,debt,252.38
44,1,43,payment,114.8
130,74,56,existence,240.5
32,1,31,existence,65.38
25,1,24,payment,63.22
79,19,60,payment,177.73
123,14,109,existence,208.35
95,60,35,debt,218.63
11,5,6,debt,51.82
103,18,85,existence,154.92
124,8,116,existence,173.79
77,3,74,debt,161.76
97,85,12,payment,307.54
36,7,29,debt,106.17
88,10,78,payment,159.4
58,10,48,payment,119.32
12,10,2,payment,44.66
46,37,9,payment,156.24
26,14,12,payment,85.97
106,69,37,debt,261.89
97,54,43,debt,210.93
46,44,2,debt,193
76,5,71,debt,206.72
99,69,30,debt,221.77
63,54,9,payment,182.67
125,64,61,payment,271.81
110,55,55,payment,294.47
81,64,17,payment,225.8
127,84,43,existence,300.45
81,60,21,debt,212.22
78,76,2,debt,241.09
98,26,72,existence,248.06
48,37,11,existence,146.13
54,11,43,existence,110.78
53,51,2,debt,186.33
123,99,24,debt,427.59
60,44,16,payment,162.21
111,32,79,debt,292.71
92,47,45,existence,243.47
114,37,77,debt,277.19
46,26,20,existence,97.86
33,31,2,payment,103.27
88,86,2,debt,221.48
82,45,37,payment,206.97
64,8,56,existence,102
84,37,47,existence,219.59
109,89,20,debt,336.72
59,25,34,payment,163.46
140,29,111,debt,266.95
39,24,15,debt,110.07
148,14,134,debt,221.91
92,25,67,payment,171.09
52,44,8,existence,97.64
62,24,38,existence,100.63
130,128,2,debt,451.36
132,20,112,existence,200.56
31,28,3,debt,86.08
30,25,5,payment,113.36
95,72,23,debt,202.3
125,93,32,payment,304.17
114,108,6,existence,324.06
16,9,7,payment,42.01
104,14,90,payment,253.1
95,86,9,debt,253.52
105,100,5,existence,388.02
12,11,1,existence,37.96
77,44,33,existence,243.7
117,97,20,existence,231.35
36,18,18,debt,91.29
91,62,29,existence,210.08
24,20,4,debt,104.7
150,92,58,existence,268.27
48,39,9,payment,156.73
105,37,68,debt,209.99
77,37,40,existence,166.04
13,7,6,debt,42.6
27,1,26,existence,38.06
25,17,8,existence,64.08
87,72,15,existence,262.1
149,38,111,existence,359.77
61,20,41,payment,158.01
119,65,54,payment,330.32
115,70,45,existence,288.31
53,33,20,debt,139.45
58,45,13,existence,103.16
69,55,14,existence,168.86
127,90,37,existence,346.72
79,33,46,debt,232.13
6,4,2,existence,15.09
35,35,0,debt,118.54
26,12,14,payment,58.62
127,9,118,existence,280
124,112,12,existence,309.62
71,34,37,payment,138.21
53,46,7,debt,189.36
136,1,135,payment,216.6
93,78,15,debt,295.13
82,21,61,existence,213.13
122,25,97,existence,226.68
77,8,69,existence,156.34
138,50,88,debt,270.84
108,2,106,debt,250.03
141,45,96,payment,239.37
143,28,115,existence,243.34
118,99,19,existence,272.16
7,1,6,debt,35.09
130,34,96,payment,281.74
130,64,66,payment,296.27
152,43,109,debt,277.66
115,73,42,debt,391.01
112,7,105,debt,175.07
52,40,12,existence,132.48
146,135,11,payment,562.33
151,69,82,debt,480.64
70,13,57,payment,206.11
144,96,48,existence,342.46
65,18,47,payment,122.19
95,9,86,existence,232.73
52,32,20,payment,129.72
119,57,62,debt,351.83
14,12,2,existence,32.22
82,2,80,payment,164.95
51,49,2,existence,118.62
63,50,13,debt,196.39
61,8,53,payment,106.56
130,2,128,existence,212.22
142,73,69,debt,293.76
37,30,7,existence,102.72
20,15,5,debt,80.39
32,12,20,payment,83.84
56,28,28,payment,126.32
95,58,37,existence,198.74
97,3,94,debt,158
129,17,112,existence,183.92
76,32,44,existence,154.56
77,18,59,payment,125.63
144,76,68,payment,356.54
57,12,45,existence,129.05
16,4,12,existence,25.12
100,85,15,existence,228.01
91,65,26,existence,204.01
106,95,11,existence,316.36
58,6,52,existence,114.92
112,63,49,existence,276.79
136,101,35,debt,365.42
25,23,2,existence,94.45
85,46,39,existence,245.12
130,52,78,debt,288.58
138,14,124,existence,252.18
100,5,95,payment,163
73,17,56,existence,165.13
58,1,57,existence,73.46
92,12,80,existence,186.64
111,98,13,existence,257.2
87,51,36,payment,279.02
17,2,15,debt,54.45
123,27,96,debt,247.14
86,32,54,debt,215.95
152,132,20,debt,376.3
107,90,17,debt,287.51
31,2,29,existence,55.31
92,42,50,debt,249.69
132,132,0,debt,478.48
136,15,121,debt,238.6
27,25,2,payment,93.97
113,49,64,existence,240.96
47,38,9,payment,108.98
7,4,3,debt,48.71
38,33,5,payment,99.53
22,19,3,payment,78.98
90,2,88,payment,136.74
130,55,75,existence,295.94
153,23,130,existence,226.16
26,24,2,payment,81.56
70,38,32,existence,146.41
45,25,20,payment,116.11
44,26,18,debt,108.32
8,1,7,payment,23.17
105,102,3,debt,299.18
134,12,122,existence,226.84
131,14,117,existence,282.45
127,35,92,payment,290.03
106,100,6,debt,345.26
51,14,37,debt,99.95
61,40,21,existence,154.36
95,36,59,payment,182.99
24,24,0,existence,72.72
28,13,15,existence,73.13
2,1,1,debt,27.32
111,88,23,payment,310.14
31,31,0,debt,125.23
62,16,46,debt,183.43
116,112,4,payment,312.99
131,1,130,payment,300.89
115,23,92,existence,147.97
14,13,1,debt,63.1
63,37,26,debt,222.15
6,3,3,debt,28.16
26,7,19,payment,54.28
125,62,63,existence,294.38
150,9,141,existence,234.27
60,8,52,existence,114.78
51,8,43,payment,86.45
97,38,59,existence,201.68
29,14,15,debt,94.26
57,54,3,debt,173.94
129,128,1,debt,317.69
114,32,82,debt,311.39
44,23,21,debt,91.64
108,59,49,debt,312.21
16,12,4,payment,54.1
54,26,28,existence,109.54
47,8,39,debt,102.21
42,12,30,debt,113.82
84,61,23,existence,154.26
105,101,4,payment,232.81
4,4,0,existence,12.84
29,28,1,existence,89.99
143,89,54,existence,330.79
23,6,17,existence,47.23
29,11,18,existence,76.95
121,7,114,debt,197.14
6,4,2,existence,12.6
136,9,127,existence,226.81
60,12,48,existence,81.27
34,13,21,existence,93.77
135,6,129,debt,314.99
147,77,70,existence,420.03
54,45,9,payment,173.18
77,45,32,payment,199.4
68,59,9,debt,263.87
96,87,9,existence,227.18
123,54,69,existence,314.26
81,80,1,payment,312.02
97,33,64,existence,162.93
28,4,24,payment,78.5
125,31,94,debt,273.29
143,10,133,existence,251.45
119,77,42,existence,310.78
102,30,72,payment,265.64
80,57,23,payment,249.7
7,7,0,existence,19.74
15,8,7,existence,43.63
105,75,30,debt,326.14
93,90,3,debt,380.7
22,22,0,payment,94.11
39,22,17,debt,121.19
77,51,26,debt,173.78
23,10,13,existence,54.66
26,14,12,existence,84.86
60,41,19,debt,160.88
9,9,0,debt,46.4
139,41,98,debt,350.64
152,12,140,debt,359.54
84,7,77,payment,129.06
143,13,130,existence,352.18
58,38,20,debt,133.23
4,4,0,existence,14.85
81,19,62,debt,162.2
145,92,53,debt,430.35
81,22,59,debt,140.07
60,27,33,existence,182.62
39,33,6,debt,120.38
107,91,16,debt,296.3
39,25,14,existence,104.17
9,6,3,existence,30.51
75,21,54,payment,202.5
24,13,11,existence,68.67
22,15,7,existence,53.8
89,86,3,existence,169.77
27,13,14,existence,71.1
43,14,29,existence,75.23
15,1,14,payment,44.81
129,52,77,payment,371.93
147,51,96,payment,298.49
140,110,30,debt,340.45
48,13,35,payment,144.95
143,69,74,payment,403.88
75,63,12,existence,230.24
18,9,9,payment,69.3
45,32,13,debt,151.67
117,70,47,debt,364.51
55,54,1,payment,143.96
12,3,9,debt,38.69
16,15,1,debt,81.51
117,33,84,existence,246.23
47,27,20,payment,107.06
121,48,73,payment,249.12
73,39,34,payment,197.67
4,4,0,payment,15.42
56,16,40,existence,91.99
122,117,5,payment,431.2
89,32,57,existence,149.17
17,10,7,payment,71.44
117,102,15,debt,340.8
108,37,71,debt,259.54
127,67,60,payment,321.63
146,100,46,payment,422.3
12,9,3,payment,38.42
132,59,73,payment,213.01
31,27,4,payment,85.34
69,29,40,payment,194.34
147,7,140,payment,353.58
89,3,86,debt,171.38
51,18,33,payment,100.88
49,1,48,payment,79.57
104,42,62,debt,190.21
8,4,4,payment,28.1
14,2,12,payment,42.19
19,15,4,debt,70.1
107,25,82,payment,167.7
56,49,7,debt,144.83
70,31,39,debt,160.91
138,88,50,payment,338.6
127,30,97,debt,332.77
77,31,46,payment,194.61
66,43,23,existence,192.94
122,76,46,existence,287.21
54,11,43,debt,127.13
62,5,57,debt,157.38
81,9,72,existence,163.31
31,29,2,payment,116.22
2,1,1,existence,5.57
73,13,60,existence,113.05
156,39,117,debt,304.5
11,4,7,existence,19.96
42,16,26,debt,90.02
55,46,9,payment,146.46
102,57,45,payment,247.34
156,68,88,existence,403.17
108,66,42,existence,295.5
58,25,33,payment,121.71
35,1,34,payment,90.4
117,10,107,existence,238.32
116,27,89,existence,255.62
143,36,107,debt,291.46
103,45,58,existence,228.64
68,23,45,debt,216.35
140,19,121,payment,284.82
11,2,9,debt,32.26
92,90,2,payment,260.25
69,42,27,debt,162.46
137,89,48,debt,339.57
62,60,2,existence,196.63
58,42,16,existence,150.11
4,4,0,payment,20.06
136,118,18,existence,388.53
37,24,13,existence,85.05
4,2,2,debt,34.88
11,6,5,payment,29.99
142,93,49,payment,315.06
94,13,81,existence,231.58
106,55,51,existence,214.71
83,2,81,payment,143.05
128,118,10,debt,362.67
74,45,29,existence,212.77
60,49,11,existence,165.91
127,118,9,payment,419.09
131,110,21,payment,373.23
114,92,22,debt,370.47
51,40,11,debt,185.35
136,106,30,debt,475.76
47,2,45,existence,77.85
33,28,5,payment,92.69
40,27,13,debt,139.13
85,54,31,existence,180.61
37,18,19,debt,111.88
83,17,66,payment,153.87
48,3,45,debt,130.55
57,33,24,existence,117.24
39,5,34,debt,103.95
42,11,31,debt,125.61
50,43,7,existence,145.7
48,18,30,debt,150.08
32,22,10,existence,83.7
33,29,4,payment,138.75
64,60,4,existence,231.15
104,57,47,payment,239.42
139,120,19,payment,323.11
87,81,6,existence,205.92
119,2,117,payment,298.42
33,19,14,existence,78.76
89,11,78,existence,191.98
28,18,10,existence,81.86
157,156,1,payment,595
2,1,1,payment,14.86
24,22,2,payment,77.88
61,60,1,payment,206.5
8,1,7,payment,32.59
14,13,1,debt,60.47
33,27,6,debt,97.64
1,1,0,debt,24.9
33,8,25,payment,61.67
44,16,28,payment,89.84
149,118,31,debt,420.32
24,21,3,existence,76.31
74,7,67,debt,183.91
30,18,12,existence,64.89
48,48,0,debt,145.12
78,69,9,existence,239.15
76,45,31,existence,162.65
123,107,16,payment,424.18
74,71,3,debt,238.86
122,21,101,existence,269.82
121,42,79,payment,228.8
13,1,12,payment,39.55
11,6,5,debt,48.98
145,27,118,existence,302.33
28,11,17,payment,61.76
117,64,53,debt,315.33
89,21,68,debt,155.01
4,3,1,payment,29.06
10,7,3,payment,37.97
122,45,77,debt,264.75
92,44,48,payment,180.56
84,72,12,debt,216.72
26,5,21,existence,66.71
41,26,15,debt,141.22
58,21,37,existence,134.72
39,16,23,debt,106.72
149,46,103,payment,254.1
129,6,123,existence,249.49
23,12,11,payment,53.76
19,3,16,existence,34.82
6,5,1,existence,11.7
53,32,21,payment,154.22
76,13,63,existence,135.08
44,9,35,payment,114.05
146,146,0,payment,430.41
30,5,25,existence,39.56
20,15,5,payment,75.43
132,40,92,payment,314.08
92,81,11,payment,207.16
98,6,92,existence,144.17
148,75,73,payment,385.3
24,13,11,existence,46.21
137,114,23,debt,305.44
60,35,25,existence,166.78
28,27,1,payment,100.79
32,19,13,debt,106.83
38,19,19,payment,75.01
44,42,2,debt,152.72
150,35,115,existence,374.41
143,95,48,debt,372.01
20,5,15,payment,53.75
126,14,112,payment,266.91
155,148,7,payment,370.49
8,4,4,payment,40.69
120,5,115,debt,315.71
145,22,123,payment,332
36,17,19,payment,82.74
96,23,73,debt,182.55
9,1,8,payment,36.05
80,69,11,debt,308.33
150,57,93,existence,338.13
69,3,66,existence,171.63
145,32,113,debt,363.44
75,47,28,payment,240.99
97,14,83,existence,224.43
71,48,23,debt,208.84
72,13,59,payment,186.21
152,22,130,existence,320.21
145,50,95,payment,287.63
13,10,3,payment,37.05
50,3,47,payment,83.9
29,26,3,existence,99.35
85,24,61,payment,169.72
72,32,40,payment,181.78
45,4,41,debt,125.12
105,84,21,existence,249.21
54,27,27,debt,144.64
150,114,36,existence,386.15
8,1,7,existence,10.66
96,43,53,debt,291.39
2,1,1,existence,4.7
59,59,0,debt,180.34
119,4,115,existence,187.8
122,58,64,payment,346.14
109,9,100,debt,268.32
154,148,6,payment,405.02
32,24,8,existence,79.29
118,22,96,existence,168.03
61,57,4,payment,236.43
54,18,36,debt,130.54
106,35,71,existence,162.01
120,113,7,existence,323.99
86,80,6,payment,197.51
134,51,83,debt,299.52
88,12,76,existence,154.84
70,44,26,debt,195
76,7,69,payment,119.87
42,31,11,existence,97.53
153,145,8,debt,562.67
105,96,9,existence,276.03
59,3,56,payment,88.36
20,14,6,debt,67.28
69,60,9,existence,141.26
143,67,76,existence,408.58
47,47,0,existence,139.89
31,3,28,existence,79.17
104,7,97,existence,214.7
85,80,5,payment,202.58
148,52,96,existence,273.7
55,9,46,existence,91.96
44,12,32,existence,86.98
47,20,27,debt,135
79,71,8,payment,219.37
103,53,50,payment,197.25
87,73,14,existence,200.79
157,90,67,debt,390.8
61,9,52,existence,88.88
115,67,48,existence,245.55
55,3,52,existence,122.51
100,62,38,debt,310.14
24,24,0,payment,70.64
146,20,126,debt,351
122,85,37,debt,314.68
26,12,14,debt,77.89
45,27,18,payment,124.13
127,31,96,existence,346.94
61,6,55,debt,134.44
137,90,47,payment,289.32
151,7,144,payment,348.76
100,9,91,debt,175.9
121,35,86,debt,227.68
39,11,28,payment,88.99
20,6,14,existence,53.32
60,2,58,payment,82.44
134,86,48,existence,408.59
33,24,9,payment,104.63
80,70,10,payment,251.37
141,34,107,existence,246.75
152,31,121,existence,313.84
45,23,22,debt,118.9
68,10,58,existence,96.98
62,15,47,payment,173.25
79,57,22,payment,160.86
42,35,7,debt,149.11
3,1,2,debt,15.07
91,88,3,debt,291.97
60,15,45,existence,127.93
83,37,46,debt,240.72
26,3,23,payment,48.33
33,9,24,existence,62.82
59,46,13,existence,215.1
89,66,23,existence,236.54
142,140,2,existence,419.2
8,6,2,existence,24.7
5,1,4,debt,29.5
69,39,30,payment,149.89
134,79,55,existence,401.57
154,69,85,debt,443.63
99,55,44,payment,275.6
77,5,72,payment,147.88
148,120,28,existence,352.75
138,105,33,existence,395.44
121,57,64,existence,308.79
55,22,33,debt,115.09
32,15,17,existence,62.05
43,25,18,payment,117.41
13,8,5,payment,41.98
154,62,92,debt,363.5
20,1,19,payment,42.73
129,29,100,debt,327.5
124,27,97,existence,231.01
27,22,5,payment,79.65
76,11,65,payment,190.05
83,75,8,debt,218
49,25,24,payment,122.58
29,3,26,debt,75.41
85,28,57,debt,248.29
74,29,45,existence,182.02
14,4,10,debt,57.13
150,77,73,existence,338.55
31,19,12,existence,83.18
114,43,71,debt,231.3
122,48,74,existence,192.91
43,10,33,payment,75.7
98,94,4,debt,359.53
19,8,11,existence,39.46
134,57,77,existence,218.37
122,1,121,existence,287.5
26,12,14,existence,47.06
63,51,12,payment,203.89
119,11,108,debt,295.65
45,11,34,debt,118.72
80,41,39,existence,137.48
148,42,106,payment,306.03
103,47,56,debt,252.47
24,18,6,debt,105.09
148,58,90,existence,373.23
120,43,77,payment,337.71
77,56,21,payment,279.08
69,52,17,existence,210.48
135,3,132,payment,302.52
120,76,44,debt,277.98
42,5,37,payment,103.53
151,127,24,debt,338.2
36,8,28,existence,61.8
33,24,9,payment,75.46
127,22,105,debt,253.11
78,45,33,debt,214.91
42,32,10,existence,116.84
55,22,33,debt,173.35
79,39,40,payment,240.38
30,1,29,existence,50.7
90,56,34,payment,285.85
115,62,53,existence,305.62
100,51,49,existence,289.54
127,26,101,payment,247.72
133,19,114,debt,316.86
53,5,48,existence,110.59
10,6,4,existence,30.92
108,80,28,debt,364.32
97,54,43,payment,232.53
70,40,30,debt,249.58
21,5,16,payment,66.79
2,1,1,debt,12.77
17,7,10,debt,56.74
34,26,8,debt,140.42
29,9,20,existence,70.8
112,62,50,existence,209.12
25,7,18,existence,45.48
124,42,82,payment,218.75
91,20,71,debt,152.08
20,3,17,payment,62.91
77,47,30,debt,194.37
151,110,41,debt,366.2
65,17,48,debt,173.83
52,26,26,existence,113.01
129,87,42,payment,262.24
131,116,15,existence,385.32
79,27,52,debt,195.79
66,21,45,payment,190.51
26,17,9,existence,73.84
33,13,20,debt,94.74
151,2,149,debt,309.72
75,15,60,existence,118.83
58,3,55,payment,102.77
120,45,75,debt,343.69
144,55,89,payment,268.65
82,49,33,debt,255.2
95,55,40,debt,270.26
89,44,45,existence,254.17
132,36,96,debt,255.73
100,27,73,existence,198.69
15,2,13,existence,30.57
61,15,46,payment,144.01
141,17,124,payment,198.91
145,73,72,debt,352.41
65,19,46,payment,126.39
33,5,28,payment,99.9
157,114,43,existence,506.88
22,8,14,debt,67.76
79,3,76,debt,110.52
124,121,3,existence,313.36
64,53,11,payment,232.65
2,2,0,payment,17.05
90,30,60,debt,247.22
69,64,5,payment,163.11
77,26,51,payment,157.01
116,21,95,existence,176.72
100,56,44,existence,243.52
69,52,17,payment,197.98
77,23,54,debt,227.99
119,26,93,payment,194.34
8,4,4,debt,31.39
112,61,51,payment,251.25
117,21,96,existence,273.51
21,17,4,existence,56.67
92,92,0,existence,299.73
125,44,81,payment,201.53
82,59,23,payment,199.49
18,1,17,existence,42.87
149,52,97,existence,271.14
142,36,106,debt,421.33
8,4,4,debt,29.21
153,53,100,existence,330.49
91,42,49,payment,252.79
28,6,22,debt,66.03
49,33,16,existence,99.57
151,120,31,debt,416.68
2,1,1,debt,12.87
141,112,29,existence,447.35
60,50,10,payment,153.85
90,84,6,debt,240.63
145,44,101,existence,244.86
86,75,11,debt,196.37
3,3,0,debt,20.95
135,3,132,payment,320.72
34,30,4,existence,70.2
146,98,48,payment,387.72
69,19,50,existence,175.69
107,59,48,existence,238.93
121,51,70,existence,292.85
6,3,3,debt,35.72
130,49,81,payment,372.46
117,69,48,debt,373.17
39,1,38,existence,58.25
147,15,132,existence,377.11
110,48,62,existence,248.17
124,97,27,debt,385.43
51,1,50,debt,93.17
113,19,94,debt,287.2
114,111,3,debt,307.55
102,20,82,existence,273.03
113,110,3,debt,399.29
117,33,84,debt,215.22
32,11,21,payment,98.35
3,2,1,existence,8.59
70,59,11,existence,180.14
84,70,14,payment,232.43
75,46,29,existence,217.69
103,97,6,existence,318.07
103,60,43,debt,356.7
133,100,33,existence,405.35
136,23,113,payment,333.02
28,2,26,existence,42.47
96,32,64,debt,171.75
78,15,63,debt,227.18
19,9,10,payment,50.12
50,17,33,existence,109.05
48,30,18,existence,144.59
24,10,14,payment,52.54
106,59,47,payment,219.54
89,46,43,payment,250.54
64,27,37,existence,137.77
46,34,12,payment,130.46
93,62,31,existence,285.02
157,47,110,payment,364.66
133,69,64,payment,377.49
125,41,84,existence,302.8
105,62,43,payment,197.72
10,4,6,payment,35.39
113,83,30,existence,322.56
34,15,19,existence,75.69
21,9,12,payment,47.25
2,1,1,existence,6
46,26,20,debt,154.33
101,62,39,payment,217.7
153,28,125,existence,284.44
3,1,2,existence,5.79
30,12,18,existence,66.91
69,12,57,debt,180.8
48,32,16,payment,161.29
26,10,16,payment,80.06
126,52,74,existence,240.78
27,22,5,debt,89.72
125,18,107,existence,247.46
98,69,29,payment,321.67
54,44,10,debt,189.64
105,19,86,payment,238.9
105,78,27,payment,333.4
91,20,71,payment,230.1
47,34,13,debt,157.12
126,24,102,payment,343.2
102,63,39,debt,327.68
34,30,4,debt,129.74
152,95,57,debt,473.81
31,5,26,payment,69.69
78,53,25,existence,205.23
2,2,0,existence,5.86
135,33,102,payment,223.13
31,19,12,payment,96.22
148,130,18,payment,502.19
90,11,79,payment,204.54
118,64,54,debt,262.65
31,17,14,debt,92.29
32,13,19,payment,74.52
130,121,9,debt,473.45
120,64,56,payment,282
20,19,1,debt,86.27
69,19,50,payment,197.46
77,56,21,debt,206.33
27,6,21,existence,49.87
145,42,103,payment,243.53
121,86,35,existence,291.39
53,17,36,payment,90.76
153,137,16,payment,384.36
74,41,33,existence,218.88
122,68,54,payment,320.86
100,46,54,payment,238.7
150,79,71,payment,345.07
64,29,35,debt,187.05
67,20,47,debt,129.41
91,7,84,existence,222.9
51,37,14,payment,145.6
78,15,63,payment,205.13
148,147,1,debt,534.93
111,104,7,debt,293.61
71,33,38,debt,233.76
125,101,24,existence,395.89
31,8,23,existence,61.59
112,55,57,existence,233.64
19,11,8,payment,73.01
43,42,1,existence,78.8
73,51,22,payment,171.72
22,11,11,payment,49.42
38,22,16,payment,90.27
49,20,29,debt,100.77
95,58,37,existence,164.78
47,41,6,payment,165.47
85,1,84,existence,160.76
7,3,4,payment,25.45
44,44,0,debt,113.83
31,23,8,existence,85.47
119,110,9,debt,301.04
39,14,25,debt,99.92
134,84,50,existence,280.7
151,81,70,payment,369.79
23,10,13,existence,49.94
149,90,59,payment,352.03
155,91,64,debt,421.46
145,6,139,existence,325.17
33,18,15,existence,89.24
51,37,14,existence,169.12
78,32,46,debt,172.98
42,4,38,debt,73.26
108,48,60,existence,299.01
125,114,11,debt,454.48
122,114,8,existence,289.88
85,42,43,existence,170.29
112,48,64,debt,196.9
9,4,5,debt,42.19
59,43,16,debt,149.32
152,80,72,debt,342.06
89,67,22,existence,193.38
140,111,29,debt,425.93
105,12,93,payment,252.15
151,101,50,existence,346.23
117,22,95,debt,342.21
75,28,47,existence,152.38
150,69,81,payment,264.02
101,82,19,existence,201.2
9,6,3,existence,26.75
128,6,122,existence,190.16
21,8,13,existence,43.11
18,12,6,debt,53.38
127,80,47,payment,309.51
55,33,22,existence,148.53
111,105,6,debt,303.93
97,14,83,payment,143.24
135,98,37,debt,310.33
43,7,36,payment,78.84
65,23,42,debt,179.02
85,75,10,payment,283.24
136,81,55,payment,372.13
53,3,50,debt,129.46
138,1,137,existence,232.64
31,4,27,payment,91.97
127,36,91,debt,216
13,13,0,debt,67.85
141,20,121,debt,376.81
26,10,16,debt,69.67
56,39,17,debt,174.24
10,4,6,existence,24.55
7,1,6,debt,39.17
68,47,21,existence,177.35
62,52,10,debt,134.16
143,42,101,payment,321.04
4,2,2,payment,17.38
149,91,58,existence,382.76
63,42,21,payment,212.49
55,41,14,existence,178
88,35,53,existence,160.51
85,84,1,debt,297.88
98,31,67,debt,281.43
13,4,9,payment,43.96
16,16,0,debt,62.38
93,72,21,existence,220.18
8,1,7,existence,20.31
36,30,6,payment,101.82
81,2,79,debt,116.71
22,14,8,existence,61.83
69,20,49,existence,142.03
2,2,0,debt,16.24
9,2,7,payment,30.37
27,5,22,debt,71.64
156,150,6,debt,488.57
65,1,64,payment,160.79
122,71,51,payment,266.83
53,21,32,payment,135.63
97,75,22,debt,277.81
58,26,32,payment,140.9
89,25,64,debt,251.18
115,22,93,payment,273.23
4,4,0,existence,11.29
157,24,133,debt,284.01
125,6,119,existence,210.95
53,46,7,debt,124.95
23,4,19,debt,71.47
25,2,23,existence,57.95
146,14,132,existence,282
154,105,49,debt,419.46
31,5,26,debt,57.56
141,126,15,payment,401.6
53,27,26,debt,120.32
120,38,82,debt,269.07
21,21,0,payment,64.11
157,104,53,payment,472.69
153,44,109,debt,365.64
64,30,34,existence,170.74
145,82,63,debt,379.92
15,10,5,payment,43.95
60,47,13,existence,193.47
74,20,54,payment,160.68
1,1,0,existence,2.29
119,101,18,payment,311.49
75,45,30,existence,224.25
148,38,110,existence,240.86
93,13,80,payment,257.82
2,1,1,debt,13.92
119,119,0,payment,343.03
137,10,127,existence,213.03
62,15,47,payment,168.25
135,21,114,debt,335.97
47,15,32,existence,93.38
44,7,37,existence,69.72
123,66,57,existence,287.7
72,68,4,payment,226.73
65,18,47,existence,100.7
11,5,6,debt,52.82
13,5,8,existence,32.89
32,9,23,existence,89.28
122,62,60,debt,324.77
92,58,34,debt,237.69
16,10,6,payment,58.83
111,104,7,debt,419.9
29,3,26,existence,38.64
66,6,60,existence,138.31
11,3,8,payment,39.12
141,28,113,debt,226.29
69,13,56,debt,143.5
25,12,13,payment,86.12
120,58,62,existence,276.93
21,14,7,existence,42.75
101,80,21,debt,266.59
59,47,12,existence,172.92
126,6,120,debt,224.3
152,140,12,debt,460.74
9,8,1,existence,19.78
135,74,61,existence,340.4
47,21,26,debt,103.5
137,94,43,existence,399.96
142,1,141,payment,232.52
89,53,36,payment,225.77
152,13,139,debt,319.7
84,63,21,existence,263.98
90,52,38,debt,209.07
104,87,17,existence,194.23
80,67,13,debt,269
49,30,19,payment,152.97
8,1,7,existence,17.95
52,7,45,debt,124.18
36,6,30,debt,107.67
125,35,90,debt,232.02
150,134,16,existence,435.38
20,6,14,existence,32.69
142,13,129,debt,280.32
72,12,60,existence,183.46
138,107,31,debt,384.78
99,71,28,payment,216.2
47,41,6,existence,123.33
157,104,53,existence,408.99
135,41,94,payment,344.17
125,16,109,existence,333.08
23,6,17,debt,76.17
16,12,4,debt,53.46
80,10,70,payment,205.79
130,111,19,debt,273.32
80,41,39,debt,255.7
65,38,27,existence,181.27
115,42,73,debt,248.79
12,10,2,payment,30.56
75,39,36,existence,152.94
96,7,89,debt,255.24
99,13,86,debt,189.81
29,23,6,existence,99.65
154,85,69,payment,461.54
136,9,127,debt,269.32
121,74,47,debt,436.24
97,62,35,payment,298.61
45,9,36,debt,98.58
81,31,50,debt,233.88
17,6,11,existence,45.88
128,101,27,debt,316.18
137,99,38,debt,313.75
58,57,1,debt,244.85
131,2,129,debt,254.63
105,65,40,existence,270.41
80,64,16,existence,219.17
37,3,34,payment,79.57
64,33,31,debt,145.97
94,69,25,debt,229.19
144,41,103,existence,291.4
5,3,2,payment,23.56
57,27,30,debt,189.69
72,28,44,existence,132.98
48,26,22,existence,140.44
12,9,3,existence,33.02
83,61,22,existence,288.73
80,4,76,payment,137.68
14,5,9,payment,44
105,55,50,debt,206.2
76,71,5,debt,209.2
114,65,49,payment,325.26
137,63,74,payment,351.79
120,76,44,payment,268.83
18,9,9,payment,60.94
139,12,127,debt,245.95
129,60,69,existence,397.39
106,25,81,existence,220.88
16,6,10,payment,46.03
17,6,11,payment,51.6
60,11,49,debt,157.98
102,50,52,existence,185.63
102,61,41,payment,195.2
39,31,8,existence,97.74
100,40,60,payment,200.75
33,12,21,existence,83.34
50,46,4,payment,151.83
70,19,51,existence,102.58
136,91,45,debt,292.32
124,101,23,existence,283.67
149,108,41,payment,319.21
82,13,69,debt,140.21
112,87,25,debt,395.53
131,44,87,debt,248.37
102,7,95,existence,263.34
113,108,5,payment,261.26
103,95,8,payment,282.78
48,13,35,payment,85
133,97,36,payment,379.84
65,40,25,debt,205.19
54,30,24,payment,155.51
18,1,17,existence,43.3
2,2,0,existence,5.28
50,22,28,payment,142.33
128,20,108,payment,299.55
120,83,37,debt,367.4
36,17,19,payment,70.07
146,64,82,payment,418.11
58,2,56,debt,155.26
39,11,28,debt,127.54
80,22,58,debt,218.73
98,88,10,debt,244.15
131,23,108,existence,287.59
73,15,58,payment,211.97
74,45,29,existence,132.88
37,19,18,payment,90.3
155,61,94,payment,263.79
61,25,36,payment,180.3
120,43,77,debt,318.51
59,16,43,existence,159.45
135,8,127,existence,188.67
142,23,119,existence,259.93
137,98,39,payment,356.67
151,67,84,payment,344.87
42,5,37,payment,92.56
64,31,33,existence,177.89
15,8,7,debt,57.55
9,5,4,payment,33.04
95,68,27,existence,323.32
95,8,87,debt,148.42
114,39,75,payment,316
39,27,12,debt,103.74
21,15,6,existence,53.76
89,63,26,existence,248.76
106,25,81,existence,200.96
36,30,6,payment,92.14
48,37,11,payment,119.54
94,3,91,existence,234.35
135,34,101,payment,276.3
11,3,8,payment,33.15
110,51,59,debt,285.47
21,16,5,debt,80.27
130,24,106,debt,292.17
83,52,31,existence,270.09
128,21,107,payment,279.29
10,3,7,existence,20.02
59,13,46,debt,142.97
68,25,43,payment,193.01
79,35,44,payment,206.84
128,13,115,debt,235.3
71,49,22,existence,120.19
125,60,65,existence,335.72
5,5,0,debt,22.41
53,6,47,existence,108.02
2,2,0,payment,16.43
104,25,79,debt,213.62
155,124,31,payment,452.13
124,53,71,payment,253.83
44,8,36,payment,126.71
86,7,79,existence,213.47
156,19,137,debt,301.66
84,79,5,existence,167.54
137,81,56,debt,300.15
52,40,12,debt,189.32
104,21,83,payment,256.08
75,30,45,payment,211.92
149,11,138,existence,378.38
122,97,25,debt,384.58
108,69,39,debt,285.91
68,21,47,payment,135.6
98,94,4,debt,286.01
119,83,36,debt,276.31
139,64,75,debt,404.95
7,1,6,existence,13.48
46,42,4,payment,155.31
86,79,7,debt,226.18
16,12,4,debt,58.3
126,67,59,debt,295.95
41,2,39,debt,79.75
75,68,7,payment,211.56
141,135,6,debt,477.76
106,83,23,debt,312.92
26,11,15,existence,50.36
154,19,135,existence,294.8
32,15,17,payment,70.66
141,43,98,debt,281.65
142,85,57,debt,247.65
36,21,15,debt,108.45
24,6,18,existence,58.42
54,42,12,existence,162.92
139,128,11,payment,362.85
26,4,22,payment,68.02
55,27,28,payment,151.59
51,10,41,payment,122.02
138,57,81,payment,298.26
19,7,12,debt,57.97
150,41,109,debt,362.25
70,20,50,debt,168.45
78,9,69,payment,186.95
82,69,13,payment,193.86
150,50,100,payment,388.49
83,42,41,debt,235.98
117,22,95,debt,262.24
21,4,17,payment,54.91
86,81,5,existence,241.13
14,5,9,existence,26.12
96,40,56,existence,169.25
55,11,44,debt,137.03
72,46,26,debt,201.93
71,17,54,existence,168.65
86,53,33,payment,271.59
112,95,17,debt,283.51
38,29,9,debt,119.24
100,31,69,payment,165.41
44,29,15,existence,132.67
82,68,14,payment,171.84
53,13,40,existence,126.08
3,3,0,debt,34.96
29,22,7,payment,96.03
8,6,2,payment,27.52
93,57,36,debt,267.69
93,57,36,payment,247.22
66,23,43,debt,156.36
10,10,0,payment,44.37
44,11,33,payment,118.73
124,40,84,debt,256.33
139,88,51,debt,396.5
4,2,2,existence,10.25
88,50,38,existence,219.22
109,56,53,existence,247.04
45,12,33,payment,102.5
37,20,17,existence,90.18
51,38,13,debt,145.72
4,1,3,debt,17.94
144,144,0,debt,318.11
88,22,66,payment,177.26
127,13,114,payment,296.96
125,115,10,debt,402.43
4,4,0,debt,29.98
25,5,20,existence,57.91
112,28,84,payment,228.47
142,30,112,debt,334.35
107,9,98,debt,218.39
135,95,40,payment,356.51
89,67,22,payment,238.09
70,55,15,debt,229.23
153,64,89,existence,388.63
1,1,0,existence,2.51
15,14,1,payment,43.88
70,15,55,existence,110.4
103,50,53,payment,285.26
134,64,70,debt,263.01
92,19,73,debt,211.34
127,65,62,payment,243.82
20,5,15,existence,30.62
9,2,7,debt,39.29
72,36,36,debt,228.99
65,56,9,payment,208.65
2,2,0,debt,15.34
74,25,49,payment,195.3
65,59,6,payment,222.72
88,43,45,debt,196.73
96,25,71,existence,178.02
56,37,19,debt,179.11
1,1,0,payment,15.94
74,35,39,existence,203.64
52,13,39,debt,127.63
141,123,18,debt,317.48
96,48,48,debt,299.32
17,16,1,debt,80.7
131,32,99,debt,373.68
69,15,54,payment,132.41
143,104,39,debt,329.95
63,32,31,existence,192.31
22,8,14,debt,72.43
33,3,30,existence,53.78
55,29,26,existence,133.65
124,50,74,debt,338.38
77,16,61,debt,142.33
156,81,75,existence,301.06
131,69,62,existence,297.6
152,33,119,payment,337.82
108,70,38,payment,308.74
30,3,27,existence,53.11
130,59,71,debt,330.21
4,1,3,payment,18.62
75,33,42,payment,207.84
103,53,50,debt,266.83
94,92,2,payment,238.87
49,48,1,existence,109.24
48,8,40,debt,126.87
15,8,7,payment,53.95
97,89,8,debt,345.98
125,78,47,existence,253.42
49,12,37,debt,146.47
77,72,5,existence,180.52
141,23,118,payment,216.77
48,32,16,debt,125.88
87,18,69,debt,250.86
42,24,18,debt,142.55
57,37,20,existence,155.74
34,5,29,debt,72.88
67,60,7,existence,207.91
97,66,31,existence,203.09
38,19,19,debt,111.44
30,1,29,payment,46.29
92,24,68,existence,162.54
74,25,49,debt,124.39
83,51,32,payment,246.89
111,22,89,debt,260.22
141,66,75,debt,294.09
121,75,46,payment,424.75
49,18,31,payment,104.44
101,72,29,debt,311.58
141,25,116,debt,324.04
54,8,46,existence,105.69
36,32,4,existence,97.89
142,50,92,existence,338.04
122,102,20,existence,271.8
50,35,15,existence,152.28
8,7,1,existence,22.43
119,102,17,payment,435.77
132,130,2,debt,358.54
147,77,70,debt,268.81
126,126,0,debt,359.34
27,21,6,debt,102.67
45,28,17,payment,141.95
60,2,58,existence,96.11
131,108,23,debt,344.45
40,31,9,existence,98.64
69,61,8,debt,204.51
33,25,8,payment,86.53
32,7,25,existence,50.44
62,30,32,payment,143.42
2,2,0,existence,5.02
129,77,52,debt,277.71
113,32,81,existence,247.11
82,13,69,payment,183.42
77,38,39,payment,186.96
27,3,24,existence,38.46
55,46,9,payment,146.49
114,63,51,debt,335.15
25,19,6,existence,57.99
133,117,16,existence,363.81
83,46,37,payment,196.69
14,3,11,existence,28.19
32,7,25,payment,53.67
7,2,5,payment,33.43
25,9,16,debt,83.48
65,36,29,payment,124.25
2,1,1,existence,5.26
132,103,29,existence,374.2
44,27,17,debt,114.09
120,114,6,existence,444.88
64,58,6,payment,231.81
38,15,23,existence,111.18
50,23,27,existence,125.82
120,49,71,debt,387.12
16,1,15,existence,31.23
144,31,113,payment,351.09
135,5,130,debt,180.12
139,67,72,payment,388.43
65,49,16,payment,209.29
17,10,7,payment,50.59
7,2,5,payment,25.27
74,55,19,existence,200.27
19,17,2,existence,68.24
28,23,5,existence,65.24
145,15,130,existence,271.84
156,124,32,debt,447.25
56,33,23,payment,172.59
31,15,16,payment,75.03
62,56,6,payment,166.6
60,36,24,debt,123.1
126,112,14,existence,268.53
38,2,36,payment,71.09
56,36,20,existence,100.54
20,17,3,debt,76.23
67,61,6,debt,258.58
71,66,5,existence,208.79
33,10,23,payment,71.04
34,6,28,payment,59.82
44,38,6,payment,141.82
17,6,11,existence,36.56
73,30,43,debt,132.17
12,7,5,debt,54.43
104,29,75,existence,245.69
18,9,9,payment,52.97
135,98,37,existence,288.11
63,14,49,debt,197.94
24,22,2,existence,69.57
99,79,20,existence,355.16
5,3,2,existence,9.15
75,63,12,payment,262.61
29,25,4,debt,108.03
123,70,53,debt,379.82
98,80,18,payment,278.77
76,31,45,payment,202.53
130,108,22,payment,356.89
16,3,13,debt,53.01
2,1,1,existence,5.22
64,2,62,payment,98.66
30,5,25,debt,80.01
128,39,89,debt,241.48
67,55,12,existence,155.28
2,1,1,payment,10.92
124,37,87,payment,245.78
81,2,79,debt,189.11
114,102,12,debt,283.91
1,1,0,payment,13.31
70,22,48,existence,204.53
66,11,55,payment,177.01
99,51,48,payment,253.17
106,59,47,debt,318.04
106,82,24,existence,277.96
101,75,26,debt,283.2
92,85,7,payment,226.96
128,64,64,debt,348.12
49,1,48,payment,68.57
78,2,76,existence,140.34
46,9,37,existence,95.09
102,48,54,debt,275.41
28,16,12,payment,75.42
6,5,1,payment,29.42
52,21,31,debt,114.27
136,16,120,existence,196.27
39,22,17,existence,74.92
58,17,41,debt,126.25
54,48,6,existence,193.92
28,7,21,payment,64.76
116,17,99,payment,187.36
117,11,106,debt,307.34
51,3,48,payment,84.39
56,18,38,payment,130.28
9,4,5,existence,18.7
82,5,77,existence,141.72
135,2,133,payment,211.81
2,1,1,debt,20.99
6,1,5,debt,35.19
153,109,44,debt,384.82
76,9,67,existence,146.34
53,45,8,existence,175.39
16,5,11,debt,47.37
30,24,6,debt,110.49
116,114,2,payment,401.62
82,19,63,payment,212.64
78,69,9,debt,223.87
50,8,42,payment,88.58
49,1,48,debt,79.18
15,3,12,existence,39.6
71,26,45,existence,168.16
87,17,70,debt,247.56
106,81,25,existence,308.34
99,52,47,debt,262.04
19,16,3,payment,64.38
133,132,1,debt,412.4
155,116,39,payment,382.48
88,63,25,debt,184.25
81,64,17,existence,153.63
5,5,0,payment,25.4
141,114,27,payment,343.38
117,32,85,debt,220.48
133,126,7,debt,466.93
127,67,60,existence,248.24
141,13,128,debt,261.63
38,31,7,debt,140.41
154,142,12,payment,367.58
154,60,94,debt,459.51
86,80,6,debt,281.91
79,26,53,existence,172.56
54,23,31,debt,179.7
120,96,24,debt,368.49
2,2,0,debt,19.91
97,69,28,debt,179.74
48,21,27,debt,121.06
38,25,13,existence,117.81
140,84,56,debt,316.55
41,16,25,payment,121.14
9,4,5,existence,20.13
32,26,6,debt,111.69
3,1,2,existence,6.01
12,10,2,debt,53.04
142,48,94,existence,280.61
14,4,10,existence,23.62
47,16,31,payment,128.66
145,22,123,debt,270.95
114,101,13,payment,256.99
112,17,95,payment,201.42
103,95,8,debt,331.4
88,33,55,debt,161.35
104,41,63,payment,290.66
16,13,3,payment,45.98
18,6,12,debt,70.6
146,3,143,debt,329.78
104,99,5,debt,272.03
73,11,62,debt,180.63
62,20,42,payment,199.02
147,127,20,debt,475.74
34,10,24,payment,76.53
91,39,52,existence,152.23
101,33,68,existence,181.13
125,98,27,debt,347.83
100,49,51,payment,273.25
88,76,12,existence,300.6
97,91,6,existence,241.48
155,96,59,existence,335.99
80,28,52,payment,159.28
25,19,6,payment,73.5
116,28,88,debt,192.56
64,18,46,debt,199.24
116,25,91,debt,263.55
144,3,141,payment,290.26
72,10,62,existence,170.72
86,76,10,payment,295.42
28,24,4,existence,72.04
39,6,33,payment,120.05
81,14,67,debt,199.41
77,12,65,existence,128.89
29,15,14,payment,89.12
32,6,26,existence,59.4
28,23,5,debt,83.52
7,6,1,payment,30.61
16,11,5,payment,52.15
8,8,0,payment,31.4
111,58,53,payment,374.17
127,6,121,debt,261.92
102,27,75,existence,269.26
128,44,84,debt,272.47
52,24,28,existence,126.68
98,92,6,existence,292.96
11,6,5,payment,36.93
101,49,52,existence,198.11
110,48,62,existence,237.26
15,8,7,payment,55.2
40,24,16,existence,92.71
89,36,53,existence,173.73
24,8,16,debt,62.91
1,1,0,debt,18.56
79,45,34,payment,162.99
157,97,60,debt,395.12
3,3,0,existence,9.05
109,48,61,debt,268.38
60,9,51,payment,139.81
79,6,73,debt,211.41
82,70,12,debt,301.8
44,8,36,existence,110.61
126,61,65,payment,276.54
96,83,13,debt,237.21
60,4,56,debt,128.16
142,54,88,payment,262.59
11,5,6,payment,43.79
4,2,2,debt,26.69
16,1,15,payment,37.56
57,35,22,existence,119.44
144,122,22,debt,363.65
88,29,59,payment,156.41
37,9,28,debt,126.75
92,44,48,debt,290.12
141,64,77,debt,406.93
146,125,21,payment,370.83
78,29,49,debt,257.9
86,42,44,existence,155.82
79,45,34,existence,175.81
87,5,82,payment,170.41
50,41,9,debt,157.76
32,17,15,existence,67.44
7,6,1,debt,28.07
33,33,0,debt,131.54
57,56,1,debt,173.11
74,13,61,payment,157.19
40,27,13,existence,120.5
48,16,32,debt,137.88
56,14,42,debt,101.01
77,61,16,debt,188.6
23,7,16,existence,46.3
3,2,1,existence,7.9
72,47,25,payment,197.18
16,1,15,payment,36.34
118,51,67,existence,279.14
63,49,14,debt,227.19
111,97,14,existence,359.68
130,61,69,debt,320.74
76,13,63,debt,153.12
89,20,69,existence,193.21
71,64,7,debt,207.11
147,137,10,debt,409.93
111,56,55,payment,195.94
148,144,4,existence,469.9
27,16,11,payment,81.16
64,49,15,existence,167.62
58,38,20,payment,173.21
149,104,45,existence,366
130,35,95,payment,269.62
147,8,139,payment,209.01
148,114,34,existence,399.5
85,48,37,payment,261.23
116,116,0,existence,235.6
138,1,137,existence,262.08
5,4,1,debt,24.41
129,46,83,existence,281.22
64,58,6,debt,221.67
88,58,30,payment,174.79
124,55,69,debt,270.13
68,26,42,debt,179.1
111,46,65,existence,284.99
131,64,67,debt,312
123,39,84,existence,259.64
85,4,81,existence,137.9
110,31,79,payment,283.49
67,56,11,existence,205.82
81,35,46,existence,210.35
26,23,3,existence,77.38
62,28,34,existence,113.64
13,4,9,payment,38.6
115,56,59,debt,227.4
21,9,12,existence,48.59
85,34,51,payment,218.23
139,47,92,debt,305.53
22,3,19,debt,54.8
8,2,6,payment,19.99
105,12,93,payment,164.08
66,25,41,payment,171.19
39,21,18,debt,125.43
124,108,16,existence,435.64
56,13,43,existence,112.02
73,41,32,debt,200.32
95,37,58,payment,281.09
138,70,68,payment,291.92
78,43,35,existence,223.39
48,10,38,existence,110.01
64,16,48,payment,97.29
67,46,21,existence,208.6
68,6,62,existence,106.1
13,5,8,payment,51.8
124,92,32,payment,318
10,8,2,existence,27.88
70,66,4,existence,200.58
151,65,86,payment,408.91
122,73,49,payment,286.09
91,22,69,debt,260.89
30,13,17,payment,67.96
20,11,9,payment,53.06
12,4,8,payment,27.86
146,130,16,payment,405.89
53,2,51,debt,82.62
14,10,4,existence,37.64
108,25,83,debt,219.21
137,3,134,debt,204.14
72,66,6,debt,196.51
138,93,45,debt,399.94
104,88,16,payment,356.26
140,24,116,debt,404.97
137,64,73,payment,422.42
41,20,21,debt,83.12
79,8,71,existence,145.02
155,67,88,debt,437.15
38,29,9,payment,109.72
101,48,53,existence,186.68
79,1,78,debt,133.43
108,96,12,existence,338.44
116,99,17,debt,299.94
148,101,47,existence,323.53
34,32,2,existence,87.6
133,5,128,debt,256.76
57,8,49,existence,131.6
58,28,30,existence,112.96
77,24,53,existence,175.56
47,42,5,payment,139.15
117,26,91,existence,223.2
33,15,18,debt,121.42
112,96,16,payment,382.29
102,63,39,payment,239.9
99,89,10,existence,295.85
87,65,22,debt,220.41
88,83,5,debt,257.7
88,41,47,payment,201.19
78,23,55,debt,196.66
73,45,28,debt,236.19
79,76,3,debt,200.03
144,144,0,debt,549.34
56,17,39,debt,126.69
66,2,64,existence,108.1
92,25,67,payment,245.61
11,2,9,existence,21.9
122,102,20,debt,417.49
78,46,32,existence,171.36
95,72,23,payment,213.67
42,34,8,existence,152.75
127,96,31,debt,311.33
112,56,56,existence,186.48
22,11,11,payment,64.31
32,19,13,debt,105.16
69,9,60,debt,112.87
47,12,35,debt,94.69
119,38,81,debt,351.6
55,30,25,debt,176.3
156,68,88,existence,346.73
6,2,4,debt,46.24
16,4,12,existence,34.75
130,112,18,debt,314.16
64,11,53,debt,158.84
4,3,1,payment,21.68
13,8,5,debt,53.97
47,17,30,payment,104.65
64,7,57,debt,117.66
49,13,36,existence,76.58
9,6,3,debt,32.75
44,36,8,debt,147.04
45,39,6,payment,144.63
11,11,0,payment,32.28
110,35,75,debt,289.15
15,10,5,payment,52.99
91,23,68,debt,252.02
117,32,85,debt,305.25
100,78,22,payment,284.06
59,4,55,existence,98.15
157,108,49,payment,325.33
14,7,7,existence,28.88
144,28,116,payment,297.5
145,34,111,existence,257.1
63,2,61,existence,93.79
104,81,23,debt,267.75
34,8,26,payment,54.29
2,2,0,debt,17.12
149,128,21,payment,344.77
106,9,97,debt,289.16
127,35,92,existence,336.43
23,1,22,existence,56.84
33,13,20,debt,75.28
82,18,64,existence,198.29
40,38,2,existence,90.21
50,30,20,payment,112.81
135,99,36,debt,379.39
132,45,87,payment,339.83
142,69,73,payment,279.69
67,12,55,debt,110.15
154,55,99,debt,423.41
131,126,5,payment,487.34
131,23,108,payment,234.37
31,4,27,debt,54.59
91,10,81,payment,189.99
135,10,125,debt,233.38
57,20,37,debt,160.17
139,16,123,debt,201.09
107,16,91,payment,211.51
96,57,39,debt,240.21
81,28,53,payment,231.13
143,8,135,existence,305.03
60,41,19,payment,194.04
32,13,19,debt,94.5
98,73,25,payment,308.9
75,41,34,debt,170.2
120,67,53,debt,305.81
102,45,57,payment,281.63
133,46,87,existence,216.51
108,65,43,payment,271.56
50,41,9,payment,122.2
9,4,5,existence,18.19
85,82,3,debt,294.87
68,54,14,debt,196.76
40,16,24,debt,93.89
49,34,15,payment,177.09
31,21,10,payment,82.71
116,62,54,debt,323.85
49,31,18,debt,152.97
147,54,93,payment,358.95
128,123,5,debt,513.51
155,107,48,debt,399.58
54,24,30,debt,132.28
11,3,8,existence,25.22
15,4,11,payment,56.75
104,89,15,existence,356.29
105,10,95,existence,180.98
61,59,2,existence,157.19
12,5,7,debt,49.83
28,17,11,payment,66.95
11,5,6,payment,37.44
48,8,40,existence,115
118,114,4,debt,390.18
17,15,2,debt,65.22
47,26,21,payment,116.79
92,24,68,payment,211.96
120,58,62,debt,324.43
55,48,7,debt,187.62
109,72,37,existence,236.94
90,64,26,payment,258.25
52,33,19,payment,167.76
96,20,76,debt,239.49
59,22,37,existence,117.66
111,82,29,debt,271.33
72,32,40,payment,211.27
65,5,60,debt,135.58
19,14,5,existence,44.36
10,6,4,payment,39.42
126,12,114,payment,191.85
131,45,86,existence,356.58
107,59,48,debt,293.89
14,1,13,debt,50.05
78,18,60,existence,145.38
1,1,0,existence,3.24
156,154,2,debt,501.87
133,85,48,debt,339.95
61,20,41,debt,127.81
107,30,77,payment,189.45
31,6,25,existence,50.34
140,55,85,existence,359.1
105,13,92,payment,179.86
144,81,63,payment,280.06
100,35,65,payment,293.19
63,8,55,payment,143.86
48,18,30,payment,118.06
68,9,59,debt,159.45
14,1,13,payment,27.36
5,1,4,payment,24.79
25,8,17,debt,85.28
93,75,18,debt,283.28
21,21,0,debt,73.42
138,78,60,debt,307.39
12,11,1,existence,27.42
42,35,7,debt,121.22
41,30,11,payment,95.62
139,46,93,debt,330.32
48,42,6,debt,145.7
42,17,25,existence,113.44
51,18,33,payment,134.53
112,2,110,debt,156.6
2,1,1,debt,28.16
60,3,57,payment,102.88
100,39,61,existence,247.44
52,8,44,payment,78.56
74,65,9,payment,243.18
107,29,78,payment,185.08
54,41,13,existence,175.06
150,101,49,existence,460.3
155,30,125,payment,311.64
123,121,2,existence,428.24
33,23,10,existence,73.74
87,27,60,existence,219.6
131,45,86,debt,251.89
1,1,0,payment,18.3
90,10,80,debt,250.52
100,66,34,existence,198.28
18,3,15,existence,45.76
50,24,26,debt,158.95
151,44,107,existence,254.63
57,20,37,debt,168.55
127,26,101,existence,215.34
112,20,92,existence,220.47
94,67,27,existence,274.17
105,45,60,existence,281.04
2,1,1,payment,13.7
71,11,60,payment,165.6
82,76,6,debt,272.67
57,40,17,payment,180.95
99,1,98,payment,187.42
15,2,13,payment,46.73
69,58,11,payment,220.68
46,2,44,existence,114.67
35,30,5,payment,118.07
101,21,80,existence,154.07
135,110,25,payment,284.06
8,3,5,debt,46.58
124,37,87,debt,190.06
132,34,98,debt,363.41
45,38,7,debt,169.66
28,26,2,payment,88.63
151,93,58,existence,312.84
69,63,6,existence,179.37
114,11,103,debt,287.03
16,15,1,debt,64.17
57,16,41,payment,112.35
34,14,20,existence,77.65
32,11,21,existence,94.93
131,38,93,existence,340.18
49,30,19,debt,152.17
65,37,28,existence,176.9
36,20,16,debt,93.75
115,2,113,payment,292.03
145,10,135,payment,357.94
125,34,91,debt,311.46
124,91,33,debt,346.46
95,8,87,debt,156.89
18,18,0,payment,65.98
146,80,66,existence,268.55
126,88,38,existence,268.22
21,11,10,payment,55.15
111,9,102,debt,296.03
129,78,51,payment,355.48
30,26,4,payment,91.04
86,56,30,payment,273.68
2,2,0,payment,22.23
148,12,136,debt,381.97
123,122,1,debt,315.94
36,28,8,payment,121.53
103,97,6,payment,314.02
89,74,15,existence,279
70,20,50,payment,124.76
68,15,53,payment,171.62
23,13,10,payment,57.12
135,135,0,debt,309.16
119,99,20,existence,346.23
37,14,23,debt,93.55
7,6,1,debt,47.95
111,89,22,debt,349.69
76,34,42,existence,163.08
143,85,58,debt,440.66
22,18,4,existence,74.93
57,11,46,payment,117.35
89,80,9,payment,226.62
104,17,87,existence,138.64
33,2,31,existence,61.43
18,8,10,existence,37.14
41,7,34,debt,93.24
31,21,10,existence,90.48
14,12,2,payment,42.78
99,86,13,existence,205.77
81,18,63,debt,165.3
151,19,132,existence,359.12
111,84,27,existence,334.76
99,85,14,existence,307.3
36,9,27,payment,56.89
4,2,2,debt,25.49
131,42,89,payment,276.22
50,30,20,existence,116.19
156,62,94,existence,358.24
146,51,95,debt,369.61
118,36,82,payment,201.29
23,19,4,payment,69.48
73,45,28,payment,199.38
79,49,30,existence,202.72
49,17,32,debt,111.1
24,12,12,existence,57.63
105,4,101,existence,257.16
16,9,7,existence,30.12
100,88,12,payment,218.51
38,4,34,existence,69.71
127,49,78,payment,248.36
84,13,71,existence,158.57
93,42,51,payment,236.11
25,4,21,payment,49.8
53,9,44,debt,127.7
135,101,34,existence,273.26
136,107,29,payment,317
136,66,70,existence,289.34
82,53,29,debt,256.36
77,44,33,existence,160.22
88,69,19,debt,217.52
2,1,1,debt,28.3
96,15,81,debt,174.47
145,43,102,existence,374.89
90,32,58,existence,268.43
34,10,24,existence,65.34
145,117,28,existence,352.65
37,31,6,payment,90.88
17,10,7,payment,55.71
42,28,14,payment,123.22
11,1,10,debt,40.82
117,52,65,existence,224.27
21,9,12,debt,70.72
1,1,0,payment,10.28
128,18,110,payment,327.48
29,27,2,debt,80.05
157,115,42,existence,383.72
60,16,44,debt,176.55
47,8,39,debt,145.96
105,81,24,existence,258.6
39,27,12,payment,79.75
138,25,113,payment,343.79
8,1,7,payment,24.54
47,31,16,existence,160.27
24,6,18,payment,65.99
13,9,4,existence,32.35
124,85,39,existence,413.19
57,29,28,existence,93.89
33,21,12,existence,62.79
140,57,83,debt,323.59
2,1,1,existence,5.81
136,2,134,existence,252.78
73,21,52,debt,193.17
90,36,54,payment,202.64
37,11,26,payment,96.57
139,79,60,payment,349.07
31,24,7,payment,86.57
13,6,7,payment,42.77
80,70,10,debt,228.24
94,74,20,debt,257.25
93,77,16,debt,270.92
26,18,8,debt,71.54
16,2,14,existence,23.06
147,40,107,debt,412.21
30,25,5,debt,108.22
85,19,66,debt,203.87
56,50,6,existence,161.22
4,4,0,debt,22.55
84,12,72,payment,130.59
116,45,71,payment,262.6
40,30,10,debt,138.6
44,42,2,payment,153.03
100,35,65,payment,232.42
127,123,4,payment,313.56
54,24,30,existence,102.89
155,107,48,debt,444.73
144,16,128,payment,335.23
1,1,0,payment,12.12
27,25,2,existence,86.88
53,17,36,payment,92.31
86,55,31,existence,184.08
40,13,27,debt,86.22
144,73,71,existence,229.23
107,4,103,existence,199.41
88,65,23,debt,287.95
7,2,5,debt,43.18
121,28,93,existence,191.78
100,47,53,existence,179.12
29,28,1,payment,102.69
106,27,79,payment,300.78
109,42,67,debt,265.39
126,101,25,debt,410.93
26,4,22,existence,47.47
73,26,47,existence,190.5
28,27,1,existence,86.78
139,45,94,debt,362.87
61,59,2,debt,150.09
17,2,15,existence,28.6
140,83,57,debt,402.25
124,78,46,payment,394.23
96,57,39,existence,225.8
69,62,7,debt,212.55
73,26,47,debt,209.36
27,7,20,debt,80.76
38,1,37,existence,51.45
95,87,8,debt,308.03
65,18,47,debt,136.79
83,77,6,payment,183.18
79,73,6,payment,260.44
152,19,133,existence,248
58,52,6,debt,222.3
55,30,25,payment,122.36
146,137,9,debt,513.93
69,47,22,existence,139.69
71,18,53,payment,133.72
13,12,1,existence,44.18
61,5,56,debt,123.3
143,62,81,payment,384.47
152,13,139,payment,218.67
78,6,72,payment,137.93
111,44,67,payment,269.65
74,10,64,existence,185.12
92,8,84,existence,181.28
40,5,35,existence,55.09
24,16,8,existence,62.11
72,9,63,existence,188.16
59,1,58,payment,147.71
145,23,122,existence,338.98
4,2,2,payment,25.92
144,91,53,existence,431.56
14,5,9,payment,53.98
1,1,0,payment,21.38
134,102,32,payment,263.09
109,104,5,existence,294.28
29,29,0,existence,91.44
40,6,34,payment,89.25
95,91,4,existence,337.29
70,49,21,existence,191.81
88,37,51,payment,229.74
84,28,56,existence,173.27
128,111,17,debt,308.56
90,20,70,debt,152.08
132,54,78,payment,318.19
139,128,11,existence,511.49
150,145,5,payment,461.75
75,21,54,payment,128.08
39,2,37,payment,71.88
113,106,7,debt,320.67
66,13,53,payment,165.17
86,52,34,existence,237.66
50,2,48,payment,86.14
74,58,16,existence,243.98
51,9,42,payment,111.35
99,74,25,existence,264.1
22,19,3,payment,82.18
98,36,62,debt,241.82
110,107,3,existence,299.5
81,53,28,existence,168.63
100,72,28,payment,298.42
61,43,18,payment,152.62
93,69,24,payment,203.01
24,17,7,existence,78.21
27,2,25,payment,65.85
80,33,47,payment,196.71
7,6,1,debt,41.17
123,84,39,existence,368.91
35,31,4,debt,122.49
53,34,19,existence,126.46
34,32,2,debt,109.41
137,31,106,existence,238.84
48,16,32,debt,122.59
149,134,15,payment,481.72
44,33,11,payment,104.93
80,53,27,existence,172.66
35,12,23,payment,65.28
88,70,18,existence,236.45
4,1,3,payment,15.7
131,94,37,payment,387.29
90,22,68,existence,231.57
15,9,6,debt,48.59
32,9,23,payment,86.19
11,5,6,payment,42.9
65,7,58,debt,128.78
2,1,1,debt,32.53
44,21,23,debt,151.15
107,64,43,existence,251.28
78,58,20,existence,170.99
110,46,64,existence,290.25
102,53,49,payment,252.06
150,57,93,debt,359.61
14,14,0,existence,50.61
146,129,17,debt,313.17
37,33,4,debt,122.2
105,9,96,debt,240.23
74,29,45,payment,158.95
107,106,1,existence,222.19
142,50,92,debt,273.01
29,8,21,payment,77.89
140,73,67,debt,319.18
76,66,10,debt,267.82
74,68,6,existence,223.48
130,70,60,existence,338.93
152,56,96,debt,406.79
30,13,17,payment,75.93
6,4,2,debt,26.78
79,78,1,existence,209.41
37,20,17,debt,148.6
111,11,100,payment,184.32
130,1,129,payment,325.24
44,1,43,debt,79.01
36,3,33,debt,89.14
133,108,25,payment,277.89
88,78,10,existence,279.18
98,61,37,payment,247.47
40,40,0,debt,124.12
77,69,8,payment,215.69
52,29,23,existence,151.27
116,49,67,debt,322.9
19,2,17,existence,24.71
147,92,55,payment,392.17
129,74,55,existence,279.53
31,30,1,payment,133.81
112,48,64,existence,307.6
142,39,103,payment,225.04
34,28,6,payment,114
32,13,19,existence,73.8
50,1,49,existence,108.37
113,60,53,debt,251.7
108,78,30,debt,335.07
141,2,139,payment,293.41
122,16,106,payment,322.18
73,41,32,existence,205.7
121,99,22,payment,361.79
109,39,70,debt,300.39
156,147,9,debt,413.09
83,43,40,debt,209.86
10,9,1,payment,32.99
66,48,18,debt,205
118,79,39,payment,407.92
129,52,77,debt,409.73
144,24,120,debt,343.44
12,6,6,payment,47.89
122,73,49,payment,399.81
109,76,33,payment,250.86
109,54,55,payment,293.5
66,45,21,payment,128.84
62,49,13,existence,195.84
25,25,0,debt,115.14
88,34,54,payment,164.48
64,58,6,payment,162.54
81,44,37,payment,191.95
150,11,139,debt,302.31
21,6,15,existence,55.88
23,21,2,debt,83.8
93,81,12,existence,210.12
116,54,62,payment,295.85
131,15,116,debt,286.81
66,60,6,payment,191.44
95,66,29,debt,207.54
7,3,4,existence,17.35
57,48,9,existence,155.3
80,26,54,debt,220.89
26,5,21,payment,47.27
106,106,0,existence,359.88
30,9,21,payment,77.6
9,3,6,existence,21.79
27,3,24,existence,67.21
154,154,0,payment,418.02
8,3,5,existence,21
43,28,15,payment,143.49
72,41,31,debt,223.87
150,6,144,debt,201.54
135,29,106,existence,212.86
76,71,5,payment,184.13
43,26,17,debt,126.22
8,1,7,debt,44.27
34,7,27,debt,52.72
88,54,34,existence,175.89
44,23,21,existence,103.66
118,14,104,existence,275.76
143,13,130,payment,249.76
31,13,18,debt,97.85
120,46,74,payment,332.48
11,8,3,debt,41.87
44,42,2,debt,141.9
140,29,111,debt,209.74
135,83,52,payment,315.81
70,20,50,debt,197.46
136,67,69,existence,400.3
83,45,38,payment,200.47
69,2,67,payment,158.7
51,16,35,existence,138.98
64,46,18,debt,164.3
153,65,88,existence,351.49
12,8,4,existence,33.94
5,3,2,payment,21.61
38,21,17,payment,97.35
83,44,39,debt,237.56
60,37,23,payment,182.51
86,66,20,existence,272.27
102,45,57,debt,298.85
72,70,2,payment,184.06
60,44,16,debt,212.87
104,56,48,existence,242.99
64,2,62,debt,99.57
134,64,70,payment,386.03
27,27,0,existence,70.29
127,61,66,payment,232.93
151,100,51,existence,404.79
56,8,48,existence,107.55
125,98,27,existence,261.91
155,112,43,payment,463.25
54,2,52,existence,64.38
52,32,20,payment,147.59
139,100,39,debt,394.04
48,21,27,debt,136.47
95,59,36,existence,237.43
138,66,72,debt,461.26
135,9,126,existence,294.27
60,7,53,debt,119.65
127,75,52,existence,267.78
25,25,0,existence,75.52
49,13,36,payment,106.3
44,10,34,payment,90.92
80,14,66,existence,111.98
10,4,6,debt,46.07
130,84,46,payment,358.36
120,96,24,debt,293.73
31,10,21,debt,109.03
133,35,98,existence,301.11
46,16,30,existence,123.59
55,53,2,payment,143.94
36,5,31,debt,94.44
144,61,83,debt,410.33
151,145,6,debt,459.91
74,60,14,debt,261.04
67,31,36,existence,133.57
44,27,17,existence,132.56
60,26,34,payment,156.27
24,22,2,debt,91.46
79,24,55,debt,217.44
134,5,129,existence,282.13
144,127,17,payment,497.1
111,65,46,payment,243.48
107,107,0,debt,342.56
12,6,6,existence,30.6
99,92,7,debt,256.47
131,98,33,payment,354.93
143,87,56,payment,399.85
142,121,21,existence,315.81
63,57,6,payment,232.16
118,27,91,debt,230.07
114,33,81,payment,295.79
31,31,0,payment,125.17
34,31,3,payment,123.54
45,15,30,debt,105
28,21,7,existence,75.87
115,35,80,payment,247.73
127,63,64,existence,386.67
4,4,0,existence,14.29
75,68,7,existence,226.15
22,18,4,existence,68.57
132,123,9,existence,348.75
116,17,99,payment,322.39
142,14,128,payment,206.5
103,15,88,existence,149.54
13,13,0,existence,43.7
127,32,95,debt,367.4
88,12,76,existence,158.81
42,9,33,payment,89.11
18,3,15,payment,34.81
47,27,20,existence,143.8
94,86,8,payment,304.8
123,83,40,payment,345.3
53,27,26,debt,137.26
20,17,3,payment,47.41
20,1,19,debt,60.69
27,1,26,existence,53.26
143,143,0,existence,534.4
128,67,61,existence,252.32
98,30,68,existence,193.16
95,87,8,debt,292.24
78,10,68,payment,144.16
48,10,38,existence,90.03
122,72,50,existence,296.72
16,10,6,debt,64.22
106,33,73,debt,190.01
143,7,136,existence,342.48
151,88,63,payment,393.31
120,109,11,existence,315.34
3,2,1,existence,6.99
124,122,2,debt,323.84
85,3,82,debt,236.38
118,16,102,payment,173.37
112,28,84,payment,266.01
46,23,23,payment,98.25
27,7,20,existence,59.93
65,37,28,existence,125.74
115,65,50,payment,340.99
134,125,9,debt,339.42
155,68,87,debt,443.7
23,15,8,payment,66.67
127,21,106,payment,289.06
136,17,119,existence,338.82
8,8,0,payment,29.88
19,1,18,payment,34.29
26,1,25,payment,74.78
38,23,15,payment,117.76
5,2,3,debt,34.18
64,44,20,payment,124.83
80,22,58,payment,169.71
75,53,22,payment,233.96
33,4,29,payment,60.11
156,119,37,payment,403.79
79,21,58,debt,228.42
152,41,111,existence,240.08
122,86,36,existence,390.32
135,114,21,payment,475.04
63,3,60,payment,159.03
87,61,26,existence,198.11
135,19,116,payment,243.37
10,5,5,existence,15.58
37,22,15,existence,82.52
84,69,15,payment,286.21
28,22,6,payment,99.07
153,11,142,existence,344.68
59,51,8,debt,151.1
31,6,25,existence,68.24
142,68,74,debt,420.16
11,9,2,payment,45.62
44,30,14,debt,102.7
133,15,118,existence,173.44
145,70,75,existence,358.42
44,30,14,payment,127.26
40,15,25,existence,70.88
133,1,132,debt,285.69
33,9,24,payment,97.32
28,13,15,existence,74.9
126,89,37,debt,296.27
130,104,26,existence,406.72
87,72,15,payment,238.51
87,8,79,debt,203.3
89,44,45,payment,193
33,21,12,payment,102.33
142,27,115,debt,260.89
134,43,91,debt,359.36
26,11,15,debt,77.5
3,2,1,payment,22.4
150,54,96,existence,402.49
89,50,39,existence,219.61
91,48,43,debt,304.99
99,48,51,debt,314.79
26,8,18,payment,83.66
108,99,9,debt,298.83
147,57,90,debt,383.75
41,4,37,debt,103.18
86,59,27,debt,244.68
33,23,10,payment,109.37
148,28,120,payment,249.38
63,7,56,debt,161.3
119,7,112,payment,309.92
135,8,127,existence,186.28
120,43,77,debt,290.21
142,52,90,payment,405.52
138,101,37,debt,260.87
109,60,49,debt,348.16
6,3,3,debt,41.71
62,10,52,payment,158.51
123,45,78,debt,293.58
119,97,22,debt,335.26
103,34,69,existence,191.09
40,31,9,payment,126.2
67,4,63,payment,157.29
99,58,41,debt,221.57
136,126,10,existence,417.23
42,27,15,existence,93.27
106,35,71,debt,213.32
101,44,57,existence,266.78
100,72,28,payment,283.53
23,17,6,payment,74.84
100,6,94,debt,267.79
154,60,94,debt,259.8
120,106,14,existence,344.5
141,50,91,payment,390.87
95,44,51,existence,219.8
79,3,76,debt,164.58
133,11,122,payment,235.48
75,17,58,debt,147.66
41,33,8,payment,111.76
73,26,47,payment,228.25
104,84,20,existence,300.8
26,10,16,payment,78.5
50,50,0,payment,190.94
47,30,17,debt,127.25
119,98,21,debt,298.4
122,53,69,debt,315.93
121,88,33,debt,329.62
88,16,72,payment,191.08
67,28,39,debt,175.99
4,1,3,debt,23.89
121,116,5,existence,301.05
153,82,71,payment,401.17
6,1,5,existence,9.08
28,7,21,debt,62.08
96,29,67,debt,241.8
30,29,1,debt,106.33
46,2,44,debt,85.45
67,23,44,debt,143.4
86,17,69,debt,148.49
132,79,53,existence,246.7
131,79,52,existence,272.7
36,12,24,existence,94.95
139,59,80,debt,278.97
30,5,25,existence,44.27
8,7,1,debt,41.16
47,10,37,existence,112.35
30,13,17,existence,56.43
106,50,56,existence,292.7
101,49,52,debt,266.63
28,11,17,existence,44.91
35,3,32,existence,68.78
142,93,49,existence,317.91
23,16,7,existence,66.33
128,44,84,debt,242.41
33,3,30,payment,81.83
41,20,21,payment,97.04
56,15,41,debt,160.5
54,24,30,payment,116.58
147,108,39,existence,521.41
56,9,47,debt,158.51
88,53,35,debt,266.97
97,27,70,existence,177.98
60,10,50,payment,139.1
111,106,5,payment,279.12
96,14,82,existence,132.94
14,10,4,debt,55.27
138,63,75,debt,376.53
7,5,2,debt,26.16
112,41,71,existence,185.75
57,43,14,payment,149.11
14,3,11,payment,37.43
17,15,2,existence,48.59
127,5,122,payment,176.22
154,5,149,existence,356.83
92,6,86,payment,223.6
8,6,2,existence,21.53
42,31,11,payment,150.98
83,70,13,payment,229.6
29,12,17,debt,107.78
40,6,34,debt,79.84
115,18,97,debt,211.96
86,67,19,payment,212.81
153,94,59,payment,401.59
86,68,18,existence,234.24
108,90,18,debt,319.98
3,2,1,existence,7.07
124,104,20,debt,265.68
113,8,105,debt,192.84
94,60,34,debt,197.33
115,95,20,existence,362.32
121,46,75,existence,209.9
18,2,16,debt,54.45
47,43,4,existence,157.95
89,17,72,payment,256.89
28,10,18,payment,76.42
19,17,2,existence,47.75
152,20,132,debt,399.38
10,1,9,existence,25.12
61,33,28,existence,131.95
3,2,1,existence,7.54
64,22,42,existence,142.66
92,1,91,payment,164.51
121,107,14,debt,322.89
76,16,60,debt,206.34
113,110,3,payment,377.24
44,22,22,existence,77.94
129,128,1,existence,293.44
44,10,34,existence,73.66
137,33,104,payment,299.05
100,34,66,payment,213.67
121,59,62,existence,219.03
64,48,16,debt,179.61
87,41,46,debt,244.91
153,123,30,existence,373.71
70,66,4,payment,181.14
60,57,3,debt,152.84
100,27,73,existence,222.67
77,62,15,existence,224.72
73,44,29,existence,208.68
79,70,9,existence,224.1
38,35,3,debt,135.9
157,122,35,debt,493.64
59,15,44,existence,95.74
12,9,3,payment,32.54
76,46,30,debt,176.43
2,2,0,existence,6.37
7,6,1,debt,40.61
106,57,49,debt,277.64
59,23,36,debt,178.9
131,130,1,debt,453.44
105,4,101,debt,226.38
58,52,6,debt,231.86
74,29,45,payment,202.06
40,28,12,existence,83.25
79,68,11,debt,235.8
156,21,135,existence,372.55
51,5,46,existence,95.89
143,63,80,existence,283.52
121,69,52,payment,266.86
104,49,55,debt,216.73
119,10,109,existence,286.99
80,73,7,payment,206.88
73,25,48,existence,194.54
115,81,34,payment,248.4
72,10,62,payment,176.24
63,53,10,payment,237.92
15,4,11,debt,50.58
76,7,69,payment,171.21
64,6,58,existence,110.05
6,2,4,payment,30.71
20,10,10,existence,51.02
39,6,33,existence,69.55
18,15,3,payment,72
48,46,2,debt,119.33
130,64,66,debt,371.72
72,16,56,existence,146.54
72,31,41,payment,212.41
15,15,0,existence,45.06
75,33,42,existence,171.06
15,9,6,debt,59.22
92,50,42,payment,192.9
97,51,46,existence,222.82
6,3,3,debt,44.33
52,1,51,existence,87.68
69,17,52,payment,143.74
60,37,23,debt,180.71
14,5,9,debt,61.24
128,24,104,debt,216.9
41,4,37,debt,105.5
4,3,1,debt,31.62
37,35,2,existence,106.91
156,131,25,debt,420.89
95,65,30,existence,233.74
85,74,11,payment,221.55
109,90,19,payment,323.96
44,15,29,debt,122.44
149,9,140,existence,371.14
84,15,69,existence,149.25
144,54,90,payment,422.96
61,21,40,debt,160.68
117,66,51,existence,257.96
58,6,52,payment,161
41,25,16,payment,105.53
66,42,24,payment,170.94
66,10,56,debt,118.85
150,42,108,existence,248.6
7,6,1,existence,24.22
74,15,59,payment,195.81
53,44,9,debt,165.67
109,93,16,existence,267.4
102,7,95,payment,246.71
114,94,20,debt,250.06
79,56,23,payment,221.92
156,144,12,existence,409.64
139,63,76,existence,291.83
88,60,28,payment,229.09
92,47,45,payment,192.23
82,63,19,debt,198.37
97,26,71,payment,240.5
29,2,27,debt,62.3
84,82,2,payment,231.19
149,48,101,debt,373.53
113,65,48,payment,348.6
103,13,90,existence,129.68
133,53,80,debt,300.83
123,17,106,payment,296.88
65,55,10,debt,230.25
91,77,14,payment,187.87
11,7,4,existence,23.1
86,34,52,debt,220.86
122,26,96,payment,297.1
26,20,6,existence,57.78
131,7,124,payment,241.05
26,12,14,existence,51.14
137,88,49,payment,276.23
107,34,73,payment,293.43
26,23,3,existence,76.27
16,6,10,payment,38.27
104,45,59,payment,239.14
13,8,5,debt,39.15
71,65,6,payment,183.92
36,5,31,existence,93.9
152,80,72,existence,300.52
113,80,33,existence,236.61
141,118,23,payment,372.65
19,10,9,existence,42.34
127,18,109,payment,263.24
17,11,6,payment,49.19
48,11,37,payment,92.11
97,68,29,payment,249.28
56,21,35,payment,105.72
29,26,3,existence,88
88,80,8,payment,214.92
153,57,96,existence,375.58
100,22,78,existence,174.41
137,31,106,payment,304.87
61,30,31,existence,146.65
57,8,49,payment,138.35
100,58,42,payment,201.96
102,84,18,payment,298.51
86,53,33,debt,269.61
141,102,39,payment,398.25
60,25,35,payment,138.67
15,5,10,payment,48.8
18,7,11,existence,45.82
31,11,20,debt,81.36
110,96,14,debt,284.8
4,2,2,payment,19.73
14,2,12,payment,34.68
31,8,23,debt,95.98
49,37,12,debt,180.21
13,12,1,debt,56.74
15,14,1,debt,57.78
142,122,20,payment,277.9
11,5,6,existence,25.98
54,31,23,existence,140.21
107,71,36,existence,273.07
77,69,8,existence,196.58
81,25,56,existence,134.88
44,14,30,debt,131.58
157,131,26,debt,410.25
18,14,4,payment,49.15
30,8,22,payment,93.99
68,6,62,existence,155.95
78,3,75,debt,165.19
8,7,1,debt,50.55
129,42,87,debt,239.08
69,12,57,existence,120.34
67,37,30,debt,198.7
4,3,1,debt,23.04
1,1,0,debt,30.45
26,20,6,existence,48.47
134,19,115,existence,257.28
33,32,1,debt,109.7
102,9,93,debt,147.53
89,21,68,payment,192.71
91,21,70,payment,243.64
131,24,107,debt,267.72
77,50,27,existence,172.59
89,65,24,payment,300.13
81,80,1,debt,259.64
18,4,14,debt,59.99
134,133,1,payment,390.44
35,10,25,existence,88.44
27,26,1,debt,97.16
71,46,25,existence,190.94
20,6,14,payment,58.37
10,2,8,existence,26.43
110,82,28,payment,220.48
98,67,31,debt,251.06
113,31,82,existence,321.12
49,1,48,payment,107.35
39,21,18,debt,125.46
157,156,1,debt,438.57
129,86,43,payment,269.99
117,74,43,debt,263.19
3,2,1,payment,15.14
62,46,16,debt,176.9
12,3,9,payment,34.58
71,45,26,debt,175.96
115,40,75,existence,170.42
66,43,23,payment,179.06
109,7,102,existence,212.44
61,19,42,payment,131.86
56,34,22,existence,112.31
154,117,37,payment,400.6
10,8,2,existence,23.38
61,53,8,payment,208.9
6,3,3,payment,32.53
78,62,16,payment,206.6
126,12,114,debt,189.63
135,108,27,existence,373.36
105,102,3,payment,367.83
66,48,18,debt,187.39
40,40,0,debt,150.77
27,20,7,existence,65.33
39,19,20,payment,104.7
127,118,9,existence,431.22
117,40,77,payment,230.48
107,29,78,debt,259.01
47,39,8,debt,124.76
110,6,104,debt,173.17
65,17,48,debt,178.08
125,60,65,debt,372.45
77,63,14,debt,256.6
109,62,47,payment,247.85
39,4,35,debt,120.7
2,1,1,payment,20.82
58,14,44,existence,98.1
69,56,13,existence,235.33
96,81,15,existence,219.8
25,18,7,existence,81.46
68,48,20,debt,223.61
98,20,78,existence,218.29
52,17,35,payment,127.32
20,7,13,existence,43.63
146,115,31,existence,323.81
101,63,38,payment,242.93
82,73,9,payment,260.07
2,1,1,payment,21.31
109,41,68,debt,238.85
119,81,38,existence,319.52
26,17,9,payment,62.2
105,39,66,debt,246.34
65,26,39,existence,180.13
19,8,11,debt,69.65
131,98,33,debt,329.87
139,122,17,debt,291.31
136,102,34,payment,388.2
30,3,27,debt,64.83
156,6,150,existence,324.25
90,31,59,debt,165.48
48,19,29,payment,158.44
118,62,56,existence,364.27
47,8,39,existence,123.87
27,24,3,existence,56.96
124,78,46,debt,394.19
123,27,96,existence,209.55
69,47,22,debt,207.22
104,27,77,payment,169.07
69,32,37,debt,166.79
153,91,62,debt,444.76
77,42,35,existence,211.93
48,13,35,payment,86.97
28,7,21,payment,80.45
105,99,6,existence,361.39
75,24,51,payment,137.57
129,6,123,debt,335.4
8,5,3,debt,34.76
71,40,31,debt,201.18
52,47,5,debt,144.78
75,33,42,payment,142.75
97,31,66,existence,166.91
99,21,78,existence,232.85
68,47,21,existence,189.12
122,68,54,existence,326.7
22,18,4,existence,39.5
77,8,69,debt,136
95,63,32,debt,263.91
146,44,102,payment,293.01
116,96,20,debt,244.89
112,78,34,debt,284.53
41,32,9,payment,131.24
103,91,12,payment,248.08
55,23,32,debt,177.15
84,75,9,existence,266.67
27,18,9,debt,81.45
30,19,11,payment,88.66
152,15,137,debt,382.17
72,48,24,existence,184.37
91,17,74,payment,242.63
92,52,40,debt,193.36
66,21,45,debt,128.11
32,9,23,debt,90.23
34,31,3,existence,120.4
43,28,15,existence,116.2
56,17,39,existence,85.71
91,69,22,payment,287.21
35,11,24,debt,105.69
128,13,115,payment,343.97
104,35,69,existence,222.08
19,15,4,debt,79.46
157,76,81,payment,475.05
94,64,30,debt,286.19
44,25,19,existence,86.48
62,49,13,payment,144
133,44,89,existence,364.23
38,21,17,payment,104.35
99,61,38,existence,223.46
154,77,77,existence,396.42
43,17,26,existence,77.62
138,3,135,payment,272.53
20,5,15,existence,45.54
86,51,35,payment,217.68
67,59,8,existence,155.64
8,4,4,payment,25.36
75,55,20,payment,263.03
70,42,28,payment,202.16
157,111,46,payment,352.25
22,10,12,payment,61.66
42,37,5,existence,93.62
78,6,72,debt,211.94
108,96,12,existence,238.61
126,73,53,debt,371.84
86,31,55,debt,168.64
56,39,17,existence,144.45
13,7,6,debt,67.89
48,42,6,existence,152.9
155,37,118,debt,372.38
111,55,56,existence,278.4
37,20,17,debt,113.29
86,11,75,payment,217.16
134,35,99,existence,245.31
65,52,13,existence,191.32
126,64,62,payment,388.99
58,13,45,payment,128.15
91,41,50,existence,179.76
85,16,69,payment,178.6
70,66,4,debt,210.25
122,122,0,existence,367.01
49,45,4,existence,159.1
37,30,7,debt,114.05
97,32,65,debt,245.25
104,49,55,debt,326.4
44,28,16,existence,136.62
26,21,5,debt,62.95
113,17,96,payment,302.81
29,26,3,existence,88.6
118,16,102,debt,209.39
1,1,0,payment,7.82
90,70,20,debt,309.39
19,11,8,existence,46.54
76,56,20,existence,173.35
81,46,35,payment,165.3
6,5,1,debt,38.19
69,17,52,payment,107.69
147,134,13,payment,506.38
46,42,4,payment,130.78
3,2,1,payment,25.11
115,40,75,debt,267.15
130,130,0,existence,410.71
154,132,22,existence,414.42
116,34,82,existence,239.35
17,15,2,debt,43.9
8,5,3,payment,32.38
143,100,43,debt,322.34
57,32,25,existence,150.62
105,77,28,payment,294.92
107,79,28,payment,334.62
78,59,19,debt,204.1
46,25,21,payment,111.8
72,56,16,payment,159.33
76,30,46,debt,243.17
2,1,1,existence,4.67
3,1,2,debt,18.22
154,74,80,existence,346.02
87,36,51,payment,247.96
92,10,82,existence,136.12
91,8,83,payment,174.92
78,50,28,existence,173.48
35,30,5,existence,99.51
65,62,3,debt,205.73
85,9,76,existence,156.75
35,35,0,existence,68.64
22,3,19,payment,60.71
21,8,13,existence,51.14
45,18,27,payment,108.06
53,37,16,debt,124.98
77,4,73,debt,205.33
57,2,55,debt,112.2
127,90,37,existence,389.66
139,121,18,existence,431.84
32,31,1,existence,98.14
42,24,18,existence,104.28
4,2,2,existence,12.11
52,40,12,existence,98.29
76,40,36,debt,231.32
122,18,104,existence,176.97
54,39,15,existence,125.77
135,15,120,payment,325.45
134,72,62,debt,280.67
59,5,54,payment,90.77
79,1,78,payment,125.96
66,51,15,payment,172.36
86,45,41,existence,146.99
46,6,40,debt,112.91
86,14,72,existence,206.29
46,38,8,existence,97.81
76,55,21,debt,190.57
131,64,67,payment,364.95
38,15,23,existence,62.97
134,96,38,debt,314.95
76,64,12,payment,200.6
8,7,1,debt,28.87
30,26,4,payment,105.84
22,16,6,debt,83.71
65,39,26,debt,194.1
116,102,14,payment,390.82
115,16,99,payment,202.88
62,55,7,payment,211.19
31,2,29,debt,76.64
140,129,11,payment,453.77
94,38,56,payment,279.7
93,2,91,debt,187.66
91,59,32,existence,257.67
128,34,94,debt,280.06
98,79,19,existence,299.7
35,4,31,payment,99.8
15,9,6,payment,53.35
105,9,96,existence,206.9
37,29,8,payment,124.92
96,30,66,existence,137.82
89,27,62,debt,168.85
40,22,18,existence,108.29
119,60,59,payment,354.37
22,8,14,payment,61.95
52,51,1,debt,198.73
67,11,56,payment,111.46
152,2,150,payment,244.27
98,81,17,existence,223.6
126,42,84,debt,210.5
119,109,10,existence,360.33
71,59,12,payment,209.34
122,58,64,existence,227.04
82,42,40,debt,237.97
28,15,13,debt,85.48
108,91,17,debt,255.29
77,18,59,existence,148.11
117,23,94,existence,203.36
30,2,28,payment,57.03
129,22,107,existence,339.95
117,100,17,debt,354.37
81,70,11,debt,220.35
79,61,18,existence,237.31
84,47,37,debt,269.5
120,61,59,debt,230.66
157,121,36,payment,438.07
96,90,6,payment,231.54
62,16,46,payment,159.58
131,112,19,debt,469.19
30,21,9,debt,93.01
84,55,29,debt,219.91
54,47,7,debt,141
19,17,2,payment,68.5
11,2,9,existence,18.34
84,41,43,existence,202.37
114,19,95,existence,175.66
65,49,16,debt,213.03
116,77,39,existence,296.77
52,36,16,existence,151.92
6,3,3,existence,12.2
146,47,99,payment,336.5
94,24,70,debt,269.76
150,8,142,debt,271.88
79,61,18,existence,188.59
38,37,1,payment,116.45
100,74,26,existence,291.26
81,46,35,debt,181.35
42,14,28,debt,115.5
6,5,1,debt,30.48
148,37,111,payment,365.58
103,81,22,existence,311.86
87,15,72,existence,163.53
152,39,113,debt,358.34
37,30,7,payment,142.28
95,55,40,debt,221.89
50,41,9,existence,127.21
79,21,58,payment,185.97
139,36,103,existence,358.79
149,62,87,debt,314.03
110,1,109,debt,151.96
139,6,133,existence,280.58
87,13,74,payment,197.99
86,14,72,debt,161.93
50,22,28,payment,160.35
130,32,98,debt,317.12
50,30,20,debt,158.96
94,65,29,existence,231.54
150,47,103,existence,277.82
141,43,98,existence,260.99
136,45,91,existence,280.7
118,66,52,payment,350.41
97,84,13,debt,259.38
33,9,24,payment,60.79
92,80,12,payment,326.26
117,32,85,debt,269.12
126,49,77,payment,188.17
9,4,5,debt,44.67
66,62,4,payment,258.69
129,122,7,payment,390.06
45,22,23,payment,101.71
101,19,82,existence,244.58
52,45,7,payment,180.06
149,63,86,debt,408.46
32,7,25,debt,67.39
45,42,3,existence,136.93
5,3,2,existence,13.38
33,23,10,payment,104.01
94,55,39,debt,256.57
123,79,44,payment,404.42
1,1,0,payment,20.96
16,15,1,existence,31.59
36,14,22,payment,110.57
91,77,14,existence,192.43
91,33,58,debt,274.52
30,23,7,payment,116.95
153,92,61,existence,449.93
73,36,37,debt,165.76
33,28,5,debt,149.06
6,5,1,payment,36.66
149,34,115,payment,314.83
89,30,59,debt,179.96
123,115,8,payment,280.99
93,75,18,existence,209.09
66,65,1,payment,233.14
149,87,62,debt,350.93
56,11,45,existence,93.99
25,2,23,payment,54.47
57,17,40,existence,92.91
37,34,3,existence,120.86
150,74,76,existence,313.78
58,24,34,payment,131.57
124,52,72,payment,349.7
71,18,53,debt,138.75
1,1,0,debt,28.93
51,9,42,debt,131.98
137,46,91,debt,412.9
56,30,26,existence,154.09
28,12,16,existence,58.11
43,43,0,debt,144.27
106,103,3,payment,380.3
97,11,86,debt,152.62
47,8,39,existence,86.53
55,32,23,existence,162.61
18,10,8,payment,50.48
86,51,35,payment,190.92
46,40,6,payment,145.66
64,22,42,payment,108.75
75,54,21,debt,137.39
85,67,18,payment,224.97
139,131,8,existence,401.32
133,25,108,debt,217.86
118,42,76,existence,275.08
78,29,49,debt,167.04
41,33,8,debt,146.36
8,6,2,existence,20.36
31,13,18,payment,89.77
140,22,118,payment,343.31
154,52,102,debt,374.21
86,25,61,existence,127.31
96,40,56,debt,182.61
65,34,31,payment,206.94
29,21,8,debt,97.04
151,46,105,debt,334.4
90,31,59,debt,161.71
66,7,59,payment,101.91
150,150,0,existence,343.84
43,4,39,payment,82
1,1,0,debt,13.84
54,12,42,payment,95.28
57,6,51,payment,138.09
138,30,108,debt,300.48
156,75,81,existence,333.24
105,2,103,debt,264.39
70,16,54,debt,142.73
134,41,93,existence,276.76
50,13,37,existence,111.88
116,57,59,debt,249.21
59,50,9,existence,116.13
34,11,23,payment,72.59
123,122,1,payment,403.1
20,16,4,existence,58.49
112,22,90,debt,262.32
61,59,2,debt,209.3
118,50,68,existence,221.02
129,76,53,debt,430.05
99,58,41,payment,282.07
35,5,30,existence,89.86
57,9,48,payment,119.23
142,13,129,debt,222.63
25,2,23,existence,47.01
4,1,3,payment,22.46
51,7,44,debt,121.69
102,94,8,payment,340.98
61,57,4,debt,224.12
7,7,0,debt,41
148,87,61,payment,339.2
115,61,54,debt,338.79
15,13,2,debt,59.52
16,3,13,payment,54.52
85,40,45,debt,241.53
144,23,121,existence,343.99
138,10,128,debt,205.3
111,22,89,debt,234.62
142,97,45,existence,417.03
4,1,3,debt,20.62
54,13,41,payment,99.04
20,17,3,existence,49.34
153,122,31,payment,526.28
22,6,16,payment,60.83
143,119,24,payment,348.93
107,44,63,debt,253.85
39,15,24,existence,74.5
130,73,57,debt,295.44
20,13,7,payment,60.45
33,27,6,payment,107.61
4,4,0,existence,14.02
128,64,64,debt,351.17
140,113,27,debt,317.12
154,90,64,payment,370.73
89,34,55,payment,232.48
62,57,5,payment,169.01
117,44,73,payment,358.53
6,5,1,debt,41.28
145,27,118,payment,335.7
147,108,39,payment,441.61
13,2,11,debt,44.72
67,8,59,debt,124.92
73,73,0,existence,264.16
44,1,43,existence,75.76
27,2,25,debt,78.03
105,40,65,debt,283.05
25,2,23,debt,56.04
39,22,17,existence,116.23
122,20,102,payment,193.69
133,43,90,debt,266.66
41,23,18,debt,118.61
62,32,30,payment,198.3
46,21,25,payment,140.92
12,6,6,debt,49.63
41,4,37,debt,112.37
135,18,117,payment,301.71
111,38,73,debt,247.13
104,100,4,existence,388.77
111,96,15,payment,254.05
113,65,48,payment,214.73
69,63,6,existence,221.45
20,15,5,existence,57.62
31,3,28,debt,88.06
12,9,3,debt,48.1
82,79,3,payment,219.42
11,11,0,debt,69.37
98,49,49,existence,285.62
59,58,1,existence,179.84
122,12,110,existence,234.77
155,77,78,payment,333.45
31,11,20,debt,99.88
135,59,76,payment,392.82
155,125,30,payment,515.16
40,13,27,payment,103.54
67,37,30,payment,224.66
156,116,40,existence,524.99
120,106,14,existence,353.09
20,18,2,debt,79.01
84,49,35,existence,174.87
12,6,6,debt,39.03
50,44,6,payment,189.92
46,26,20,payment,83.75
127,101,26,existence,357.3
104,61,43,debt,194.57
45,24,21,debt,119.75
77,60,17,existence,241.3
111,7,104,payment,173.33
104,25,79,debt,235.05
156,22,134,payment,340.39
53,30,23,existence,109.86
84,75,9,payment,261.04
136,112,24,existence,327.56
145,102,43,debt,329.95
119,52,67,existence,213.68
34,20,14,payment,71.92
138,82,56,debt,303.26
20,19,1,payment,71.07
153,139,14,payment,574.98
83,52,31,existence,256.06
66,35,31,debt,200.46
51,12,39,existence,112.06
20,9,11,debt,65.8
22,5,17,existence,54.25
53,9,44,debt,116.97
147,29,118,payment,322.86
12,2,10,payment,46.16
62,26,36,payment,110.39
145,68,77,existence,365.53
108,35,73,existence,305.46
88,12,76,debt,169.38
50,33,17,debt,170.9
120,34,86,debt,227.64
7,2,5,payment,25.57
16,12,4,payment,61.71
32,18,14,debt,113.36
109,47,62,debt,319.1
77,48,29,debt,244.34
36,12,24,existence,77.11
66,48,18,payment,170.82
113,26,87,payment,221.85
10,3,7,debt,45.31
14,1,13,payment,41.26
135,97,38,debt,332.1
5,4,1,existence,11.05
110,103,7,existence,340.43
125,19,106,debt,241.51
156,122,34,debt,472.67
53,10,43,existence,122.08
116,68,48,debt,225.58
138,47,91,existence,256.88
69,18,51,debt,144.24
62,58,4,debt,161.2
49,30,19,debt,139.94
25,16,9,existence,68.75
103,81,22,existence,354.06
77,46,31,debt,233.57
22,10,12,payment,45.21
98,51,47,debt,334.9
83,36,47,payment,246.89
51,48,3,payment,153.73
53,7,46,debt,136.67
36,18,18,payment,84.69
33,18,15,payment,68.19
3,2,1,debt,33.14
53,46,7,debt,143.89
1,1,0,payment,19.06
122,57,65,payment,353.99
98,40,58,debt,198.31
143,4,139,existence,187.28
7,7,0,debt,31.36
95,6,89,payment,216.34
74,71,3,payment,176.93
87,13,74,debt,229.5
79,64,15,debt,204.87
130,18,112,debt,350.13
25,9,16,debt,65.94
74,12,62,existence,96.62
39,8,31,existence,97.71
19,3,16,debt,71.4
21,1,20,payment,63.54
142,114,28,debt,383.93
37,3,34,existence,89.19
110,17,93,existence,215.77
41,11,30,existence,95.45
36,9,27,existence,58.78
113,91,22,debt,417.45
108,85,23,existence,346.93
5,2,3,payment,17.36
90,3,87,debt,153.62
73,17,56,debt,203.75
148,15,133,payment,219.24
33,7,26,debt,91.76
18,4,14,existence,25.25
59,25,34,existence,138.81
147,19,128,payment,273.12
27,15,12,debt,76.71
6,3,3,existence,16.79
112,112,0,debt,332.76
73,5,68,existence,107.39
69,43,26,debt,172.13
47,45,2,debt,125.43
96,20,76,payment,142.68
45,44,1,payment,172.89
36,11,25,existence,68.2
108,35,73,debt,254.06
145,1,144,existence,354.36
118,11,107,payment,230.01
27,19,8,existence,80.16
101,70,31,debt,250.72
56,2,54,debt,111
100,20,80,debt,165.32
26,9,17,payment,83.35
28,11,17,payment,72.76
149,29,120,existence,310.98
110,36,74,debt,264.74
143,98,45,payment,314.02
99,80,19,debt,253.35
20,15,5,debt,84.72
3,1,2,debt,28.14
36,7,29,existence,84.99
42,41,1,debt,141.89
53,28,25,payment,171.4
53,33,20,payment,154.2
149,63,86,existence,316.49
17,17,0,debt,66.49
65,43,22,payment,194.05
10,4,6,payment,26.62
6,6,0,debt,44.84
157,20,137,existence,302.07
48,20,28,payment,102.53
39,14,25,payment,118.07
65,11,54,debt,141.59
133,73,60,existence,331.61
35,27,8,payment,115.38
88,53,35,payment,184.22
73,12,61,debt,182.67
49,1,48,existence,63.93
139,96,43,payment,428.45
122,121,1,debt,374.01
52,8,44,existence,88.1
138,129,9,payment,412.85
119,58,61,debt,299.56
36,13,23,debt,79.51
49,40,9,debt,162.82
84,48,36,debt,273.91
44,10,34,debt,104.3
120,5,115,debt,308.81
117,2,115,payment,271.81
135,85,50,debt,379.14
68,48,20,debt,202.57
60,12,48,existence,96.89
34,12,22,existence,74.64
27,15,12,existence,51.22
17,1,16,existence,26.14
36,18,18,existence,98.08
61,3,58,debt,165.81
1,1,0,existence,3.44
29,11,18,existence,61.23
19,8,11,payment,63.4
5,3,2,existence,11.11
113,83,30,debt,383.02
46,19,27,existence,135.42
148,19,129,payment,314.47
3,3,0,existence,8.09
33,24,9,payment,87.89
103,17,86,debt,259.92
14,6,8,existence,34.07
128,40,88,debt,250.11
74,6,68,debt,116.71
153,50,103,existence,304.94
138,11,127,payment,340.38
69,33,36,debt,172.36
80,48,32,debt,262.13
79,49,30,existence,226.6
86,41,45,existence,204.35
69,67,2,debt,226.77
6,4,2,existence,18.49
146,71,75,payment,246.42
152,36,116,debt,343.43
81,64,17,existence,241.62
45,16,29,debt,108.54
97,15,82,existence,229.52
99,2,97,debt,194.11
27,15,12,debt,98.41
16,16,0,payment,73.3
121,10,111,debt,323.52
65,54,11,payment,208.49
84,83,1,payment,234.78
52,47,5,existence,128.24
152,74,78,existence,272.53
142,74,68,existence,270
138,97,41,payment,337.98
36,10,26,payment,107.3
23,21,2,payment,78.92
122,61,61,existence,365.3
84,80,4,payment,224.19
51,1,50,payment,118.2
3,2,1,payment,25.65
72,36,36,existence,188.97
36,6,30,existence,78.72
150,56,94,debt,256.45
147,28,119,payment,301.06
119,12,107,existence,286.44
121,31,90,debt,225.69
136,49,87,existence,218.44
3,3,0,debt,32.02
108,25,83,debt,192.89
76,32,44,debt,145.47
156,98,58,payment,498.45
94,77,17,debt,215.62
66,19,47,existence,148.54
66,37,29,debt,134.29
119,58,61,payment,207.22
55,22,33,payment,142.99
61,61,0,existence,144.96
149,30,119,existence,398.58
78,50,28,debt,252.84
132,88,44,debt,280.39
26,9,17,debt,66.16
84,68,16,existence,252.49
14,1,13,existence,33.48
47,29,18,existence,148.03
10,4,6,payment,31.84
6,2,4,debt,31.94
9,6,3,debt,51.93
13,10,3,payment,42.11
146,1,145,existence,324.52
112,82,30,debt,272.38
109,41,68,existence,216.24
106,62,44,payment,216.1
5,1,4,debt,26.87
13,8,5,payment,40.7
73,11,62,debt,200.31
16,16,0,debt,68.56
85,5,80,payment,216.16
32,15,17,existence,70.5
77,28,49,debt,211.38
73,10,63,payment,146.03
16,6,10,debt,35.93
134,93,41,debt,429
20,14,6,payment,66.45
11,6,5,existence,34.08
73,14,59,existence,131.81
133,38,95,existence,315.75
17,5,12,payment,44.79
106,66,40,payment,320.39
43,6,37,payment,73.19
65,11,54,existence,88.69
138,64,74,payment,253.22
135,59,76,existence,307.28
48,38,10,existence,111.85
1,1,0,existence,2.32
64,52,12,existence,141.6
113,48,65,payment,271.75
85,6,79,payment,124.53
89,11,78,existence,189.7
71,19,52,existence,163.81
103,15,88,payment,239.25
115,14,101,existence,227.1
25,23,2,existence,61.4
95,46,49,existence,281.96
117,12,105,debt,180.26
149,144,5,existence,468.31
43,32,11,existence,114.28
140,134,6,payment,367.13
136,116,20,payment,319.57
56,22,34,existence,125.48
36,31,5,debt,116.94
78,22,56,debt,174.45
131,112,19,debt,353.24
82,71,11,payment,205.43
27,17,10,payment,69.23
67,35,32,payment,208.59
10,6,4,debt,48.33
85,60,25,debt,161.11
20,11,9,payment,52.88
64,7,57,existence,99.23
24,5,19,payment,61.89
19,14,5,payment,58.04
56,1,55,debt,93.89
11,4,7,existence,18.55
66,48,18,existence,132.39
1,1,0,debt,24.85
50,7,43,payment,92.17
6,2,4,debt,35.97
59,20,39,existence,149.3
155,83,72,existence,409.59
29,21,8,debt,71.38
61,52,9,debt,191.53
10,4,6,debt,40.02
52,4,48,existence,90.19
58,5,53,payment,120.41
61,56,5,payment,198.87
11,5,6,existence,25.22
145,98,47,payment,498.52
125,82,43,debt,259.83
50,25,25,existence,111.89
129,30,99,payment,365.5
149,134,15,payment,442.19
95,46,49,payment,208.99
101,65,36,existence,261.61
37,13,24,existence,62.14
148,18,130,payment,201.59
97,66,31,existence,241.86
24,22,2,debt,72.1
134,34,100,debt,382.69
134,21,113,existence,223.67
21,18,3,debt,79.43
120,37,83,debt,323.89
69,49,20,payment,218.19
106,12,94,existence,151.14
134,34,100,debt,370.77
48,17,31,payment,136.03
32,29,3,debt,100.8
138,86,52,debt,297.16
41,17,24,payment,83.44
108,44,64,existence,266.86
83,61,22,existence,173.91
79,30,49,payment,190.71
17,1,16,payment,47.37
85,32,53,existence,161.14
145,90,55,debt,366.98
125,124,1,payment,424.79
143,133,10,existence,479.83
127,98,29,debt,296.55
70,46,24,existence,179.46
104,46,58,existence,195.02
25,16,9,debt,82.29
57,29,28,existence,143.81
37,16,21,existence,83.68
77,70,7,existence,287.57
76,64,12,debt,186.38
126,70,56,existence,250.9
128,57,71,debt,297.96
66,15,51,existence,141.64
108,78,30,payment,312.66
108,34,74,payment,236.06
138,100,38,existence,229.12
11,6,5,existence,24.36
8,6,2,payment,34.27
89,40,49,payment,180.42
19,7,12,debt,58.53
74,25,49,payment,147.23
53,24,29,debt,171.28
103,53,50,payment,190.65
8,2,6,existence,16.55
10,9,1,payment,38.71
125,90,35,debt,366.96
146,29,117,existence,362.91
119,112,7,existence,368.97
64,27,37,payment,184.95
40,40,0,payment,169.03
124,123,1,existence,426.88
145,14,131,debt,291.24
34,10,24,payment,93.84
72,13,59,debt,197.17
124,103,21,payment,422.35
133,19,114,debt,285.4
78,34,44,payment,180.41
129,51,78,debt,384.64
30,18,12,debt,77.64
91,36,55,payment,221.32
87,17,70,existence,183.01
112,37,75,debt,260.46
109,33,76,debt,193.2
127,6,121,debt,290.33
26,13,13,existence,72.62
44,3,41,existence,74.15
36,10,26,debt,107.37
91,33,58,existence,140.37
148,140,8,payment,404.67
85,63,22,debt,254.59
117,15,102,debt,278.06
69,52,17,debt,184.83
11,3,8,existence,18.42
18,3,15,debt,42.33
30,28,2,debt,104.75
118,91,27,debt,435.76
151,84,67,payment,344.72
132,33,99,debt,289.66
34,24,10,existence,90.42
16,16,0,payment,61.61
132,59,73,existence,313.73
129,91,38,debt,356.71
109,44,65,payment,330.46
46,2,44,debt,123.39
115,55,60,payment,289.01
82,74,8,existence,205.95
108,35,73,debt,228.8
118,82,36,debt,397.82
3,2,1,debt,30.45
102,66,36,debt,220.19
74,5,69,payment,112.08
154,120,34,debt,536.65
63,40,23,debt,162.22
48,30,18,existence,135.23
96,27,69,debt,245.47
86,6,80,debt,143.4
117,112,5,debt,288.29
48,12,36,existence,125.52
89,24,65,payment,160.29
56,2,54,payment,88.65
144,45,99,debt,397.7
4,1,3,payment,16.13
88,12,76,debt,137.32
56,31,25,payment,132.33
23,15,8,payment,74.44
39,11,28,existence,57.56
117,23,94,payment,261.52
89,33,56,payment,207.17
30,8,22,payment,61.77
143,41,102,payment,378.14
108,22,86,debt,294.88
144,69,75,debt,330.09
60,27,33,payment,112.88
4,3,1,debt,38.45
85,42,43,debt,240.51
18,16,2,payment,60.7
155,143,12,existence,577.89
26,17,9,existence,52.19
116,23,93,existence,310.66
23,10,13,payment,68.05
68,19,49,debt,169.67
110,6,104,debt,253.15
91,61,30,existence,200.75
61,34,27,existence,111.15
13,5,8,payment,43.66
61,18,43,debt,163.71
92,51,41,existence,276.85
112,57,55,existence,223.33
128,79,49,existence,343.6
16,2,14,debt,49.53
45,22,23,existence,77.13
7,1,6,debt,26.72
17,6,11,payment,61.44
11,9,2,existence,34.41
151,144,7,existence,317.54
41,30,11,payment,127.99
95,61,34,payment,270.09
101,28,73,payment,266.65
68,3,65,payment,165.16
157,70,87,debt,362.85
31,14,17,payment,67.71
39,18,21,existence,70.03
99,44,55,existence,269.02
112,60,52,payment,221.54
152,136,16,debt,514.99
47,11,36,payment,139.32
87,71,16,payment,250.13
145,1,144,debt,223.2
148,133,15,payment,431.09
20,16,4,debt,58.72
143,18,125,debt,253.15
39,26,13,existence,83.7
126,101,25,debt,433.27
104,68,36,payment,208.62
32,32,0,existence,88.54
51,44,7,debt,162
18,3,15,payment,59.79
76,13,63,existence,129.94
96,2,94,payment,208.28
99,27,72,payment,252.12
70,34,36,payment,194.2
44,44,0,payment,159.43
54,7,47,existence,78.14
81,26,55,debt,140.25
75,66,9,existence,252.12
145,1,144,payment,336.49
45,39,6,debt,101.3
33,5,28,payment,78.39
114,17,97,payment,277.56
97,52,45,payment,186.66
28,25,3,payment,84.72
145,90,55,existence,309.58
70,66,4,payment,219.94
55,15,40,debt,99.18
11,9,2,existence,32.92
142,62,80,debt,317.58
150,79,71,debt,335.23
109,87,22,debt,273.13
142,46,96,debt,336.73
24,2,22,existence,58.05
128,80,48,existence,339.38
40,40,0,debt,118.63
127,31,96,debt,187.26
112,76,36,debt,287.08
58,23,35,debt,108.49
154,143,11,payment,441.2
22,12,10,payment,62.83
85,28,57,debt,164.31
62,9,53,debt,155.91
81,9,72,debt,159.39
66,66,0,existence,182.98
133,58,75,existence,286.98
92,83,9,payment,240.45
147,69,78,payment,292.28
76,49,27,payment,210.49
37,37,0,debt,124.21
131,32,99,payment,308.18
96,84,12,payment,302.33
67,38,29,existence,206.27
97,27,70,payment,198.72
117,73,44,payment,359.05
8,4,4,payment,31.18
139,65,74,existence,365.1
120,58,62,payment,330.93
35,3,32,debt,91.2
72,28,44,existence,145.58
100,84,16,payment,280.84
76,39,37,payment,222.54
62,41,21,debt,116.84
76,5,71,debt,194.21
122,4,118,payment,175.74
113,13,100,debt,252.06
112,44,68,payment,228.57
111,40,71,debt,328.3
107,51,56,payment,333.18
144,135,9,existence,317.51
13,11,2,debt,69.77
95,72,23,payment,310.74
7,2,5,payment,20.5
7,5,2,payment,33.85
120,14,106,debt,313.37
115,45,70,debt,261.59
43,14,29,payment,97.12
33,21,12,existence,94.62
95,81,14,debt,293
7,2,5,debt,42.12
74,44,30,payment,161.72
98,11,87,existence,229.94
100,84,16,existence,258.64
89,41,48,existence,181.63
17,5,12,payment,44.16
69,42,27,debt,195.61
70,12,58,existence,145.78
3,3,0,debt,14.46
91,11,80,payment,180.59
67,18,49,debt,142.98
77,60,17,debt,170.47
51,43,8,debt,171.59
148,44,104,payment,316.63
15,8,7,debt,58.88
156,106,50,existence,363.05
102,77,25,existence,312.27
42,32,10,existence,137.34
98,40,58,existence,234.26
135,108,27,payment,340.21
23,8,15,payment,65.47
33,27,6,payment,115.22
114,8,106,payment,303.38
69,57,12,existence,237.32
1,1,0,debt,27.81
32,5,27,debt,63.96
110,73,37,debt,340.73
134,105,29,debt,337.03
2,2,0,debt,35.92
71,38,33,payment,171.36
149,75,74,payment,367.3
109,79,30,debt,315.1
157,8,149,existence,269.66
79,10,69,existence,130.64
7,7,0,existence,21.17
90,30,60,debt,216.79
121,95,26,debt,375.18
10,6,4,existence,24.93
62,21,41,debt,133.54
55,36,19,payment,121.96
97,62,35,debt,263.7
4,2,2,debt,37.77
114,16,98,payment,260.48
69,59,10,debt,204.59
103,93,10,existence,250.76
87,46,41,debt,208.66
105,35,70,payment,267.71
1,1,0,payment,9.87
90,58,32,debt,225.71
155,87,68,payment,451.5
102,3,99,existence,242.76
149,119,30,payment,331.05
142,45,97,payment,385.16
66,60,6,existence,205.08
75,28,47,existence,197.19
5,4,1,payment,16.4
56,14,42,debt,119.83
70,30,40,payment,138.38
86,17,69,payment,203.15
21,11,10,existence,36.28
106,22,84,existence,280.64
157,141,16,existence,403.03
29,29,0,existence,75.19
37,16,21,existence,57.7
117,36,81,debt,285.05
71,18,53,existence,129.35
97,67,30,debt,210.09
56,1,55,payment,142.82
60,24,36,existence,136.51
70,30,40,payment,170.16
121,9,112,existence,276.45
92,22,70,payment,208.5
134,117,17,existence,349.84
48,40,8,payment,164.12
7,2,5,debt,43.35
137,134,3,payment,421.03
92,22,70,debt,207.57
96,15,81,existence,143.76
115,84,31,existence,292.32
116,28,88,payment,230.34
86,40,46,existence,249.01
120,79,41,debt,278.97
46,19,27,existence,110.33
156,105,51,debt,333.84
47,34,13,debt,165.29
83,40,43,debt,252.04
115,70,45,payment,404.56
119,10,109,payment,239.92
106,81,25,existence,235.79
11,3,8,debt,51.8
130,64,66,payment,303.45
23,4,19,existence,60.92
142,99,43,debt,461.11
84,40,44,payment,235.62
99,76,23,existence,233.09
69,10,59,debt,189.32
70,28,42,payment,156.03
55,49,6,payment,162.61
71,32,39,payment,126.71
55,54,1,debt,215.51
79,64,15,payment,228.68
77,76,1,existence,198.53
9,3,6,debt,45.15
93,38,55,debt,163.96
94,23,71,existence,164.04
45,32,13,payment,144.7
115,109,6,payment,391.78
142,120,22,debt,490.18
116,104,12,existence,299.26
90,32,58,debt,268.46
6,1,5,debt,32.05
84,44,40,debt,256.53
30,12,18,debt,99.52
81,50,31,payment,182.87
111,51,60,debt,229.41
52,32,20,debt,147.78
39,28,11,existence,123.5
30,22,8,debt,113.27
141,81,60,payment,329.31
148,132,16,debt,378.2
28,2,26,payment,62.57
85,23,62,payment,146.32
108,25,83,payment,311.73
12,9,3,debt,54.22
68,57,11,existence,204.17
36,2,34,existence,55.21
72,52,20,payment,159.47
126,67,59,payment,239.97
112,60,52,debt,287.43
94,29,65,existence,241.45
89,62,27,debt,229.99
126,95,31,debt,373.18
18,11,7,existence,60.52
20,17,3,existence,52.97
26,24,2,debt,103.78
120,61,59,payment,263.31
33,8,25,debt,95.52
122,20,102,payment,223.14
27,3,24,debt,74.13
82,28,54,existence,189.18
106,101,5,existence,308.62
69,13,56,existence,140.43
85,9,76,debt,183.15
91,56,35,existence,235.49
51,40,11,payment,142.44
119,93,26,payment,362.17
116,56,60,existence,305.24
81,61,20,existence,201.42
14,1,13,debt,41.12
45,15,30,existence,95.53
101,71,30,payment,211.83
120,58,62,existence,316.49
137,86,51,existence,353.51
124,21,103,existence,291.24
70,39,31,existence,166.08
150,83,67,payment,284.08
4,3,1,existence,11.78
61,24,37,existence,126.02
91,49,42,existence,174.47
75,26,49,payment,206.51
78,29,49,debt,205.28
68,57,11,existence,210.26
38,37,1,debt,96.31
137,87,50,debt,281.55
65,17,48,existence,158.04
45,15,30,existence,70.75
150,75,75,debt,403.98
17,13,4,payment,69.87
31,16,15,debt,115.12
128,37,91,existence,209.31
14,14,0,payment,43.72
143,33,110,debt,409.91
125,52,73,payment,239.45
73,64,9,existence,180.66
120,96,24,debt,338.84
78,66,12,existence,169.47
155,18,137,debt,247
51,31,20,existence,164.88
2,2,0,debt,17.5
64,8,56,debt,100.99
95,9,86,payment,230.36
127,49,78,debt,296.4
43,36,7,payment,144.76
84,39,45,debt,241
102,9,93,payment,263.94
96,89,7,existence,281.13
2,2,0,existence,5.57
140,13,127,payment,312.46
154,13,141,existence,394.87
48,34,14,debt,134.52
35,14,21,debt,78.88
138,70,68,payment,400.64
53,16,37,debt,89.35
116,75,41,payment,281.59
155,107,48,payment,373.67
101,18,83,existence,178.54
78,49,29,debt,158.73
34,17,17,debt,108.73
57,9,48,existence,101.39
43,7,36,payment,101.99
99,38,61,debt,190.46
58,34,24,existence,105
15,10,5,payment,54.88
119,61,58,payment,385.46
80,36,44,debt,208.27
61,7,54,debt,163.77
37,33,4,existence,124.8
113,38,75,payment,294.74
70,63,7,debt,210.25
44,40,4,existence,151.54
13,2,11,existence,30.43
17,12,5,debt,66.54
36,17,19,debt,119.11
149,39,110,existence,323.77
127,73,54,payment,360.27
27,6,21,debt,98.53
117,14,103,existence,294.2
55,15,40,existence,88.91
13,12,1,existence,43.32
131,64,67,existence,356.28
64,7,57,existence,156.54
79,53,26,payment,168.01
92,89,3,existence,244.8
62,62,0,payment,242.92
7,5,2,payment,26.66
137,134,3,existence,420.52
36,12,24,payment,87.44
80,78,2,payment,246.74
69,26,43,payment,173.47
67,59,8,debt,229.73
132,99,33,existence,403.65
43,17,26,payment,91.83
33,2,31,debt,83.75
150,41,109,debt,439.63
140,126,14,payment,304.95
144,28,116,payment,274.33
15,4,11,existence,27.27
11,6,5,existence,34.59
59,55,4,debt,203.42
142,12,130,existence,253.9
26,1,25,payment,63.91
18,7,11,debt,40.67
57,46,11,payment,199.05
6,1,5,existence,8.06
32,21,11,existence,109.44
37,34,3,debt,139.84
148,32,116,existence,405.81
89,23,66,debt,176.63
94,29,65,existence,216.42
122,19,103,payment,233.12
21,19,2,existence,65.85
118,90,28,debt,269.44
95,19,76,debt,201.79
88,87,1,existence,277.1
12,10,2,existence,28.68
102,62,40,payment,256.37
155,137,18,payment,450.08
1,1,0,payment,18.35
141,89,52,existence,417.93
86,27,59,payment,180.06
2,1,1,payment,21.72
66,14,52,payment,154.28
123,62,61,existence,257.24
36,4,32,existence,69.92
143,112,31,existence,332.88
71,27,44,existence,188.62
100,38,62,payment,294.09
76,74,2,payment,228.74
53,33,20,debt,155.37
49,39,10,debt,150.17
13,7,6,existence,26.76
81,62,19,existence,226.79
23,12,11,existence,59.57
108,50,58,existence,238.32
42,33,9,debt,144.93
23,11,12,payment,70.29
82,75,7,payment,318.5
115,88,27,existence,329.09
28,16,12,debt,61.65
138,48,90,payment,277.71
81,39,42,existence,208.95
15,2,13,existence,31.41
43,3,40,existence,104.4
148,48,100,existence,222.24
88,12,76,debt,145.67
120,73,47,existence,355.16
86,21,65,debt,189.15
26,5,21,existence,68.45
43,10,33,existence,80.93
142,96,46,existence,325.26
15,3,12,debt,39.51
86,45,41,debt,232.99
109,97,12,debt,308.86
12,8,4,payment,41.02
124,18,106,existence,262.21
26,11,15,payment,62.51
57,19,38,existence,148.97
69,52,17,debt,190.17
136,103,33,existence,477.8
7,3,4,existence,15.63
112,19,93,existence,238.48
43,43,0,existence,148.86
11,5,6,debt,50.19
121,62,59,payment,321.39
119,3,116,debt,188.65
72,18,54,existence,201.42
35,34,1,payment,116.06
143,26,117,existence,289.69
112,92,20,debt,285.47
103,21,82,debt,300.76
144,13,131,payment,200.33
72,36,36,debt,167.29
129,67,62,existence,294.73
42,22,20,existence,109.57
36,1,35,payment,85.34
78,45,33,payment,155.13
67,9,58,debt,112.01
28,14,14,payment,65.44
65,50,15,payment,190.57
112,106,6,debt,375.03
50,40,10,existence,124.33
153,109,44,debt,331.99
68,1,67,debt,141.92
86,40,46,payment,191.92
16,16,0,payment,62.99
35,28,7,existence,125.6
49,21,28,payment,128.5
49,10,39,debt,144.59
148,56,92,existence,310.49
28,21,7,existence,83.58
40,3,37,existence,97.49
39,14,25,debt,93.12
80,73,7,existence,232.47
19,13,6,existence,54.89
85,29,56,debt,223.23
64,4,60,payment,140.11
24,11,13,debt,74.77
39,24,15,existence,90.08
112,9,103,debt,265.03
142,121,21,payment,499.44
42,29,13,existence,109.32
81,37,44,existence,153.9
57,42,15,existence,197.39
13,7,6,debt,37.11
111,42,69,debt,244.69
131,93,38,debt,263.28
150,128,22,debt,503.15
105,7,98,existence,144.4
135,8,127,payment,218.75
137,96,41,payment,366.29
74,7,67,payment,121.07
27,3,24,existence,46.3
87,66,21,payment,244.2
32,31,1,payment,123.69
33,3,30,debt,89.08
122,3,119,payment,293.13
156,88,68,existence,385.35
43,15,28,payment,105.85
81,76,5,debt,274.15
61,17,44,payment,162.2
141,74,67,existence,369.63
85,6,79,existence,195.1
34,25,9,debt,78.62
110,72,38,existence,271.66
38,7,31,payment,72.88
57,44,13,existence,162.83
11,1,10,debt,46.1
38,7,31,existence,73.06
19,15,4,payment,63.23
70,25,45,existence,160.69
121,60,61,payment,301.76
140,79,61,existence,357.01
55,40,15,payment,133.48
127,111,16,payment,418.66
73,42,31,debt,219
2,1,1,debt,22.66
155,112,43,payment,417.3
150,114,36,payment,355.18
54,42,12,existence,171.92
55,36,19,debt,180.48
20,2,18,payment,49.55
147,132,15,payment,508.57
93,7,86,payment,131.01
115,66,49,payment,348.23
110,98,12,existence,374.53
141,125,16,debt,439.67
62,7,55,debt,174.81
117,74,43,debt,348.21
60,13,47,existence,154.4
6,5,1,payment,35.19
109,71,38,existence,264.46
5,4,1,debt,24.23
129,58,71,existence,194.36
48,4,44,payment,106.51
144,108,36,existence,351.75
111,99,12,debt,414.05
37,37,0,debt,137.2
144,13,131,existence,297.66
119,38,81,existence,196.52
105,67,38,existence,261.74
65,43,22,payment,219.48
5,3,2,debt,26.98
100,62,38,payment,275.77
78,44,34,existence,188.57
85,59,26,debt,291.21
60,25,35,payment,147.39
48,26,22,debt,126.51
104,91,13,existence,329.33
37,37,0,existence,80.48
137,89,48,debt,312.34
60,5,55,payment,87.07
104,11,93,existence,222.42
111,99,12,existence,246.03
78,66,12,payment,235.12
43,22,21,debt,104.74
91,38,53,payment,262.24
2,1,1,debt,26.6
68,49,19,existence,142.7
3,2,1,payment,21.24
113,6,107,existence,252.11
112,46,66,debt,264.05
60,29,31,payment,171.48
18,14,4,existence,54.97
40,36,4,payment,130.63
77,55,22,existence,172.99
94,21,73,debt,204.83
22,16,6,payment,57.43
32,32,0,debt,120.61
22,11,11,payment,70.82
127,44,83,payment,312.65
136,46,90,existence,381.12
59,13,46,payment,148.09
123,87,36,payment,323.66
73,38,35,payment,217.17
70,69,1,payment,229.14
134,88,46,existence,334.18
42,32,10,debt,135.53
5,1,4,existence,11.52
20,13,7,payment,44.34
45,19,26,payment,93.7
102,42,60,payment,272.32
93,36,57,existence,167.95
118,10,108,payment,167.55
156,145,11,existence,474.33
26,22,4,payment,74.39
70,33,37,existence,186.87
127,124,3,debt,422.75
40,25,15,debt,125.16
49,22,27,payment,108.15
22,2,20,debt,51.01
83,57,26,payment,285.2
31,27,4,debt,105.1
59,37,22,payment,128.64
72,46,26,existence,236.86
155,117,38,payment,466.02
128,91,37,payment,347.88
12,2,10,debt,45.8
132,87,45,payment,329.32
145,15,130,payment,305.87
85,48,37,payment,258.58
23,12,11,existence,44.48
123,24,99,debt,239.96
140,110,30,payment,368.27
121,76,45,debt,362.58
152,41,111,existence,298.69
133,77,56,existence,236.95
52,42,10,debt,148.54
152,117,35,existence,446.09
27,11,16,payment,59.69
117,109,8,payment,313.02
119,45,74,payment,350.24
65,24,41,existence,98
95,2,93,payment,161.71
11,6,5,existence,23.4
25,24,1,existence,67.51
115,64,51,payment,366.49
63,41,22,payment,120.01
140,35,105,debt,227.69
77,66,11,existence,231.15
135,89,46,debt,361.39
135,77,58,debt,412.49
53,49,4,existence,171.09
97,78,19,existence,266.32
138,80,58,existence,433.97
131,37,94,debt,289.76
88,28,60,debt,151.54
31,10,21,debt,81.34
74,12,62,payment,207.69
136,104,32,existence,398.62
26,5,21,existence,55.34
143,38,105,existence,334.63
33,12,21,payment,93.65
58,28,30,payment,127.13
73,30,43,existence,184.31
130,28,102,existence,241.79
96,2,94,debt,223.88
95,30,65,existence,202.05
149,16,133,existence,301.52
74,48,26,payment,225.96
37,9,28,debt,86.66
125,63,62,payment,246.83
81,19,62,payment,153.18
100,38,62,debt,279.66
14,14,0,debt,61.61
157,144,13,payment,561.53
33,22,11,existence,80.05
92,91,1,debt,277.78
49,23,26,payment,134.58
19,8,11,debt,56.68
151,5,146,existence,226.59
141,50,91,payment,259.98
142,71,71,debt,433.26
33,30,3,payment,114.17
155,35,120,existence,217.6
142,67,75,existence,269.24
67,46,21,debt,239.27
90,46,44,debt,192.46
94,41,53,payment,270.37
111,1,110,existence,129.71
2,1,1,payment,16.04
104,61,43,debt,210.92
85,68,17,payment,291.8
33,14,19,existence,75.14
27,16,11,debt,75.05
137,79,58,debt,374.93
133,68,65,payment,292.93
43,42,1,debt,138.61
110,110,0,debt,315.56
142,24,118,debt,381.8
11,8,3,debt,39
49,7,42,payment,117.82
93,3,90,debt,206.29
74,14,60,payment,147.68
31,23,8,existence,66.33
52,1,51,payment,131.54
150,118,32,existence,305.4
1,1,0,existence,2.6
44,35,9,existence,141.53
1,1,0,debt,30.13
63,27,36,payment,171.11
112,65,47,payment,251.29
139,16,123,existence,364.88
60,49,11,debt,163.88
66,4,62,existence,168.71
41,28,13,existence,98.35
79,42,37,payment,175.87
44,24,20,debt,158.29
56,13,43,payment,115.39
128,12,116,debt,329.81
148,1,147,payment,376.51
156,29,127,payment,237.6
75,34,41,payment,154.28
140,44,96,existence,248.03
14,4,10,payment,31.49
131,65,66,payment,322.54
35,1,34,existence,84.38
38,2,36,payment,75.99
21,1,20,debt,53.13
14,2,12,existence,34.79
18,11,7,payment,67.06
64,17,47,existence,170.95
45,28,17,existence,126.42
3,2,1,payment,25.51
65,48,17,payment,137.97
110,67,43,debt,300.32
39,14,25,payment,101.99
78,33,45,existence,144.35
137,75,62,existence,318.15
15,8,7,existence,34.05
12,2,10,existence,19.66
45,28,17,payment,123.85
75,32,43,payment,159.14
103,65,38,payment,267.89
100,95,5,debt,327.82
33,9,24,existence,79.79
56,26,30,debt,179.69
12,3,9,payment,50.12
114,104,10,payment,243.78
40,15,25,debt,98.86
156,61,95,existence,380.53
85,34,51,payment,211.05
71,11,60,payment,173.2
140,135,5,payment,335.87
87,64,23,existence,207.67
22,8,14,existence,37.89
26,26,0,existence,58.57
87,69,18,payment,280.72
29,23,6,existence,53.67
61,8,53,existence,98.33
56,15,41,payment,152.61
101,38,63,payment,219.91
105,87,18,existence,236.08
140,128,12,debt,394.24
71,53,18,existence,168.76
73,4,69,existence,97.08
21,5,16,payment,60.97
16,12,4,payment,64.6
114,57,57,payment,195.14
106,62,44,payment,270.81
10,5,5,existence,31.5
21,14,7,payment,53.72
106,52,54,existence,162
37,8,29,payment,95.22
39,39,0,existence,138.8
18,15,3,debt,59.82
79,31,48,existence,173.32
88,85,3,debt,299.77
115,81,34,debt,362.17
2,1,1,payment,11.06
20,13,7,payment,64.08
68,12,56,debt,183.43
90,46,44,debt,222.16
21,8,13,payment,66.28
82,29,53,debt,247.51
117,115,2,debt,292.05
146,7,139,payment,277.03
49,5,44,payment,103.92
23,15,8,payment,66.92
32,2,30,debt,94.14
101,9,92,payment,179.47
45,24,21,payment,100.18
39,24,15,existence,72.45
55,39,16,debt,147.38
34,23,11,existence,100.68
24,7,17,existence,41.94
94,43,51,payment,173.44
105,26,79,payment,264.24
2,1,1,existence,5.7
99,99,0,debt,348.79
25,5,20,debt,65.84
71,29,42,payment,152.91
132,53,79,debt,401.87
69,57,12,payment,219.74
157,76,81,debt,460.39
145,21,124,payment,211.49
25,13,12,payment,68.9
144,24,120,debt,389.86
23,6,17,existence,49.3
92,89,3,debt,240.21
69,53,16,existence,211.08
79,57,22,debt,178.73
58,10,48,debt,140.76
33,1,32,debt,80.13
156,77,79,payment,373.03
79,45,34,existence,234.74
5,3,2,existence,10.86
61,18,43,existence,147.85
108,86,22,payment,342.35
8,8,0,existence,18.68
32,28,4,payment,93.46
129,81,48,payment,333.96
22,9,13,existence,51.02
137,134,3,payment,399.89
79,69,10,debt,264.05
135,7,128,payment,348.72
110,93,17,existence,272.38
144,48,96,existence,329.42
59,35,24,payment,192.56
147,45,102,payment,365.82
32,18,14,debt,120.08
156,12,144,existence,280.29
142,26,116,existence,214.93
122,95,27,payment,285.58
140,16,124,existence,347.52
63,23,40,debt,125.74
126,66,60,payment,226.27
66,54,12,existence,182.48
153,66,87,debt,308.69
68,20,48,existence,180.72
102,7,95,existence,137.41
41,31,10,existence,97.36
94,40,54,payment,163.66
116,54,62,payment,335.76
137,64,73,payment,296.45
64,63,1,payment,214.06
139,65,74,existence,425.63
101,87,14,debt,240.98
82,37,45,debt,268.26
123,6,117,payment,271.17
67,31,36,payment,135.41
129,103,26,existence,375.01
61,55,6,payment,197.96
124,62,62,debt,306.04
19,11,8,existence,54.54
78,64,14,debt,264.51
4,2,2,payment,23.82
83,13,70,payment,185.44
70,13,57,debt,154.71
134,69,65,debt,388.56
91,60,31,payment,223.5
136,20,116,existence,202.81
85,71,14,existence,176.92
30,16,14,existence,59.73
36,23,13,existence,87.13
25,15,10,existence,76.61
75,30,45,debt,172.71
125,110,15,payment,287.96
7,7,0,debt,48.94
2,2,0,existence,6.66
105,54,51,payment,284.68
59,1,58,payment,151.64
2,1,1,debt,33.22
44,7,37,payment,91.27
127,126,1,payment,416.04
137,96,41,payment,422.55
86,64,22,payment,256.44
139,108,31,existence,373.37
59,6,53,payment,153.91
95,12,83,debt,131.89
17,10,7,existence,32.19
128,22,106,debt,359.42
103,93,10,debt,276.44
102,87,15,existence,243.62
112,11,101,existence,262.01
118,82,36,payment,243.75
132,2,130,payment,285.05
5,2,3,debt,41.89
81,6,75,payment,200.06
50,35,15,debt,126.02
37,16,21,existence,85.59
5,3,2,payment,26.63
148,17,131,payment,287.77
46,28,18,debt,119.22
6,6,0,existence,18.49
78,44,34,payment,216.29
125,68,57,existence,261.03
114,67,47,debt,373.7
34,1,33,existence,51.4
111,36,75,payment,187.59
84,2,82,existence,203.88
16,12,4,debt,61.58
7,3,4,existence,16.04
89,14,75,existence,200.18
131,57,74,payment,254.42
58,39,19,payment,172.19
112,76,36,payment,230.6
121,35,86,existence,304.67
130,99,31,existence,330.89
72,56,16,existence,232.85
125,56,69,payment,340.34
103,47,56,payment,207.98
7,5,2,existence,21.44
52,19,33,payment,151.98
67,4,63,debt,140.06
154,154,0,debt,516.89
64,58,6,debt,223.89
19,8,11,debt,51.34
151,8,143,existence,248.13
100,2,98,debt,220.13
105,93,12,payment,268.65
124,124,0,debt,338.36
87,82,5,debt,227.26
10,2,8,payment,39.34
109,21,88,existence,236.84
104,46,58,existence,234.34
61,39,22,payment,165.93
75,36,39,debt,168.65
88,21,67,existence,201.61
56,30,26,existence,131.49
30,4,26,debt,77.05
30,2,28,debt,72.46
62,58,4,payment,187.86
107,45,62,debt,177.34
43,20,23,debt,103.8
130,51,79,existence,306.71
33,8,25,existence,85.92
78,38,40,debt,184.47
100,13,87,payment,159.78
136,30,106,payment,266.85
109,8,101,debt,228.71
19,8,11,existence,44.99
140,124,16,debt,421.69
123,59,64,debt,297.39
131,130,1,payment,334.1
140,30,110,payment,247.98
3,1,2,debt,17.29
101,33,68,debt,252.26
51,6,45,debt,75.66
53,3,50,payment,87.79
137,69,68,debt,270.14
93,39,54,payment,227.72
22,8,14,debt,58.91
130,88,42,debt,275.06
91,71,20,debt,241.61
81,20,61,debt,229.6
39,35,4,existence,112.02
103,31,72,debt,293.93
35,7,28,existence,54.53
118,26,92,payment,331.45
85,32,53,existence,182.42
48,11,37,existence,73.37
92,57,35,debt,249.73
156,119,37,payment,335.03
139,49,90,existence,208.78
114,97,17,debt,421.33
15,15,0,existence,39.74
112,6,106,debt,280.74
130,56,74,debt,367.86
74,14,60,payment,121.65
59,37,22,existence,133.64
24,17,7,payment,61.79
70,12,58,payment,155.76
70,48,22,debt,208.04
94,4,90,debt,232.11
31,15,16,payment,81.55
76,50,26,payment,168.03
108,8,100,existence,253.96
30,5,25,existence,73.63
105,85,20,payment,282.13
119,80,39,debt,278.29
74,26,48,payment,193.23
153,107,46,existence,295.63
80,8,72,debt,135.08
25,8,17,existence,72.25
24,5,19,payment,58.89
3,3,0,debt,28.94
94,20,74,existence,169.8
82,70,12,debt,279.5
74,7,67,payment,126.85
25,10,15,debt,57.75
38,29,9,payment,138.41
117,57,60,debt,264.82
41,6,35,debt,130.25
106,5,101,payment,241.27
152,88,64,payment,348.3
92,54,38,debt,213.32
36,7,29,existence,70.89
34,19,15,debt,121.18
104,74,30,existence,240.44
154,74,80,debt,286.67
23,18,5,debt,72.77
129,24,105,existence,171.6
16,9,7,payment,48.27
43,2,41,existence,101.34
10,6,4,existence,30.47
1,1,0,payment,8.76
105,70,35,debt,251.63
11,8,3,payment,43.98
45,39,6,debt,153.8
99,26,73,debt,277.96
49,30,19,debt,159.43
118,18,100,debt,199.26
101,11,90,payment,241.59
7,3,4,payment,28.62
28,23,5,payment,92.18
49,30,19,payment,98.47
41,2,39,payment,111.59
146,83,63,debt,384.25
146,56,90,debt,375.44
150,115,35,debt,442.46
118,42,76,existence,261.62
116,43,73,payment,230.11
48,39,9,debt,139.37
93,45,48,payment,249.96
147,14,133,debt,337.88
55,54,1,payment,218.83
71,22,49,payment,157.99
104,75,29,existence,259.5
66,47,19,payment,165.45
35,24,11,payment,122.7
33,16,17,existence,62.83
81,57,24,debt,258.99
56,14,42,existence,89.53
98,16,82,debt,202.45
32,17,15,debt,115.9
157,21,136,payment,270.69
149,86,63,debt,286
70,29,41,existence,127.89
136,81,55,debt,250.76
34,12,22,existence,75.46
99,81,18,debt,296.5
157,27,130,existence,322.12
93,89,4,existence,298.09
153,48,105,existence,256.22
43,37,6,debt,164.05
72,18,54,payment,140.66
3,2,1,existence,6.1
156,121,35,payment,359.87
72,46,26,existence,210.68
145,105,40,existence,378.82
85,68,17,payment,210.98
50,7,43,existence,79.66
77,10,67,payment,189.03
70,69,1,existence,189.82
103,73,30,payment,327.83
105,47,58,payment,223.47
38,38,0,existence,110.28
5,3,2,payment,23.72
110,45,65,debt,309.28
80,41,39,existence,232.76
152,143,9,existence,397.08
155,154,1,existence,376.83
139,56,83,existence,314.4
17,7,10,existence,28.14
54,47,7,payment,156.71
137,133,4,payment,457.47
41,34,7,debt,150.23
2,1,1,existence,5.43
145,78,67,existence,301.07
109,97,12,existence,343.09
64,7,57,payment,102.38
40,34,6,existence,108.82
100,17,83,debt,198.24
17,9,8,debt,53.34
136,127,9,payment,405.47
19,12,7,existence,38.04
56,42,14,existence,177.02
7,2,5,payment,18.96
121,120,1,payment,397.69
150,35,115,debt,341.19
132,42,90,payment,327.31
35,5,30,payment,84.25
36,6,30,payment,93.06
96,2,94,debt,236.92
69,57,12,payment,212.82
5,5,0,debt,26.45
147,55,92,debt,318.63
120,97,23,existence,289.12
105,1,104,existence,139.75
97,92,5,existence,247.83
155,36,119,existence,420.55
152,108,44,existence,436.27
131,131,0,payment,327.59
11,6,5,payment,33.99
90,60,30,debt,255.58
130,72,58,existence,397.19
103,18,85,payment,258.27
99,31,68,debt,221.08
74,39,35,payment,228.75
130,1,129,existence,298.54
5,2,3,debt,28.77
107,43,64,debt,277.06
96,81,15,debt,254.77
147,143,4,payment,475.56
88,79,9,existence,298.25
50,15,35,debt,148.57
16,1,15,debt,54.32
23,2,21,existence,34.27
11,4,7,debt,44.36
93,40,53,debt,249.24
12,6,6,payment,35.76
142,105,37,debt,333.03
131,30,101,payment,343.45
71,51,20,payment,195.96
56,33,23,payment,150.26
129,78,51,existence,359.45
91,44,47,existence,250.67
109,64,45,payment,329
26,18,8,existence,76.02
151,130,21,existence,351.01
5,3,2,existence,13.81
139,89,50,payment,398.8
28,2,26,payment,72.13
130,19,111,existence,328.53
135,76,59,existence,304.51
107,87,20,existence,303.09
4,2,2,debt,34.34
29,11,18,debt,100.26
123,119,4,debt,340.54
143,82,61,debt,464.68
112,60,52,payment,208.73
144,93,51,existence,453.1
63,29,34,existence,111.68
33,21,12,debt,121.24
41,19,22,payment,119.82
144,22,122,payment,284.59
91,19,72,payment,166.57
146,31,115,debt,333.81
120,42,78,existence,304.47
103,53,50,existence,273.21
63,23,40,existence,91.95
156,78,78,debt,263.09
61,60,1,debt,182.09
23,4,19,payment,72.03
28,26,2,existence,81.72
110,63,47,debt,324.88
4,1,3,existence,9.67
145,69,76,payment,467.07
102,94,8,payment,272.08
106,74,32,debt,354.19
51,10,41,payment,100.23
55,35,20,payment,146.83
2,1,1,existence,5.53
40,14,26,existence,98.4
34,18,16,existence,99.31
91,76,15,debt,217.44
81,52,29,existence,232.04
50,20,30,debt,98.56
41,19,22,debt,125.41
131,61,70,existence,239.23
8,2,6,existence,16.7
70,64,6,existence,150.05
41,30,11,existence,131.93
130,88,42,existence,297.93
28,27,1,debt,74.36
31,1,30,payment,54.81
36,26,10,existence,105
88,41,47,existence,155.4
59,11,48,existence,100.45
39,4,35,existence,73.86
127,55,72,existence,306.2
100,16,84,existence,196.5
28,1,27,payment,56.19
91,43,48,payment,261.5
82,19,63,existence,220.32
20,14,6,debt,82.44
20,2,18,payment,55.35
104,45,59,payment,273.7
140,71,69,payment,242.77
55,1,54,debt,100.08
74,20,54,payment,187.15
93,38,55,payment,168.83
78,52,26,existence,243.39
119,60,59,existence,212.52
26,17,9,payment,96.11
152,75,77,debt,347.38
29,29,0,debt,102.11
97,48,49,existence,266.77
83,1,82,existence,102.54
17,7,10,debt,63.53
84,78,6,payment,278.17
151,117,34,debt,376.13
4,1,3,existence,7.32
45,38,7,payment,123.79
27,7,20,existence,71.84
12,12,0,existence,30.25
51,39,12,existence,132.53
84,49,35,debt,210.18
73,33,40,payment,136.15
86,4,82,debt,129.76
66,11,55,payment,108.54
91,9,82,existence,212.6
144,133,11,payment,534.77
135,9,126,payment,255.46
82,24,58,payment,156.85
144,108,36,debt,332.77
26,14,12,debt,77.7
61,58,3,debt,234.97
149,26,123,payment,339.67
49,30,19,existence,103.25
105,88,17,debt,350.59
13,11,2,existence,34.69
94,93,1,debt,284.98
153,80,73,payment,349.53
120,94,26,existence,297.89
9,3,6,existence,15.74
52,24,28,debt,139.11
5,4,1,payment,20.15
28,23,5,existence,66.66
156,79,77,existence,460.39
142,122,20,payment,501.24
32,12,20,payment,101.43
156,63,93,existence,232.57
123,24,99,payment,218.01
46,2,44,payment,109.28
121,111,10,existence,398.34
8,7,1,payment,43.22
81,1,80,payment,143.63
95,66,29,payment,313.18
7,7,0,payment,28.54
2,2,0,existence,4.4
46,14,32,payment,86.14
36,11,25,payment,112.55
127,7,120,existence,166.02
23,9,14,existence,62.37
14,11,3,existence,40.77
156,142,14,existence,381.51
96,18,78,existence,143.07
33,15,18,debt,71.82
48,17,31,payment,115.76
72,26,46,payment,200.64
44,27,17,payment,106.75
85,40,45,debt,261.13
109,3,106,existence,177.18
122,1,121,existence,155.01
71,67,4,payment,225.2
46,23,23,payment,127.34
25,5,20,debt,76.98
128,120,8,debt,325.08
103,39,64,debt,286.95
69,51,18,debt,173.81
146,51,95,existence,428.39
153,35,118,existence,292.22
113,72,41,payment,336.38
86,20,66,debt,192.61
102,90,12,existence,299.75
137,5,132,payment,311.41
34,12,22,debt,101.3
59,22,37,payment,122.94
70,61,9,payment,178.63
109,20,89,debt,284.36
65,61,4,existence,218.62
114,87,27,existence,333.69
156,135,21,existence,487.01
11,6,5,existence,18.12
47,45,2,payment,110.24
142,78,64,debt,452.21
79,43,36,debt,210.6
43,22,21,debt,113.07
147,106,41,debt,375.91
130,65,65,existence,309.36
16,1,15,debt,62.81
84,9,75,debt,210.8
108,71,37,debt,289.21
49,12,37,payment,117.02
26,19,7,payment,110.68
98,63,35,existence,296.3
157,71,86,existence,435.85
126,17,109,debt,338.32
153,133,20,debt,410.95
133,83,50,existence,252.76
118,73,45,payment,399.93
12,4,8,debt,49.81
132,102,30,debt,285.01
146,66,80,debt,412.62
73,49,24,payment,241.9
97,6,91,payment,190.42
16,8,8,existence,28.63
67,43,24,debt,201.35
93,90,3,debt,241.85
105,60,45,debt,261.23
119,68,51,debt,305.12
18,17,1,debt,84.62
121,111,10,payment,299.98
88,4,84,debt,242.44
135,103,32,debt,411.62
131,38,93,payment,302.36
72,26,46,existence,172.17
103,86,17,existence,208.06
70,48,22,existence,163.97
116,29,87,payment,205.77
52,39,13,payment,156.57
15,2,13,payment,42.96
27,24,3,payment,91.94
4,1,3,payment,21.79
70,70,0,payment,191.67
15,1,14,existence,29.77
99,73,26,existence,266.2
23,1,22,existence,31.2
133,103,30,debt,454.84
90,11,79,payment,160.61
36,32,4,debt,94.96
79,7,72,payment,197.91
49,19,30,existence,103.91
131,77,54,existence,328.41
27,22,5,payment,80.96
67,50,17,payment,138.83
146,144,2,payment,388.54
49,19,30,existence,96.69
154,40,114,payment,367.99
81,40,41,existence,187.16
137,6,131,payment,217.64
112,14,98,payment,306.06
76,53,23,payment,217.55
50,13,37,existence,123.09
140,38,102,payment,384.82
143,138,5,debt,406.27
18,9,9,debt,61.3
90,83,7,existence,230.65
9,5,4,existence,24.17
82,23,59,debt,239.05
135,43,92,existence,386.05
104,38,66,existence,248.95
59,5,54,payment,142.93
46,19,27,debt,115.72
8,4,4,payment,33.12
77,19,58,debt,167.5
64,21,43,existence,145.27
40,17,23,payment,119.27
96,26,70,existence,270.61
125,29,96,debt,274.17
5,5,0,payment,25.07
122,44,78,existence,246.72
112,38,74,existence,167.99
78,11,67,debt,169.42
70,6,64,existence,135.73
17,11,6,existence,38.46
61,32,29,payment,109.77
32,20,12,payment,92.11
58,1,57,debt,142.68
77,9,68,debt,174.75
38,19,19,payment,80.2
134,13,121,existence,207.9
56,41,15,existence,151.83
17,1,16,debt,35.97
117,12,105,existence,208.01
126,90,36,debt,324.96
115,80,35,payment,269.22
76,22,54,payment,126.29
7,2,5,existence,11.87
113,20,93,existence,171.11
3,3,0,payment,23.97
47,3,44,payment,101.58
24,5,19,existence,45.78
59,42,17,debt,215
126,85,41,debt,317.78
145,97,48,payment,375.53
2,1,1,debt,28.82
16,13,3,existence,34.91
68,61,7,existence,144.68
150,26,124,existence,213.52
144,102,42,existence,353.96
154,102,52,payment,348.03
18,18,0,payment,70.19
76,31,45,payment,221.52
101,17,84,payment,262.37
47,15,32,debt,93.96
26,25,1,debt,95.94
22,18,4,debt,97.08
102,93,9,debt,352.5
5,3,2,payment,21.92
110,62,48,existence,292.26
126,25,101,existence,248.24
153,128,25,existence,542.95
9,2,7,debt,33.43
92,44,48,existence,192.72
117,113,4,existence,366.26
10,7,3,existence,31.4
77,23,54,existence,119.84
107,99,8,existence,267.1
123,52,71,payment,355.99
74,10,64,existence,156.71
3,3,0,debt,33.43
65,18,47,payment,164.22
1,1,0,debt,32.34
16,16,0,debt,63.53
100,43,57,existence,278.86
30,14,16,existence,81.38
57,29,28,existence,140.63
110,110,0,debt,255.49
152,150,2,debt,356.83
116,62,54,debt,326.59
65,16,49,payment,179.24
121,116,5,existence,289.95
71,44,27,existence,137.96
151,105,46,debt,445.47
106,36,70,existence,232.7
6,4,2,existence,13.49
40,24,16,debt,154.98
149,23,126,debt,420.8
58,11,47,debt,122.12
38,4,34,existence,75.03
29,11,18,payment,73.73
93,18,75,debt,270.47
6,5,1,debt,43.06
39,38,1,existence,80.74
134,31,103,existence,349.72
17,1,16,debt,41.65
109,91,18,debt,301.92
133,67,66,payment,375.9
148,44,104,payment,331.84
110,84,26,existence,332.71
137,83,54,debt,417.1
100,75,25,payment,241.27
27,2,25,debt,49.78
8,7,1,existence,20.19
104,41,63,debt,182.79
97,43,54,existence,275.06
83,50,33,existence,181.65
46,10,36,existence,106.24
55,3,52,debt,146.98
136,83,53,debt,374.01
36,9,27,payment,80.81
99,14,85,existence,146.82
78,44,34,debt,267.87
104,21,83,payment,298.08
35,31,4,existence,116.42
101,34,67,debt,245.92
34,21,13,debt,83.39
53,33,20,payment,146.18
40,13,27,debt,95.19
90,60,30,payment,240.18
76,44,32,debt,241.78
110,12,98,payment,282.79
125,13,112,existence,283.84
100,34,66,payment,188.35
37,20,17,payment,114.8
90,81,9,payment,338.44
145,49,96,debt,345.91
79,21,58,existence,131.08
20,5,15,existence,53.74
116,91,25,existence,269.66
54,16,38,debt,164.42
90,24,66,payment,233.93
92,45,47,debt,243.59
71,19,52,payment,197.1
134,69,65,payment,394.2
48,28,20,existence,133
133,57,76,debt,373.99
99,47,52,existence,211.19
64,17,47,debt,188.74
85,43,42,debt,260.17
43,36,7,payment,110.76
32,11,21,debt,72.17
144,28,116,existence,278.63
12,5,7,payment,44.61
30,3,27,payment,80.8
119,99,20,payment,263.84
153,92,61,debt,474.25
4,4,0,payment,24.38
148,147,1,payment,374.04
73,40,33,debt,191.5
101,30,71,debt,200.29
141,61,80,debt,391.26
151,124,27,debt,439.91
26,14,12,debt,89.83
85,55,30,debt,274.93
157,38,119,payment,298.49
68,65,3,debt,193.98
25,13,12,payment,75.99
123,4,119,payment,159.52
155,144,11,payment,459.79
124,14,110,payment,284.04
42,23,19,payment,132.68
76,7,69,debt,159.01
39,4,35,existence,52.13
93,54,39,debt,254.2
83,75,8,payment,247.6
56,19,37,debt,119.1
85,46,39,debt,220.3
9,3,6,debt,28.16
46,8,38,debt,98.96
79,75,4,payment,294.05
68,62,6,existence,186.66
15,1,14,payment,42.49
64,26,38,payment,129.83
30,20,10,payment,83.73
74,11,63,existence,139.84
93,7,86,existence,153.76
140,50,90,existence,263.49
84,23,61,existence,170.8
125,112,13,existence,304.48
101,31,70,existence,289.67
154,77,77,payment,307.88
113,34,79,debt,231.32
3,3,0,payment,23.11
71,1,70,payment,154.61
34,28,6,existence,119.32
32,13,19,existence,89.62
80,63,17,existence,230.4
95,4,91,payment,146.69
90,73,17,debt,239.8
136,80,56,payment,359.53
117,95,22,payment,355.81
145,125,20,existence,456.59
33,21,12,debt,81.1
66,27,39,existence,119.76
10,9,1,payment,35.93
5,5,0,payment,29.13
16,3,13,payment,30.77
38,7,31,payment,102.38
76,37,39,existence,159.08
52,42,10,existence,151.59
79,26,53,payment,156.12
27,17,10,existence,70.38
1,1,0,payment,9.05
10,10,0,payment,47.84
55,28,27,existence,141.06
106,75,31,debt,234.13
40,14,26,existence,73.95
16,12,4,existence,33.54
5,3,2,existence,8.24
71,38,33,existence,112.29
83,28,55,debt,241.77
119,15,104,debt,192.99
65,24,41,debt,140.35
92,82,10,existence,330.13
128,27,101,debt,347.27
110,36,74,payment,210.69
65,30,35,payment,172.47
72,49,23,existence,188.32
17,5,12,debt,51.42
60,21,39,existence,118.59
12,1,11,existence,21.79
27,21,6,existence,68.42
71,66,5,payment,181.81
62,3,59,payment,119.59
8,4,4,debt,36.08
94,28,66,existence,232.53
100,53,47,debt,261.76
107,15,92,payment,149.97
76,60,16,payment,240.45
61,51,10,existence,131.77
140,71,69,debt,328.72
59,11,48,payment,92
56,36,20,payment,155.03
109,101,8,payment,374.94
20,13,7,existence,45.24
26,4,22,payment,71.34
150,116,34,debt,450.95
130,118,12,payment,315.14
50,4,46,debt,91.91
61,19,42,existence,97.66
85,38,47,payment,160.28
42,38,4,debt,166.4
14,2,12,payment,38.21
98,89,9,payment,337.22
21,11,10,debt,79.8
112,23,89,existence,228.17
153,138,15,existence,319.2
63,25,38,existence,178.9
28,17,11,payment,89.5
36,1,35,existence,66.69
8,4,4,payment,23.75
112,87,25,existence,355.33
115,86,29,payment,358.94
84,49,35,existence,215.28
99,85,14,existence,227.46
115,8,107,debt,314.54
39,29,10,debt,147.16
132,62,70,existence,371.65
15,1,14,debt,37.49
72,30,42,debt,219.56
120,40,80,payment,228.36
40,30,10,existence,120.05
25,6,19,payment,77.74
39,38,1,debt,110.75
44,41,3,payment,111.89
124,36,88,debt,299.21
113,90,23,debt,338.39
19,15,4,payment,54.5
141,13,128,existence,359.43
26,10,16,debt,74.58
66,61,5,payment,168.31
9,7,2,debt,54.32
106,6,100,debt,232.26
140,60,80,debt,428
26,1,25,debt,46.14
47,13,34,existence,88.79
94,63,31,debt,241.34
125,95,30,payment,423.82
94,22,72,debt,216.01
102,76,26,existence,280.72
59,58,1,payment,234.75
41,39,2,debt,148.63
53,19,34,debt,112.53
46,37,9,existence,124.77
15,15,0,existence,41.99
79,13,66,payment,123.16
22,2,20,debt,80.73
57,24,33,existence,158.28
26,22,4,existence,57.66
53,26,27,payment,128.66
87,71,16,debt,243.61
127,74,53,existence,271.17
75,42,33,existence,148.47
133,95,38,payment,394.26
29,2,27,debt,60.2
11,5,6,existence,25.32
48,21,27,payment,138.03
96,93,3,existence,291.46
136,18,118,debt,342.07
60,50,10,existence,115.62
130,16,114,debt,208.19
1,1,0,existence,2.6
132,33,99,payment,195.21
63,26,37,existence,111.44
33,26,7,debt,133.79
80,76,4,existence,232.31
37,30,7,debt,107.11
8,2,6,debt,28.68
129,97,32,debt,430.15
125,111,14,debt,456.73
55,1,54,debt,126.01
135,97,38,debt,381.71
4,2,2,debt,28.18
35,10,25,debt,99.41
130,54,76,existence,278.08
39,32,7,debt,127.54
67,1,66,existence,81.04
59,42,17,payment,136.51
119,9,110,debt,320.88
63,16,47,payment,171.53
138,136,2,debt,415.52
12,4,8,debt,51.69
38,31,7,debt,137.57
136,48,88,payment,338.96
59,36,23,existence,146.94
4,3,1,debt,34.52
62,31,31,payment,143.57
46,10,36,payment,113.29
35,7,28,debt,86.89
100,45,55,debt,218.39
155,28,127,debt,251.13
142,27,115,debt,235.47
17,10,7,debt,69.59
101,99,2,debt,266.79
75,19,56,payment,204.97
134,95,39,payment,445.11
130,124,6,payment,347.42
21,7,14,existence,51.36
96,34,62,payment,282.52
112,105,7,existence,427.95
10,7,3,payment,33.64
64,55,9,payment,221.33
76,38,38,existence,215.83
140,61,79,existence,366.2
147,113,34,existence,342.33
83,78,5,existence,284.67
105,18,87,payment,213.15
67,50,17,debt,171.11
113,78,35,existence,262.68
85,7,78,debt,198.1
80,74,6,existence,198.38
116,59,57,payment,209.28
108,56,52,debt,301.86
40,9,31,debt,105.93
152,55,97,payment,373.4
118,75,43,debt,221.41
54,3,51,existence,135.86
51,33,18,debt,188.93
132,95,37,debt,284.19
89,34,55,payment,255.47
121,90,31,existence,377.05
43,10,33,payment,131.47
156,122,34,debt,530.88
134,48,86,payment,332.55
76,47,29,debt,267.12
157,151,6,payment,490.55
42,12,30,existence,98.13
27,20,7,existence,79.9
24,12,12,debt,78.43
68,64,4,debt,194.31
129,94,35,debt,410.87
33,26,7,debt,108.55
59,10,49,payment,104.85
13,9,4,debt,34.26
23,9,14,debt,81.57
87,69,18,existence,267.02
97,97,0,existence,257.58
109,23,86,payment,228.92
125,39,86,existence,220.54
93,90,3,payment,275.42
126,106,20,debt,410.16
15,7,8,debt,45.61
92,23,69,existence,209.76
32,32,0,payment,89.91
43,38,5,existence,97.43
90,49,41,payment,236.22
52,14,38,payment,119.2
81,22,59,payment,181.38
66,44,22,existence,150.19
16,7,9,debt,54.79
98,42,56,existence,246.8
37,2,35,debt,115.22
136,41,95,payment,359.79
14,2,12,debt,35.89
37,9,28,debt,87.98
145,143,2,debt,532.54
114,22,92,existence,178.6
19,18,1,debt,73.53
95,21,74,debt,210.84
144,49,95,debt,416.53
100,98,2,existence,228.96
106,100,6,existence,258.76
30,26,4,existence,91.92
149,64,85,payment,381.42
102,16,86,payment,196.69
124,70,54,debt,346.25
118,95,23,existence,258.67
86,10,76,existence,187.71
22,20,2,existence,64.01
29,12,17,payment,57.55
34,23,11,debt,131
8,8,0,payment,38.96
23,12,11,debt,82.41
10,9,1,debt,47.25
97,60,37,existence,196.66
157,21,136,debt,399.47
1,1,0,debt,19.16
76,5,71,payment,146.87
24,2,22,existence,50.62
147,71,76,existence,308.82
129,120,9,existence,415.55
4,1,3,payment,21.02
148,131,17,payment,479.17
113,40,73,payment,286.07
42,25,17,debt,134.58
139,16,123,payment,342.27
148,111,37,debt,315.37
10,10,0,debt,58.67
128,51,77,debt,351.92
83,19,64,payment,124.78
101,100,1,existence,383.46
29,1,28,existence,36.17
59,28,31,payment,139.81
112,53,59,debt,355.28
138,93,45,payment,322.35
5,1,4,existence,10.87
27,15,12,debt,96.15
83,72,11,debt,188.5
45,45,0,payment,172.73
70,59,11,existence,219.6
8,4,4,existence,20.2
22,8,14,payment,56.22
23,20,3,debt,81.13
33,20,13,payment,88.71
2,1,1,payment,13.06
110,23,87,existence,231.52
140,127,13,existence,491.45
59,52,7,payment,178.48
10,4,6,payment,27.72
15,11,4,existence,38.78
40,2,38,existence,59.46
84,25,59,debt,209.01
63,7,56,debt,146.21
103,89,14,existence,256.32
15,7,8,debt,53.05
36,32,4,existence,112.71
3,3,0,existence,9.5
115,4,111,debt,284.25
54,29,25,existence,142.84
121,95,26,payment,299.15
47,25,22,debt,176.33
135,69,66,payment,398.54
99,38,61,payment,182.19
71,14,57,debt,154.07
100,57,43,existence,215.33
110,94,16,existence,227.68
80,25,55,payment,208.55
135,74,61,existence,331.68
45,16,29,debt,129.85
67,43,24,payment,212.45
123,93,30,existence,368.29
45,15,30,payment,90.98
120,66,54,existence,202.15
156,108,48,debt,373.11
19,15,4,payment,67.81
31,5,26,debt,85.06
29,10,19,existence,72.63
12,10,2,payment,46.66
152,25,127,payment,411.93
143,27,116,payment,214.39
114,37,77,existence,300.55
44,44,0,existence,98.64
107,63,44,debt,238.32
95,9,86,payment,253.2
76,31,45,existence,162.85
82,41,41,debt,247.29
7,7,0,existence,25.48
141,22,119,existence,199.89
154,151,3,existence,493.89
126,61,65,debt,337.42
121,59,62,payment,302.72
109,34,75,debt,305.89
123,78,45,payment,290.48
141,44,97,payment,368.73
49,28,21,debt,130.82
4,3,1,existence,12.68
155,125,30,debt,462.01
122,90,32,payment,380.93
63,38,25,existence,198.44
85,82,3,payment,212.64
35,12,23,payment,76.72
51,51,0,debt,177.89
127,67,60,debt,273.08
111,83,28,existence,283.24
91,81,10,debt,296.85
110,46,64,existence,174.66
91,7,84,debt,162.53
34,23,11,existence,60.64
147,16,131,existence,196.81
46,31,15,payment,150.65
152,83,69,existence,336.49
65,51,14,payment,198.18
13,6,7,debt,64.16
31,22,9,debt,66.8
126,63,63,existence,336.18
84,52,32,existence,223.25
126,90,36,payment,401.8
103,3,100,debt,149.72
94,34,60,payment,237.58
98,2,96,debt,153.8
112,99,13,payment,341.36
106,8,98,debt,266.86
86,60,26,existence,249.78
72,30,42,payment,133.58
42,1,41,payment,80.35
19,2,17,debt,66.78
149,58,91,existence,242.02
90,82,8,existence,270.61
60,59,1,payment,187.82
135,84,51,existence,221
79,55,24,existence,177.32
15,14,1,existence,49.47
85,23,62,debt,196.54
41,41,0,existence,155.53
156,2,154,payment,335.06
46,34,12,debt,138.8
72,5,67,debt,157.35
136,128,8,existence,394.86
16,6,10,existence,29.05
81,7,74,debt,164.89
22,1,21,payment,47.32
57,21,36,debt,123.01
86,51,35,debt,220.65
81,40,41,payment,186.71
114,37,77,debt,344.05
157,70,87,existence,347.04
72,30,42,existence,203
144,39,105,debt,282.27
141,33,108,existence,324.99
44,24,20,existence,131.85
142,17,125,payment,388.92
103,19,84,payment,280.67
57,51,6,debt,167.12
53,15,38,debt,152.21
151,123,28,debt,446.67
57,19,38,debt,154.44
60,27,33,debt,159.33
130,33,97,payment,298.25
109,23,86,payment,256.08
49,46,3,payment,146.23
135,1,134,debt,278.79
60,59,1,existence,215.81
57,6,51,existence,87.37
80,52,28,payment,195.86
82,1,81,payment,163.05
91,81,10,existence,287.88
115,71,44,debt,334.04
152,58,94,debt,403.38
13,11,2,existence,30.23
119,58,61,debt,222.87
125,36,89,existence,353.37
64,43,21,existence,186.69
96,73,23,existence,322.16
18,8,10,payment,56.16
153,129,24,debt,508.77
116,53,63,payment,314.69
45,45,0,debt,169.08
64,23,41,debt,148.55
97,84,13,debt,296.09
28,9,19,debt,93.24
88,77,11,existence,235.29
35,4,31,existence,59.3
135,63,72,debt,396.86
102,40,62,debt,221.68
115,98,17,payment,295.93
71,57,14,debt,211.24
111,14,97,debt,231.15
145,52,93,payment,293.81
38,29,9,debt,117.2
45,3,42,debt,96.51
95,15,80,debt,229.73
134,32,102,existence,278.8
65,34,31,existence,186.99
98,52,46,existence,259.94
100,20,80,payment,159.08
122,113,9,debt,372.12
24,11,13,existence,63.98
53,50,3,debt,196
143,16,127,debt,327.2
58,40,18,payment,127.62
133,14,119,debt,352.53
50,4,46,payment,115.65
113,52,61,debt,344.53
155,53,102,existence,313.5
67,38,29,existence,200.52
47,37,10,existence,112.7
37,37,0,debt,165
57,56,1,payment,196.1
128,30,98,payment,332.33
45,44,1,debt,159.43
108,73,35,payment,246.05
53,9,44,payment,133.63
91,7,84,debt,213.11
50,44,6,existence,111.09
3,3,0,debt,25.14
17,11,6,existence,34.07
73,63,10,payment,250.88
107,5,102,existence,184.97
87,11,76,debt,236.47
18,13,5,existence,58.48
143,124,19,existence,377.49
103,19,84,payment,250.02
26,2,24,payment,74.02
153,116,37,payment,465.3
3,3,0,debt,23.43
52,8,44,payment,133.47
112,68,44,debt,247.38
154,105,49,debt,317.75
19,16,3,debt,73.57
97,21,76,payment,181.35
147,8,139,debt,211.93
126,103,23,debt,383.75
22,8,14,existence,56.15
85,76,9,debt,228.62
97,88,9,existence,284.32
103,19,84,payment,269.68
31,11,20,payment,90.27
117,5,112,payment,241.54
98,92,6,existence,237.38
48,11,37,payment,92.59
144,100,44,existence,464.74
53,21,32,existence,127.92
156,51,105,debt,404.56
144,119,25,debt,366.14
59,22,37,existence,125.89
23,15,8,payment,76.08
148,87,61,payment,438.63
20,9,11,existence,42.22
147,5,142,debt,321.11
104,8,96,payment,267.56
102,98,4,payment,267.07
146,111,35,existence,329.39
156,42,114,debt,396.07
99,79,20,existence,313.76
112,30,82,debt,264.83
40,9,31,payment,95.68
82,29,53,debt,171.29
154,111,43,debt,449.85
140,133,7,payment,410.92
149,86,63,payment,281.65
67,5,62,existence,105.39
41,2,39,existence,103.97
98,11,87,existence,140.21
81,14,67,payment,200.88
24,18,6,debt,106.89
129,51,78,debt,368.4
44,32,12,existence,107.44
52,5,47,debt,123.26
81,3,78,payment,146.07
91,46,45,existence,177.4
120,67,53,payment,341.51
15,1,14,existence,35.16
120,61,59,payment,375.48
150,38,112,existence,237.78
136,114,22,existence,458.71
134,25,109,debt,232.08
85,26,59,payment,184.45
88,26,62,payment,223.96
95,28,67,existence,176.62
35,17,18,payment,109.54
95,49,46,payment,253.61
151,86,65,payment,455.42
35,34,1,debt,136.09
119,31,88,payment,273.71
153,20,133,payment,413.29
52,44,8,payment,161.83
85,9,76,debt,251.06
31,19,12,existence,70.7
65,55,10,existence,142.33
149,58,91,existence,275.98
78,37,41,existence,124.37
94,10,84,payment,244.62
137,129,8,debt,427.15
85,15,70,existence,169.12
95,24,71,existence,246.4
110,41,69,debt,280.73
155,28,127,debt,409.37
32,32,0,payment,111.17
60,33,27,existence,178.71
34,15,19,debt,88.82
29,3,26,payment,68.51
125,81,44,debt,383.69
75,68,7,payment,166.06
122,58,64,existence,244.56
64,53,11,existence,143.71
24,13,11,debt,87.87
83,50,33,payment,239.91
75,10,65,debt,152.92
85,22,63,existence,225.67
66,61,5,debt,230.87
137,72,65,existence,281.79
54,23,31,debt,154.18
115,22,93,existence,227.78
118,59,59,existence,257.55
34,22,12,existence,108.17
44,32,12,existence,127.85
101,13,88,existence,192.16
38,33,5,payment,139.15
8,1,7,existence,20.9
129,113,16,payment,445.21
76,8,68,debt,213.59
154,88,66,existence,376.21
146,50,96,debt,421.42
111,41,70,payment,286.08
94,1,93,payment,204.34
50,34,16,payment,111.69
128,100,28,existence,298.06
145,86,59,debt,474.5
16,6,10,existence,31.99
50,28,22,payment,161.36
112,89,23,existence,373.91
43,20,23,debt,126.93
155,112,43,payment,467.95
113,91,22,payment,342.39
2,2,0,payment,16.39
5,4,1,existence,15.58
140,57,83,payment,354.45
110,104,6,debt,337.02
23,23,0,payment,89.25
49,43,6,debt,175.02
41,27,14,existence,75.3
93,65,28,debt,257.81
69,12,57,existence,123.38
67,25,42,existence,201.98
70,39,31,debt,222.38
121,95,26,payment,292.14
146,23,123,existence,333.09
112,111,1,payment,423.98
112,1,111,debt,217.26
34,20,14,debt,88.23
109,45,64,payment,189.04
117,104,13,existence,429.24
147,81,66,payment,473.76
139,44,95,payment,227.6
24,8,16,debt,78.7
145,131,14,existence,410.67
100,29,71,debt,213.04
15,6,9,existence,34.97
39,11,28,existence,87.9
24,7,17,existence,42.3
14,2,12,existence,25.05
104,71,33,payment,291.54
114,86,28,existence,316.01
7,4,3,existence,20.8
130,32,98,debt,222.87
35,7,28,payment,100.35
96,75,21,debt,290.31
140,18,122,payment,284.84
98,21,77,payment,147.23
46,28,18,debt,146.84
90,15,75,existence,144.77
67,44,23,debt,200.23
154,111,43,existence,378.71
19,2,17,debt,55.78
29,19,10,existence,65.97
123,81,42,payment,385.8
17,3,14,debt,51.59
156,33,123,debt,299.22
146,109,37,existence,390.33
3,2,1,debt,28.52
151,10,141,debt,242.67
61,26,35,payment,149.61
65,38,27,payment,173.9
28,19,9,existence,56.32
11,1,10,debt,45.42
17,6,11,existence,45.72
1,1,0,payment,19.42
82,59,23,payment,272.9
150,109,41,existence,456.65
31,4,27,debt,101.1
80,78,2,debt,327.77
74,9,65,debt,184.73
120,31,89,payment,305.47
69,55,14,existence,161.09
110,42,68,payment,331.98
79,65,14,debt,206.33
19,2,17,existence,40.45
57,33,24,debt,184.29
128,103,25,debt,379.13
88,2,86,existence,184.06
7,6,1,debt,47.89
151,65,86,payment,287.3
10,9,1,existence,32.6
113,45,68,existence,198.83
71,7,64,debt,208.19
106,48,58,payment,183.08
135,33,102,payment,307.08
55,28,27,debt,161.86
47,32,15,existence,128.57
116,69,47,debt,256.65
6,4,2,existence,12.06
54,15,39,debt,163.81
141,5,136,debt,368.03
61,31,30,payment,151.52
134,55,79,debt,299.22
146,133,13,debt,435.66
40,31,9,debt,138.08
19,5,14,existence,47.32
146,52,94,debt,324.94
14,10,4,payment,48.26
134,86,48,payment,432
157,120,37,debt,509.9
107,79,28,payment,217.89
58,30,28,payment,184.14
78,42,36,existence,226.81
21,19,2,debt,74.7
46,27,19,debt,102.46
10,2,8,debt,33.37
105,55,50,debt,260.78
126,117,9,payment,467.16
67,7,60,existence,113.39
85,57,28,debt,254.91
153,86,67,payment,478.29
141,7,134,existence,295.09
13,9,4,existence,32.06
147,34,113,payment,355.76
102,71,31,debt,320.21
76,10,66,existence,182.33
8,6,2,payment,35.35
120,3,117,debt,311.47
144,70,74,existence,380.69
30,23,7,payment,68.54
20,3,17,payment,60.64
35,16,19,existence,56.74
91,68,23,payment,220.06
85,57,28,debt,289.15
30,23,7,debt,113.3
48,41,7,payment,117.55
72,36,36,existence,215.04
66,34,32,debt,171.82
65,44,21,existence,202.42
88,46,42,existence,222.27
101,61,40,debt,269.62
142,23,119,existence,325.82
78,69,9,payment,250.18
46,15,31,payment,94.81
10,10,0,existence,25.42
71,9,62,payment,117.95
83,83,0,debt,271.92
148,2,146,debt,239.81
88,53,35,existence,221.32
35,6,29,debt,101.76
36,12,24,existence,97.38
114,90,24,existence,298.66
145,37,108,payment,292.15
2,1,1,debt,20.3
29,18,11,debt,75.66
105,25,80,debt,258.31
94,9,85,debt,199.43
92,92,0,existence,207.19
117,86,31,existence,291.54
25,19,6,existence,52.13
14,12,2,existence,44.03
109,40,69,existence,288.71
46,11,35,existence,83.45
57,12,45,payment,95.27
84,76,8,payment,273.73
66,47,19,existence,156.86
43,25,18,existence,124.55
93,58,35,debt,215.07
33,26,7,payment,105.33
8,7,1,payment,40.12
22,20,2,debt,69.21
104,18,86,payment,284.48
147,104,43,debt,360.47
35,27,8,debt,104.55
121,102,19,debt,296.53
120,60,60,debt,270.57
120,81,39,payment,399.53
43,10,33,existence,120.24
141,46,95,debt,355.51
62,59,3,existence,196.8
80,1,79,payment,191.32
23,17,6,existence,51.38
15,13,2,debt,72.81
95,49,46,debt,301.57
2,2,0,existence,5.56
41,33,8,debt,139.63
69,37,32,debt,175.21
129,97,32,existence,389.46
83,17,66,payment,232.01
38,4,34,debt,97.41
17,3,14,debt,36.71
143,63,80,existence,296.73
128,83,45,debt,347.44
52,29,23,payment,136.7
17,5,12,debt,42.05
34,23,11,payment,107.84
105,35,70,debt,240.3
4,3,1,existence,7.08
105,8,97,payment,236.02
16,13,3,debt,60.44
135,63,72,debt,300.28
21,11,10,existence,58.5
157,31,126,debt,299.4
87,74,13,existence,276.06
83,79,4,debt,266.08
79,53,26,existence,253.07
118,22,96,debt,264.54
145,124,21,payment,339.45
44,11,33,existence,95.81
51,47,4,debt,167.06
76,46,30,payment,241.64
119,61,58,existence,346.77
30,28,2,existence,69.54
125,12,113,debt,257.82
97,31,66,existence,144.25
3,2,1,payment,19.11
71,58,13,existence,209.69
148,103,45,debt,511.19
89,80,9,existence,303.3
55,54,1,payment,206.14
20,10,10,existence,50.34
8,7,1,payment,36.92
59,37,22,payment,187.55
88,48,40,existence,211.75
10,8,2,debt,34.58
148,58,90,payment,382.99
134,51,83,payment,325.53
128,128,0,existence,430.33
137,49,88,debt,291.15
75,51,24,debt,163.7
30,11,19,existence,82.88
144,30,114,debt,359.12
111,5,106,payment,265.4
118,62,56,existence,320.28
42,29,13,debt,96.3
77,43,34,debt,217.03
154,112,42,existence,537.57
44,43,1,debt,102.52
153,90,63,payment,309.47
134,93,41,debt,302.75
118,15,103,debt,294.84
106,11,95,debt,247.95
139,85,54,debt,328.99
134,41,93,existence,225
44,27,17,payment,138.51
57,48,9,existence,150.71
38,32,6,debt,103.04
78,42,36,debt,233.53
146,110,36,payment,336.75
150,33,117,payment,420.27
35,15,20,payment,93.24
123,63,60,payment,261.01
15,2,13,debt,35.81
30,22,8,debt,89.5
38,25,13,payment,99.71
120,61,59,existence,213.95
7,3,4,debt,34.94
88,13,75,debt,185.58
102,10,92,debt,199.87
132,37,95,debt,266.18
78,16,62,existence,185.09
68,39,29,existence,137.39
60,32,28,payment,144.9
71,18,53,debt,142.71
144,87,57,debt,474.23
109,48,61,existence,180.94
14,8,6,existence,33.4
34,30,4,debt,107.07
30,17,13,payment,94.01
90,18,72,payment,239.66
132,117,15,debt,308.2
76,21,55,existence,161.57
97,13,84,existence,180.77
157,149,8,payment,523.27
35,35,0,existence,119.27
19,8,11,debt,61.14
38,21,17,payment,116.96
17,12,5,payment,52.37
72,34,38,debt,188.86
144,94,50,existence,259.26
35,27,8,payment,89.61
43,23,20,debt,122.48
39,16,23,existence,96.59
117,27,90,payment,198.61
131,54,77,payment,260.64
34,21,13,debt,124.49
142,111,31,payment,380.66
18,18,0,payment,83.66
100,79,21,debt,280.72
66,27,39,existence,131.84
52,6,46,existence,126.74
122,114,8,payment,402.36
81,40,41,existence,142.47
50,7,43,debt,140.69
87,7,80,existence,137.67
113,31,82,payment,297.23
36,3,33,debt,76
83,15,68,payment,188.97
151,146,5,debt,560.98
80,78,2,existence,274.44
145,114,31,debt,498.18
137,69,68,payment,355.54
28,20,8,debt,81.16
81,59,22,payment,224.3
39,36,3,debt,132.72
130,102,28,payment,343.11
139,40,99,payment,251.36
128,49,79,debt,357.3
124,53,71,debt,378.32
9,7,2,debt,48.93
142,13,129,debt,223.32
144,105,39,payment,460.3
38,8,30,payment,108.12
100,28,72,debt,197.85
135,113,22,existence,346.05
52,23,29,payment,96.95
61,37,24,payment,124.35
146,94,52,debt,366.89
152,113,39,existence,373.96
22,22,0,debt,72.99
63,43,20,existence,154.75
15,11,4,payment,58.91
140,88,52,debt,375.28
69,47,22,debt,233.14
81,12,69,debt,171.45
142,74,68,payment,244.1
69,59,10,debt,223.92
17,12,5,existence,53.88
41,12,29,payment,98.79
74,57,17,existence,175.74
157,20,137,payment,355.49
40,40,0,payment,133.97
55,6,49,payment,117.93
104,78,26,existence,215.01
39,30,9,existence,104.15
122,6,116,payment,235.71
102,3,99,payment,216.28
28,6,22,payment,72.96
21,7,14,existence,49.43
140,31,109,debt,279.07
125,100,25,payment,380.1
42,32,10,existence,141.44
153,129,24,existence,405.06
35,31,4,debt,136.19
46,41,5,existence,169.45
3,2,1,existence,6.76
146,123,23,payment,426.63
110,70,40,existence,337.46
65,11,54,payment,120.04
133,75,58,payment,269.16
133,56,77,debt,267.57
109,24,85,existence,202.96
6,6,0,existence,15.79
138,68,70,debt,270.11
29,29,0,debt,108.27
122,114,8,debt,287.28
147,69,78,existence,327.27
17,10,7,debt,53.96
83,12,71,payment,211.34
7,1,6,debt,28.87
133,2,131,existence,226.55
10,8,2,existence,22.39
101,75,26,payment,209.96
82,74,8,existence,176.62
38,32,6,debt,155.88
54,35,19,debt,188.39
71,15,56,payment,116.06
91,58,33,debt,219.84
120,69,51,payment,368.28
65,1,64,debt,115.89
144,38,106,debt,237.43
125,44,81,payment,274.65
102,17,85,payment,270.93
61,51,10,debt,223.51
56,31,25,existence,108.14
40,20,20,existence,121.18
152,28,124,existence,208.06
124,88,36,debt,390.28
146,80,66,debt,258.07
125,83,42,payment,291.55
139,126,13,payment,414.94
64,7,57,existence,102.89
41,33,8,payment,93.97
2,2,0,existence,6.72
105,102,3,existence,225.45
64,57,7,debt,186.55
127,115,12,existence,281.18
85,17,68,payment,200.24
140,111,29,payment,284.33
78,42,36,payment,195.43
9,8,1,payment,44.77
47,3,44,debt,124.07
93,71,22,payment,205.46
114,14,100,payment,310.13
105,54,51,debt,339.02
39,34,5,debt,139.27
46,9,37,payment,104.13
78,19,59,payment,160.58
73,36,37,debt,187.52
6,4,2,existence,20.58
132,99,33,debt,435.11
12,10,2,payment,37.57
67,9,58,payment,124.85
59,15,44,existence,134.56
96,56,40,existence,260.39
33,15,18,existence,95.72
65,46,19,debt,243.52
91,72,19,payment,317.63
15,1,14,debt,46.52
24,5,19,debt,45.57
107,75,32,existence,288.88
72,70,2,existence,266.25
79,11,68,payment,124.09
149,11,138,debt,201.45
25,6,19,payment,49.63
134,102,32,existence,354.6
38,35,3,existence,105.1
132,55,77,debt,329.71
66,32,34,debt,207.67
111,109,2,existence,374.55
103,8,95,existence,148
30,24,6,payment,101.89
109,69,40,existence,250.26
109,69,40,payment,265.33
26,21,5,debt,88.58
67,5,62,payment,132.31
146,17,129,existence,226.78
152,113,39,debt,489.01
89,28,61,existence,126.12
10,1,9,existence,16.68
35,29,6,debt,113.8
105,93,12,payment,244.37
121,13,108,debt,271.38
65,42,23,existence,107.5
17,4,13,payment,40
40,34,6,payment,138.24
134,11,123,existence,326.25
30,18,12,existence,54.63
10,10,0,debt,31.13
61,1,60,debt,148.6
90,32,58,payment,187.12
22,11,11,debt,79.66
141,86,55,existence,297.87
67,2,65,payment,135.54
115,47,68,payment,223.52
17,11,6,payment,71.01
145,140,5,debt,512.54
60,32,28,debt,147.99
121,97,24,payment,417.6
42,8,34,debt,103.49
133,64,69,debt,414.44
147,119,28,existence,408.36
25,24,1,debt,88.66
21,15,6,existence,50.04
15,5,10,payment,53.65
77,69,8,payment,228.1
32,18,14,existence,66.81
52,10,42,existence,84.7
9,8,1,debt,42.77
94,56,38,existence,296.02
56,26,30,existence,152.63
97,72,25,debt,286.63
136,105,31,debt,496.85
21,20,1,debt,77.29
156,80,76,existence,320.87
62,47,15,payment,162.29
36,14,22,payment,94.51
148,60,88,debt,330.83
27,18,9,existence,63.86
134,23,111,existence,270.9
144,73,71,existence,272.09
2,1,1,existence,3.98
154,61,93,existence,391.25
84,55,29,payment,212.05
107,17,90,payment,178.98
85,72,13,debt,227.13
52,46,6,payment,160.2
117,64,53,existence,322.86
143,13,130,existence,330.57
21,19,2,existence,68.09
47,41,6,payment,118.48
13,6,7,payment,47.26
52,43,9,payment,192.79
2,2,0,existence,6.8
16,8,8,existence,37.19
30,6,24,payment,83.56
75,12,63,existence,128.39
149,99,50,existence,400.84
28,23,5,payment,95.86
58,13,45,existence,122.97
125,70,55,debt,374.61
97,20,77,payment,225.02
64,23,41,payment,120.68
110,89,21,payment,261.4
33,24,9,debt,92.22
47,27,20,debt,116.97
99,59,40,payment,326.19
114,71,43,existence,297.96
26,20,6,debt,66.57
80,72,8,payment,251.04
96,77,19,payment,341.49
86,43,43,existence,169.38
48,23,25,existence,84.25
124,112,12,debt,375.76
67,48,19,existence,206.77
26,18,8,payment,63.3
17,8,9,payment,42.41
88,30,58,payment,186.55
62,39,23,existence,153.23
90,88,2,existence,269.46
57,26,31,existence,154.87
108,90,18,existence,275.41
38,38,0,debt,144.97
140,83,57,existence,315.61
15,8,7,payment,56.57
109,101,8,debt,302.5
85,49,36,debt,171.3
101,76,25,payment,287.33
82,13,69,payment,192.38
116,19,97,payment,205.19
74,71,3,existence,163.76
37,3,34,debt,90.34
69,15,54,debt,159.95
43,35,8,payment,124.85
25,1,24,debt,67.81
15,15,0,payment,49.45
72,54,18,existence,237.74
100,72,28,debt,259.19
23,17,6,debt,89.45
52,12,40,debt,107.83
105,49,56,payment,248.27
18,16,2,debt,82.34
57,23,34,debt,142.19
33,2,31,debt,99.37
10,6,4,existence,29.58
85,1,84,debt,191.17
64,29,35,payment,155.11
19,2,17,debt,42.03
74,7,67,existence,107.34
34,33,1,payment,95.79
97,5,92,existence,214.67
41,23,18,debt,131
124,8,116,payment,283.72
51,21,30,existence,127.16
4,3,1,debt,30.71
104,58,46,existence,281.25
31,1,30,payment,67.22
89,35,54,debt,167.89
43,33,10,debt,128.64
24,14,10,payment,61.1
144,75,69,payment,283.53
152,7,145,payment,228.09
114,51,63,existence,217.27
54,31,23,existence,107.37
122,68,54,payment,231.62
54,30,24,payment,152.06
47,16,31,existence,113.34
145,101,44,payment,327.53
31,11,20,existence,88.85
122,105,17,existence,356.11
94,1,93,existence,149.68
109,53,56,debt,284.5
85,10,75,payment,135.54
59,15,44,existence,136.71
44,29,15,payment,139.76
94,63,31,existence,180.13
7,7,0,debt,42.71
151,62,89,existence,309.42
120,45,75,existence,274.48
14,5,9,debt,53.57
24,20,4,debt,71.09
39,11,28,existence,104.34
60,35,25,payment,139.42
64,37,27,debt,183.65
28,12,16,payment,69.35
27,14,13,payment,68.87
90,29,61,existence,196.79
32,15,17,existence,61.02
133,93,40,debt,402.05
68,12,56,payment,149.47
114,107,7,payment,343.87
116,80,36,payment,304.85
133,58,75,payment,385.32
89,68,21,existence,232.45
128,119,9,payment,365.68
72,48,24,existence,244.38
87,13,74,debt,186.79
69,66,3,existence,157.99
60,8,52,debt,181.37
50,6,44,existence,91.74
133,23,110,payment,351.79
22,4,18,existence,52.38
102,78,24,debt,224.3
157,55,102,debt,460.36
150,142,8,existence,394.34
71,5,66,debt,149.45
73,19,54,payment,127.56
71,2,69,payment,148.33
36,5,31,debt,104.51
29,9,20,debt,76.23
150,65,85,payment,302.13
103,32,71,existence,157.87
126,85,41,debt,273.04
48,30,18,debt,139.63
53,21,32,existence,118.56
150,143,7,payment,541.29
126,49,77,debt,344.52
123,77,46,debt,260.32
126,44,82,existence,183.39
45,43,2,debt,158.06
48,3,45,existence,123.47
70,40,30,existence,113.07
44,17,27,payment,122.4
111,63,48,payment,214.35
28,16,12,existence,69.94
43,13,30,debt,102.68
64,56,8,debt,133.43
48,43,5,payment,173.32
32,9,23,debt,100.67
37,4,33,existence,58.98
95,95,0,debt,280.93
17,1,16,debt,52.51
1,1,0,payment,16.47
51,29,22,existence,105.11
111,60,51,existence,285.74
87,78,9,debt,211.46
43,16,27,payment,87.28
149,30,119,debt,296.01
3,1,2,payment,24.06
44,23,21,payment,124.66
144,94,50,debt,454.06
139,107,32,existence,316.75
20,20,0,payment,74.9
154,121,33,payment,507.59
156,113,43,debt,327.18
85,6,79,payment,172
129,55,74,payment,389.83
21,8,13,debt,75.23
114,17,97,debt,215.1
124,10,114,payment,237.51
75,19,56,payment,149.72
74,7,67,existence,175.1
60,39,21,existence,157.6
24,5,19,debt,49.78
144,67,77,existence,405.63
36,35,1,payment,132.83
146,87,59,existence,351.84
8,2,6,payment,34.72
77,69,8,payment,266.47
2,2,0,debt,14.92
155,111,44,payment,440.18
21,16,5,debt,82.07
117,42,75,debt,315.98
47,28,19,existence,119.36
92,91,1,debt,229.2
155,45,110,existence,328.86
135,113,22,payment,317.72
104,48,56,debt,187.59
119,82,37,payment,336.01
46,42,4,debt,142.53
99,50,49,existence,163.5
63,44,19,existence,121.95
138,116,22,debt,381.71
144,125,19,payment,499.72
125,4,121,debt,231.75
56,19,37,payment,140.09
65,28,37,debt,162.06
50,22,28,debt,119.75
5,5,0,payment,21.43
155,138,17,payment,391.92
138,34,104,debt,371.6
3,1,2,existence,7.65
97,52,45,payment,227.09
106,55,51,existence,238.64
134,25,109,existence,206.43
59,2,57,payment,92.73
23,3,20,debt,71.71
116,104,12,existence,353.19
156,121,35,payment,408.46
11,7,4,existence,26.47
67,57,10,payment,201.12
120,95,25,payment,420.32
147,133,14,debt,439.5
21,21,0,existence,70.94
143,24,119,payment,335.44
55,16,39,debt,97.31
35,19,16,debt,106.15
124,81,43,payment,265.33
8,3,5,debt,43.65
88,1,87,payment,150.22
109,54,55,existence,196.11
149,78,71,payment,361.44
92,38,54,debt,291.02
11,10,1,debt,50.81
79,9,70,payment,130.97
13,10,3,payment,39.91
68,13,55,debt,106.63
2,1,1,debt,32.24
152,16,136,debt,279.75
113,53,60,existence,257.15
102,51,51,debt,284.83
17,11,6,debt,55.09
103,12,91,existence,219.99
126,105,21,existence,368.09
8,8,0,payment,31.52
7,3,4,existence,14.41
38,25,13,payment,103.7
110,47,63,payment,226.04
84,60,24,debt,246.38
62,9,53,payment,175.26
153,39,114,existence,291.98
47,33,14,payment,104.25
3,1,2,debt,20.38
11,8,3,debt,50.33
58,18,40,existence,153.49
56,37,19,payment,117.25
28,12,16,payment,56.75
132,102,30,existence,264.37
81,43,38,existence,235.06
101,48,53,existence,205.5
30,20,10,existence,84.26
116,54,62,debt,286.33
72,58,14,debt,222.78
151,21,130,payment,268.2
52,45,7,existence,163.48
91,44,47,existence,251.26
81,76,5,debt,218.26
89,44,45,payment,262.74
114,76,38,debt,216.78
40,31,9,debt,118.25
119,3,116,existence,191.57
95,50,45,debt,272.93
14,14,0,existence,37.16
117,66,51,debt,392.17
129,1,128,payment,245.73
48,19,29,existence,85.19
31,17,14,existence,69.75
60,37,23,existence,117.46
6,4,2,debt,37.71
148,56,92,debt,438.88
105,104,1,debt,385.46
14,2,12,existence,20.7
116,51,65,existence,227.02
41,14,27,existence,72.5
94,20,74,payment,138.65
38,38,0,debt,102.87
52,13,39,debt,123.36
10,10,0,existence,27.83
84,30,54,payment,240.23
91,33,58,payment,179.61
153,29,124,payment,250.8
91,35,56,debt,283.51
75,20,55,payment,204.67
92,25,67,debt,260.81
121,79,42,payment,340.92
39,36,3,debt,122.78
21,5,16,payment,40.85
50,37,13,existence,136.24
94,52,42,debt,229.61
13,7,6,debt,53.75
68,6,62,payment,127.82
71,64,7,payment,149.37
43,20,23,existence,107.56
86,7,79,payment,176.06
55,4,51,existence,94.64
141,101,40,existence,368.25
61,60,1,payment,191.02
136,135,1,payment,431.94
69,26,43,debt,186.39
38,34,4,debt,141.3
63,10,53,payment,167.39
84,55,29,debt,225.13
103,17,86,payment,268.57
31,16,15,existence,71.85
25,17,8,payment,87.2
130,48,82,payment,392.23
40,17,23,existence,74.36
87,8,79,debt,141.71
149,129,20,debt,389.15
45,43,2,existence,167.52
114,80,34,existence,306.23
45,31,14,existence,104.27
40,33,7,existence,114.14
21,6,15,existence,43.02
16,15,1,payment,70.45
80,20,60,payment,175.47
98,26,72,payment,152.47
109,84,25,existence,255.18
75,20,55,debt,175.17
36,34,2,payment,89.19
68,32,36,existence,148.83
114,31,83,debt,188.03
147,136,11,debt,417.11
116,95,21,existence,265.03
8,5,3,debt,52.55
88,20,68,payment,246.71
113,83,30,payment,356.93
20,19,1,debt,68.34
121,16,105,payment,229.49
155,101,54,payment,405.52
77,27,50,debt,206.01
105,87,18,existence,252.65
147,104,43,debt,291.91
54,17,37,debt,162.03
33,5,28,existence,62.45
97,57,40,existence,258.66
51,43,8,existence,115.64
135,23,112,existence,292.7
25,7,18,payment,60.34
46,39,7,payment,94.88
80,74,6,payment,263.88
116,5,111,debt,237.63
148,14,134,existence,209.48
12,6,6,payment,41.85
121,73,48,payment,323.48
83,1,82,payment,151.13
123,91,32,debt,299.64
4,4,0,payment,20.36
17,15,2,debt,70.87
145,80,65,debt,309.6
76,66,10,existence,135.97
90,3,87,existence,180.72
76,60,16,existence,169.19
26,9,17,debt,85.83
20,17,3,debt,71.44
57,12,45,payment,125.61
156,17,139,payment,398.5
105,86,19,existence,324.15
13,4,9,existence,33.8
108,68,40,existence,306.19
78,41,37,existence,206.6
50,34,16,payment,178.67
99,55,44,existence,226.48
52,11,41,payment,107.35
16,12,4,existence,26.98
153,121,32,existence,453.51
106,83,23,debt,250.67
74,72,2,debt,239.04
142,83,59,debt,280.19
82,13,69,existence,109.86
141,59,82,debt,379.72
133,50,83,existence,360.22
42,29,13,debt,100.34
80,38,42,existence,156.77
109,66,43,existence,212.19
53,17,36,payment,131.95
23,18,5,debt,78.72
15,11,4,debt,49.92
62,33,29,debt,198.17
128,5,123,payment,273.57
39,23,16,payment,79.4
28,19,9,payment,70.56
152,149,3,payment,563.46
128,71,57,existence,223.87
147,132,15,payment,431.87
151,26,125,existence,309.32
143,1,142,debt,351.03
46,27,19,debt,89.77
36,34,2,existence,92.99
123,6,117,debt,194.25
81,57,24,payment,245.83
129,36,93,payment,259.46
146,60,86,payment,374.11
155,138,17,existence,375.15
102,16,86,debt,271.69
125,84,41,existence,415.58
75,10,65,existence,180.27
121,99,22,payment,388.1
12,3,9,existence,27.76
156,146,10,existence,425.53
110,13,97,debt,276.93
40,35,5,existence,106.06
103,72,31,payment,294.44
121,84,37,debt,294.4
85,72,13,payment,218.3
54,39,15,existence,152.01
112,13,99,payment,162.85
13,5,8,debt,43.07
118,104,14,payment,288.57
106,19,87,payment,193.08
70,24,46,existence,149.62
137,79,58,debt,307.56
18,4,14,debt,55.83
1,1,0,debt,30.52
64,12,52,payment,166.89
142,92,50,debt,455.13
145,67,78,existence,374.9
48,27,21,existence,110.59
44,36,8,debt,136.19
83,48,35,payment,180.4
103,97,6,payment,355.76
125,93,32,payment,262.55
100,39,61,payment,206.67
33,22,11,payment,66.46
81,41,40,payment,134.31
144,53,91,debt,287.16
71,25,46,payment,126.32
42,25,17,debt,147.04
150,51,99,debt,342.95
74,65,9,debt,216.3
9,1,8,existence,18.21
51,48,3,debt,138.58
103,46,57,debt,252.03
156,51,105,debt,262.83
74,52,22,existence,141.21
147,32,115,debt,236.79
157,90,67,existence,330.89
135,107,28,existence,278.96
149,3,146,payment,365.89
86,17,69,existence,137.94
98,74,24,debt,204.55
154,112,42,debt,459.7
41,19,22,debt,124.59
57,51,6,debt,210.09
52,25,27,existence,155.86
132,130,2,debt,429.19
8,2,6,payment,29.96
31,21,10,existence,68.06
105,37,68,existence,276.73
103,64,39,debt,331.18
114,23,91,existence,232.27
7,7,0,payment,34.26
34,8,26,existence,94.26
2,2,0,existence,7.26
80,35,45,payment,239.16
145,126,19,existence,264.93
108,83,25,payment,349.58
56,55,1,debt,172.4
144,95,49,debt,362.11
66,7,59,debt,134.95
147,55,92,debt,380.59
103,99,4,debt,273.9
21,19,2,existence,50.03
147,93,54,payment,354.74
17,8,9,debt,60.34
151,124,27,debt,528.81
117,1,116,payment,229.69
27,27,0,payment,88.94
88,14,74,existence,190.38
28,20,8,payment,101.45
156,11,145,payment,312.24
33,9,24,payment,79.33
129,90,39,debt,264.26
45,8,37,payment,127.45
145,122,23,existence,329.74
1,1,0,debt,31.5
17,3,14,payment,49.03
96,47,49,existence,233.52
121,32,89,payment,231.72
148,3,145,payment,185.63
84,34,50,payment,213.6
44,29,15,payment,97.71
40,3,37,debt,82.25
97,78,19,existence,208.44
26,16,10,debt,112.75
36,8,28,payment,77.51
19,7,12,existence,28.1
63,58,5,debt,239.05
6,2,4,payment,28.64
109,6,103,payment,178.84
52,19,33,debt,117.28
36,25,11,payment,85.42
105,68,37,debt,309.98
22,12,10,payment,66.27
37,36,1,payment,142.15
52,6,46,debt,139.72
37,16,21,existence,101.67
105,68,37,existence,206.27
125,42,83,existence,353.23
30,1,29,existence,41.42
12,8,4,payment,43.38
134,101,33,existence,425.32
67,7,60,existence,164.37
27,2,25,debt,66.86
139,28,111,existence,364.53
93,18,75,payment,242.31
122,82,40,debt,391.83
87,42,45,debt,244.52
102,92,10,payment,289.36
122,35,87,existence,292.05
100,84,16,debt,360.23
3,2,1,debt,24.72
127,39,88,existence,239.97
3,2,1,debt,29.72
130,55,75,debt,415.68
33,30,3,payment,132.32
133,14,119,debt,251.63
54,38,16,payment,171.98
17,2,15,debt,60.09
76,57,19,existence,215.51
107,83,24,payment,263.1
56,40,16,debt,171.39
152,116,36,debt,398.12
31,23,8,payment,86.43
100,25,75,payment,160.18
127,58,69,existence,238.79
115,86,29,debt,346.91
111,86,25,debt,388.17
21,2,19,payment,59.66
37,2,35,debt,59.86
110,8,102,debt,209.78
140,110,30,existence,295.77
27,17,10,debt,70.66
16,5,11,debt,58.36
89,61,28,debt,190.74
17,12,5,existence,51.32
9,6,3,debt,51.44
10,5,5,debt,52.2
87,53,34,payment,190.32
33,27,6,payment,81.68
140,113,27,debt,457.12
122,43,79,payment,294.71
134,99,35,payment,396.01
33,26,7,payment,98.26
52,30,22,existence,144.53
35,29,6,payment,103.91
126,118,8,debt,415.29
141,50,91,payment,278.42
74,72,2,existence,185.36
99,35,64,payment,189.07
125,119,6,payment,497.55
143,121,22,payment,514.76
56,3,53,existence,114.68
80,65,15,existence,194.79
58,9,49,debt,146.91
106,57,49,debt,256.76
44,35,9,payment,147.54
57,33,24,payment,167.42
127,15,112,existence,254.53
149,122,27,payment,503.66
122,102,20,payment,428.85
116,114,2,existence,420.14
45,17,28,payment,130.42
133,7,126,existence,275.13
109,62,47,payment,334.75
25,23,2,payment,81.56
29,4,25,debt,60.33
23,15,8,payment,60.45
126,55,71,existence,228.55
148,74,74,payment,377.6
19,13,6,debt,68.37
93,4,89,debt,175.13
154,113,41,debt,417.96
26,24,2,existence,81.13
70,52,18,payment,220.34
70,22,48,existence,160.01
141,29,112,payment,228.21
24,22,2,payment,91.53
19,14,5,debt,65.45
98,78,20,payment,307
91,42,49,debt,194.37
144,43,101,existence,401.43
113,42,71,debt,353.92
151,32,119,payment,349.54
118,17,101,debt,223.72
107,53,54,debt,294.74
96,59,37,debt,221.36
119,45,74,existence,244.51
76,67,9,debt,254.46
48,18,30,debt,159.82
40,10,30,existence,109.64
92,25,67,payment,234.37
135,39,96,existence,192.43
76,55,21,payment,222.46
149,146,3,payment,427.09
150,75,75,payment,390.22
88,25,63,payment,165.94
141,47,94,debt,302.63
15,8,7,payment,57.67
38,33,5,debt,91.16
80,47,33,existence,151.24
148,129,19,existence,314.88
48,13,35,debt,126.29
136,72,64,payment,333.34
74,41,33,payment,152.36
56,16,40,existence,124.71
144,114,30,existence,396.45
113,44,69,existence,214.09
49,34,15,existence,110.49
143,139,4,existence,321.25
105,87,18,payment,331.04
82,70,12,debt,217.93
32,17,15,existence,73.65
26,12,14,existence,67.14
41,5,36,existence,98.46
59,57,2,existence,173.83
74,35,39,debt,219.49
37,29,8,payment,112.34
100,68,32,payment,189.67
108,79,29,existence,238.95
102,40,62,existence,241.25
11,6,5,payment,36.13
36,22,14,payment,104.93
86,86,0,payment,277.19
21,15,6,debt,93.37
147,111,36,existence,475.46
146,11,135,existence,366.57
59,20,39,existence,119.04
149,18,131,existence,312.5
3,3,0,debt,35.48
71,19,52,debt,135.94
152,88,64,debt,367.05
125,84,41,debt,249.21
93,67,26,existence,243.55
131,51,80,payment,280.53
16,12,4,payment,62.26
2,1,1,debt,22.01
40,11,29,existence,104.42
129,62,67,debt,302.05
50,38,12,debt,168.24
133,69,64,debt,419.77
67,19,48,existence,150.75
18,6,12,existence,38.06
28,2,26,debt,89.72
70,14,56,existence,158.76
35,34,1,payment,121.71
39,24,15,debt,98.52
49,11,38,existence,117.01
13,4,9,payment,53.07
84,78,6,payment,279.11
155,28,127,debt,361.15
88,78,10,debt,249
16,11,5,existence,55.1
82,4,78,debt,161.2
132,131,1,payment,432.79
139,33,106,debt,295.63
44,28,16,payment,160.81
53,1,52,debt,124.22
128,105,23,existence,404.91
87,4,83,debt,163.78
90,19,71,debt,166.73
67,40,27,payment,179.33
55,50,5,payment,141.79
37,4,33,debt,67.98
87,21,66,debt,165.97
87,19,68,payment,146.83
85,28,57,debt,208.57
120,55,65,debt,320.41
31,31,0,payment,102.66
47,38,9,debt,162.05
35,33,2,debt,153.65
18,12,6,existence,36.49
79,31,48,existence,239.95
35,1,34,payment,82.06
9,1,8,debt,38.42
140,122,18,debt,289.43
70,2,68,payment,173.54
43,29,14,debt,117.62
153,87,66,debt,314.41
108,8,100,debt,256.62
7,3,4,existence,15.41
157,130,27,debt,411.83
120,7,113,debt,307.47
33,20,13,existence,92.04
8,4,4,existence,21.93
114,2,112,payment,288.86
38,35,3,debt,96.63
56,43,13,debt,177.66
6,4,2,existence,16.8
90,10,80,debt,139.49
18,16,2,debt,84.56
18,5,13,existence,44.49
55,4,51,debt,113.64
143,34,109,debt,227.8
90,18,72,payment,246.79
144,9,135,debt,275.84
145,140,5,existence,416.01
32,11,21,payment,68.48
48,15,33,existence,84.35
28,9,19,existence,67.16
82,48,34,existence,172.16
57,56,1,debt,181.03
114,7,107,debt,260.63
6,3,3,payment,29.51
50,41,9,existence,149.45
88,15,73,payment,131.75
17,14,3,debt,73.47
105,75,30,payment,315.56
145,84,61,payment,301.17
97,45,52,existence,198.26
65,18,47,existence,110.86
67,9,58,payment,120.25
69,19,50,payment,127.63
133,54,79,debt,322.98
154,35,119,debt,370.22
86,21,65,existence,144
22,22,0,payment,74.15
115,93,22,payment,243.68
45,1,44,debt,77.73
25,13,12,payment,59.87
60,7,53,payment,123.18
72,52,20,debt,225.53
127,5,122,existence,203.96
117,107,10,payment,250.33
92,59,33,existence,228.58
22,2,20,existence,50.86
23,11,12,existence,45.35
48,30,18,payment,163.86
37,11,26,debt,83.64
56,10,46,debt,118.82
121,6,115,existence,232.84
154,3,151,payment,360.1
8,5,3,existence,15.97
143,24,119,debt,267.2
120,48,72,payment,335.09
95,39,56,existence,221.18
109,55,54,payment,222.55
131,93,38,existence,260.33
94,50,44,debt,270.16
116,3,113,existence,160.18
135,2,133,existence,195.59
151,141,10,debt,446.29
76,67,9,existence,177.66
47,34,13,debt,151.87
75,42,33,existence,202.56
34,22,12,existence,104.9
63,23,40,existence,130.16
73,48,25,existence,211.23
140,135,5,debt,391.95
8,2,6,debt,37.7
12,7,5,existence,33.92
94,65,29,debt,319.49
25,25,0,debt,84.46
69,36,33,debt,177.81
70,1,69,existence,126.13
59,21,38,debt,130.46
82,9,73,payment,204.88
155,80,75,debt,481.81
7,3,4,debt,21.98
97,74,23,payment,239.3
123,24,99,existence,223.01
53,23,30,payment,129.6
142,6,136,existence,344.92
124,30,94,debt,242.52
64,33,31,existence,119.23
94,56,38,payment,247.28
123,96,27,existence,360.83
127,27,100,payment,243.69
64,53,11,debt,168.72
55,24,31,debt,151.26
102,46,56,payment,243.73
43,17,26,payment,119.69
70,37,33,existence,152.09
130,56,74,debt,311.65
142,127,15,payment,394.3
125,97,28,existence,295.61
143,125,18,payment,479.08
20,15,5,debt,58.37
50,44,6,existence,185.07
114,67,47,debt,370.15
83,23,60,payment,160.36
46,11,35,debt,78.74
110,37,73,debt,352.06
116,101,15,debt,374.39
22,19,3,existence,43.21
21,13,8,debt,81.5
58,27,31,debt,162.09
39,31,8,existence,118.59
51,15,36,debt,124.87
156,76,80,payment,345.21
156,114,42,payment,407.52
58,10,48,existence,139.77
118,48,70,existence,234.84
103,9,94,existence,267.07
59,15,44,payment,148.07
99,20,79,debt,268.94
153,69,84,existence,238.06
137,15,122,payment,195.52
13,2,11,existence,21.32
111,35,76,payment,189.2
139,12,127,existence,316.3
15,14,1,existence,43.23
38,7,31,payment,98.82
124,54,70,payment,315.09
23,17,6,debt,72.4
122,15,107,existence,244.71
127,86,41,payment,372.52
118,117,1,existence,291.25
131,65,66,payment,339.8
95,70,25,payment,294.96
91,77,14,existence,304.77
92,65,27,existence,238.67
4,4,0,existence,13.76
91,22,69,existence,189.28
71,64,7,existence,243.49
2,2,0,payment,12.6
105,38,67,existence,270.3
49,2,47,debt,87.43
36,17,19,existence,113.42
157,78,79,payment,291.21
126,25,101,existence,202.49
95,49,46,debt,269.92
138,105,33,debt,472.88
42,31,11,payment,143.1
54,43,11,payment,130.1
59,59,0,payment,199.08
108,52,56,existence,212.27
2,1,1,payment,12.46
2,2,0,existence,5.39
60,5,55,payment,152.62
148,6,142,payment,220.79
134,50,84,payment,351.53
81,59,22,existence,245.2
69,34,35,existence,164.51
104,12,92,existence,144.34
39,23,16,debt,133.37
145,107,38,debt,417.85
98,50,48,payment,227.98
129,97,32,debt,319.9
18,12,6,payment,64.25
16,15,1,debt,61.32
148,96,52,debt,426.54
66,20,46,debt,119.8
60,4,56,debt,162.06
145,61,84,existence,389.93
137,47,90,payment,326.92
60,34,26,payment,175.87
12,10,2,payment,50.47
51,29,22,existence,150.05
75,14,61,payment,210.62
7,2,5,debt,26.56
24,5,19,payment,55.47
50,46,4,existence,125.41
57,22,35,existence,162.84
64,44,20,debt,217.19
8,1,7,existence,15.51
123,50,73,existence,267.19
100,55,45,debt,304.71
104,34,70,debt,274.35
58,55,3,existence,222.3
138,120,18,debt,399.56
77,49,28,payment,251.43
136,33,103,debt,381.79
150,96,54,existence,391.68
36,2,34,debt,71.11
137,5,132,debt,310.23
85,29,56,existence,157.62
104,59,45,payment,239.16
138,43,95,debt,231.05
32,26,6,payment,81.67
136,113,23,existence,382.68
77,45,32,payment,227.01
24,14,10,debt,91.47
6,2,4,debt,34.71
121,44,77,payment,365.64
121,77,44,debt,348.73
14,12,2,existence,39.18
102,63,39,payment,203.11
39,29,10,existence,103.76
10,10,0,payment,41.3
141,82,59,payment,270.86
24,12,12,existence,55.68
105,57,48,existence,233.93
61,27,34,payment,126.15
137,27,110,payment,252.33
7,2,5,existence,17.05
126,56,70,existence,346.72
94,66,28,payment,319.64
138,69,69,payment,419.82
1,1,0,existence,2.49
147,117,30,payment,400.55
107,40,67,existence,286.6
156,50,106,payment,391.19
75,31,44,existence,185.74
118,110,8,debt,329.08
93,72,21,debt,349.04
42,28,14,payment,117.18
71,4,67,debt,155.98
40,11,29,debt,98.19
7,5,2,payment,36.28
28,12,16,debt,91.03
80,46,34,debt,206.71
151,105,46,existence,378.95
76,19,57,debt,217.8
151,113,38,debt,392.01
76,6,70,debt,149.84
34,2,32,payment,85.95
71,14,57,payment,114.11
59,17,42,payment,119.25
101,86,15,payment,302.98
117,3,114,existence,200.32
65,37,28,existence,195.26
75,43,32,payment,212.7
26,18,8,debt,97.21
53,35,18,existence,108.06
11,1,10,existence,17.23
71,18,53,payment,124.52
23,2,21,existence,55.73
28,12,16,payment,76.07
40,21,19,debt,82
34,24,10,payment,84.69
116,17,99,existence,299.53
126,43,83,existence,364.66
131,49,82,payment,216.76
69,26,43,debt,181.06
60,16,44,debt,101.62
99,57,42,debt,291.54
144,33,111,existence,212.49
117,14,103,existence,299.47
59,11,48,payment,127.33
26,26,0,payment,108.26
43,20,23,existence,101.81
137,6,131,existence,337.93
149,136,13,payment,472.55
98,49,49,debt,230.4
64,29,35,debt,152.14
92,41,51,existence,249.86
107,82,25,existence,286.53
123,67,56,debt,273.87
131,90,41,payment,364.89
106,66,40,payment,331.33
6,1,5,existence,14.35
128,16,112,existence,214.52
18,2,16,payment,48.36
145,12,133,payment,251.06
9,3,6,existence,14.57
38,32,6,existence,109.61
132,72,60,debt,386.83
104,72,32,existence,318.49
145,115,30,payment,368.56
97,26,71,existence,208.53
145,74,71,existence,426.13
104,66,38,debt,356.9
25,5,20,debt,57.68
1,1,0,payment,17.4
127,65,62,existence,315.8
27,13,14,existence,74.94
55,51,4,payment,199.21
115,53,62,debt,237.37
109,79,30,existence,375.48
138,133,5,payment,349.79
19,3,16,debt,58.43
19,9,10,existence,34.19
5,1,4,payment,25.91
139,130,9,payment,471.68
69,63,6,payment,187.65
83,81,2,payment,237.65
106,46,60,debt,293.74
77,22,55,debt,136.5
6,2,4,debt,45.95
58,44,14,payment,192.98
58,3,55,debt,132.64
121,32,89,debt,199.74
157,57,100,payment,365.16
38,30,8,payment,97.61
28,4,24,existence,72.62
134,125,9,existence,387.46
155,115,40,existence,434.15
85,55,30,payment,239.18
127,59,68,payment,296.97
33,28,5,existence,100.52
25,1,24,existence,36.02
58,6,52,existence,117.57
126,100,26,existence,387.12
47,29,18,payment,137.08
93,51,42,payment,195.31
108,42,66,payment,208.59
123,36,87,debt,263.4
22,2,20,existence,57.67
95,90,5,payment,308.06
33,32,1,payment,111.43
127,106,21,existence,379.31
11,11,0,debt,51.48
102,1,101,debt,254.63
94,41,53,payment,201.73
34,2,32,payment,66.28
152,40,112,debt,257.24
129,88,41,payment,425.1
132,71,61,existence,267.78
85,55,30,existence,209.98
50,49,1,existence,164.32
54,52,2,existence,124.11
105,19,86,debt,182.29
154,79,75,existence,293.64
12,7,5,debt,56.15
84,20,64,existence,200.91
126,37,89,existence,345.93
73,18,55,payment,190.56
132,1,131,payment,236.68
129,47,82,payment,287.51
130,130,0,debt,460.19
39,31,8,debt,121.71
77,58,19,existence,160.97
96,67,29,debt,193.08
122,88,34,existence,310.48
71,38,33,payment,176.6
137,66,71,debt,397.85
147,27,120,debt,267.08
119,70,49,debt,329.36
83,4,79,debt,126.54
10,2,8,payment,22.44
93,38,55,existence,164.5
7,2,5,existence,11.47
66,9,57,payment,126.43
25,17,8,payment,50.93
77,31,46,payment,202.36
96,29,67,existence,167.61
151,64,87,payment,478.59
127,81,46,payment,329.21
123,31,92,existence,197.33
111,80,31,payment,341.97
38,6,32,debt,77.97
120,90,30,existence,373.46
68,34,34,debt,171.07
4,4,0,debt,36.43
54,15,39,debt,101.43
15,1,14,existence,26.86
80,57,23,payment,203.03
117,39,78,payment,282.7
141,5,136,payment,187.93
138,130,8,debt,389.05
93,30,63,payment,200.85
60,13,47,debt,166.79
127,1,126,debt,205.2
72,31,41,existence,211.47
142,63,79,existence,339.42
12,4,8,debt,43.84
92,26,66,existence,167.25
6,4,2,existence,13.16
55,32,23,payment,163.41
123,9,114,debt,182.9
148,71,77,existence,268.67
74,33,41,payment,168.75
35,6,29,payment,73.43
69,38,31,existence,144.92
122,34,88,existence,273.34
22,8,14,debt,69.09
5,3,2,debt,20.54
98,20,78,debt,166.98
146,49,97,debt,387.43
142,7,135,existence,326.9
32,24,8,payment,103.71
57,8,49,debt,122.23
56,36,20,payment,188.25
140,95,45,existence,396.25
29,19,10,existence,65.79
150,128,22,existence,398.96
2,2,0,existence,5.72
87,74,13,debt,246.72
129,17,112,existence,180.92
113,22,91,existence,195.56
111,2,109,debt,259.63
14,6,8,debt,59.65
59,33,26,payment,143.79
95,77,18,payment,253.03
8,5,3,debt,25.97
56,8,48,payment,111.65
36,28,8,existence,107.13
132,55,77,payment,338.45
37,33,4,existence,75.5
89,35,54,payment,209.27
82,28,54,debt,258.45
137,45,92,existence,282.54
69,35,34,debt,192.59
99,10,89,payment,199.34
129,23,106,payment,252.16
114,78,36,payment,273.21
64,25,39,debt,192.44
17,8,9,existence,44.04
144,124,20,existence,426.5
43,4,39,existence,88.9
145,9,136,debt,210.68
53,36,17,payment,177.16
28,28,0,debt,107.72
95,80,15,existence,240.63
75,2,73,payment,180.91
84,68,16,payment,224.09
25,7,18,existence,49.22
45,16,29,existence,125.5
145,84,61,existence,330.45
24,22,2,debt,66.51
124,68,56,payment,338.17
125,52,73,debt,198.71
134,34,100,payment,330.66
138,50,88,debt,296.57
114,49,65,payment,241.07
151,53,98,existence,305.38
8,8,0,payment,46.4
39,33,6,existence,73.53
35,12,23,debt,120.64
73,10,63,payment,202.74
23,4,19,debt,56.88
17,5,12,existence,44.78
8,5,3,debt,42.39
61,48,13,existence,204.74
109,67,42,payment,196.97
82,56,26,payment,259.05
116,10,106,debt,314.07
132,82,50,debt,395.48
121,14,107,existence,263.5
34,11,23,debt,124.59
122,116,6,debt,396
61,27,34,debt,186.17
86,55,31,existence,257.5
81,77,4,debt,308.48
89,8,81,payment,175.71
31,9,22,debt,78.56
94,39,55,payment,226.31
99,44,55,payment,199.89
71,27,44,payment,176.75
141,49,92,debt,330.23
78,25,53,payment,218.43
125,55,70,debt,234.6
129,109,20,debt,328.17
8,4,4,debt,35.63
85,12,73,payment,170.08
65,21,44,existence,135.03
81,78,3,debt,211.15
82,11,71,payment,219.75
123,48,75,payment,342.28
104,58,46,existence,325.18
60,3,57,payment,102.38
32,32,0,existence,97.09
124,4,120,payment,166.43
99,19,80,existence,255.15
55,7,48,debt,131.17
150,113,37,payment,320.76
112,81,31,debt,321.7
59,47,12,payment,179.63
48,42,6,existence,108.35
148,66,82,debt,412.03
6,2,4,existence,11.87
122,77,45,existence,400.23
118,108,10,existence,340.84
70,25,45,debt,157.07
115,79,36,existence,193.9
56,31,25,debt,176.26
132,30,102,existence,220.61
47,37,10,existence,136.41
110,13,97,existence,219.68
54,35,19,debt,180.11
31,14,17,debt,91.03
9,8,1,payment,30.29
143,126,17,debt,425.22
74,17,57,payment,174.77
9,4,5,debt,40.92
61,32,29,existence,177.74
83,24,59,existence,160.53
91,28,63,payment,193.84
102,40,62,debt,262.22
109,83,26,existence,274.83
93,78,15,payment,246.75
130,14,116,existence,188.1
15,8,7,debt,48.39
102,14,88,debt,269.21
93,21,72,existence,143.59
103,45,58,existence,270.06
2,2,0,existence,6.57
63,43,20,existence,174.2
70,43,27,existence,167.26
139,33,106,payment,277.25
34,21,13,payment,113.57
156,131,25,existence,560.61
51,19,32,existence,126.53
17,1,16,existence,36.73
8,8,0,debt,36.96
97,23,74,payment,230.15
65,33,32,debt,142.84
27,5,22,payment,51.43
85,84,1,existence,182.11
154,87,67,debt,382.71
44,16,28,payment,91.53
10,5,5,existence,21
13,2,11,existence,31.64
37,29,8,existence,117.07
105,12,93,payment,170.53
85,33,52,debt,162.76
31,11,20,payment,67.97
108,70,38,debt,222.87
30,28,2,payment,116.9
82,49,33,debt,193.7
62,43,19,payment,151.44
17,12,5,payment,49.45
153,8,145,existence,273.67
62,27,35,payment,127.71
112,106,6,debt,269.61
110,4,106,debt,206.91
86,59,27,payment,258.11
127,35,92,debt,280.34
113,102,11,payment,277.88
123,15,108,payment,303.2
154,98,56,payment,392.72
48,13,35,existence,126.72
30,19,11,existence,75.55
73,68,5,existence,191.42
66,32,34,debt,204.54
131,89,42,debt,430.83
16,16,0,debt,77.48
53,20,33,existence,101.05
59,31,28,payment,152.53
12,7,5,payment,53.87
67,15,52,existence,153.55
56,20,36,payment,108.38
139,27,112,debt,385.64
133,27,106,payment,217.89
84,39,45,payment,211.38
79,6,73,existence,150.03
78,19,59,payment,179.29
47,17,30,payment,132.59
66,29,37,debt,140.08
87,81,6,payment,239.23
69,34,35,payment,192.11
30,21,9,existence,75.2
73,68,5,payment,230.18
117,8,109,payment,201.81
152,124,28,payment,542.08
144,78,66,payment,457.22
55,49,6,existence,185.98
156,71,85,existence,355.23
72,25,47,payment,145.73
134,45,89,debt,228.16
82,54,28,existence,253.88
53,15,38,payment,140.25
48,38,10,debt,134.89
84,51,33,debt,291.37
86,25,61,debt,211.38
138,130,8,payment,357.06
85,51,34,debt,211.87
52,42,10,existence,168.28
143,118,25,payment,369.72
41,6,35,payment,80.88
48,22,26,existence,117.92
105,17,88,debt,244.07
139,132,7,existence,308.15
6,2,4,debt,33.52
90,51,39,debt,277.69
36,21,15,debt,78.85
6,6,0,existence,17.82
26,16,10,payment,89.34
107,28,79,debt,253.12
8,5,3,debt,41.77
43,21,22,existence,104.94
22,17,5,existence,38.63
91,2,89,debt,225
49,16,33,debt,128.15
47,46,1,debt,177.54
72,48,24,existence,195.02
55,14,41,debt,109.92
54,3,51,debt,107.1
40,32,8,payment,135.14
86,23,63,debt,212.22
34,17,17,existence,94.91
107,51,56,payment,261.46
19,1,18,debt,48.74
139,17,122,existence,191.91
87,55,32,debt,242.48
126,19,107,payment,207.07
136,135,1,existence,346.31
80,28,52,debt,194.11
124,120,4,debt,410.74
139,133,6,debt,546.31
88,1,87,debt,211.5
71,24,47,existence,123.79
98,77,21,existence,217.78
129,81,48,existence,301.91
111,52,59,payment,311.64
123,46,77,payment,316.44
141,1,140,payment,219.73
2,2,0,payment,25.29
1,1,0,existence,3.05
20,18,2,payment,67.21
122,72,50,debt,328.47
4,4,0,payment,15.19
102,8,94,payment,276.6
25,17,8,debt,54.99
138,29,109,payment,313.15
80,74,6,debt,224.4
68,56,12,debt,198.26
142,88,54,debt,275.22
119,114,5,debt,393.82
125,113,12,existence,327.31
39,3,36,existence,98.5
90,42,48,debt,250.99
148,11,137,payment,368.95
109,96,13,existence,332.49
2,2,0,existence,4.89
38,27,11,existence,118.02
96,42,54,existence,264.07
93,14,79,debt,163.74
132,119,13,existence,335.43
20,20,0,existence,53.77
153,41,112,debt,395.32
139,126,13,payment,332.24
44,21,23,debt,99.15
83,83,0,payment,233.23
128,17,111,existence,205.49
26,4,22,existence,59.71
151,7,144,debt,288.67
1,1,0,payment,12.68
11,2,9,debt,34.58
141,141,0,debt,407.05
110,43,67,payment,249.92
22,22,0,payment,52.05
71,6,65,existence,117.17
56,25,31,debt,151.41
6,4,2,payment,36.81
123,76,47,existence,376.99
120,97,23,existence,300.77
138,119,19,payment,350.91
65,19,46,payment,111.17
139,33,106,payment,344.63
38,5,33,payment,78.14
104,66,38,existence,330.94
44,5,39,payment,98.47
77,62,15,debt,190.42
157,100,57,debt,451.74
137,67,70,existence,240.17
155,141,14,existence,430.31
8,4,4,debt,32.56
97,86,11,existence,316.16
43,11,32,existence,97.94
88,6,82,payment,119.11
113,66,47,existence,181.99
86,44,42,existence,194.95
8,1,7,debt,41.36
134,86,48,existence,368.6
87,16,71,existence,164.65
119,20,99,payment,286.14
79,8,71,existence,162.63
49,33,16,existence,137.6
36,29,7,debt,75.7
102,31,71,payment,218.86
83,30,53,debt,130.8
88,58,30,debt,252.16
96,49,47,debt,220.6
18,5,13,payment,57.35
49,31,18,debt,117.87
154,141,13,existence,341.99
48,9,39,existence,123.95
45,15,30,debt,140.61
95,76,19,payment,299.25
154,2,152,payment,311.5
38,34,4,existence,112.56
29,22,7,existence,99.1
83,14,69,debt,220.66
23,20,3,payment,95.1
28,6,22,existence,57.93
24,24,0,payment,89.28
53,38,15,debt,118.38
52,18,34,existence,136.18
13,9,4,payment,42.91
86,63,23,debt,280.33
18,16,2,debt,68.52
2,1,1,debt,24.09
115,75,40,payment,306.49
11,2,9,debt,43.51
37,25,12,existence,91.19
146,102,44,payment,434.78
58,28,30,payment,177.23
119,32,87,payment,323.54
112,75,37,payment,322.18
34,33,1,payment,88.24
147,67,80,existence,340.87
60,59,1,payment,199.71
7,2,5,payment,29.4
14,3,11,existence,35.11
55,6,49,existence,70.11
70,68,2,payment,272.1
19,12,7,payment,45.13
98,76,22,payment,320.12
30,19,11,existence,92.95
48,9,39,existence,123.75
155,46,109,debt,310.51
16,5,11,debt,35.18
150,141,9,existence,322.08
84,34,50,existence,141.43
126,21,105,payment,218.76
33,4,29,debt,78
72,20,52,existence,113.18
41,8,33,payment,104.47
40,30,10,payment,103.18
32,7,25,debt,56.01
104,95,9,debt,331.07
51,38,13,payment,123.25
82,23,59,existence,186.46
102,86,16,payment,289.94
30,25,5,debt,87.73
33,20,13,debt,104.24
54,8,46,existence,89.59
85,56,29,payment,206.91
15,8,7,existence,43.26
29,9,20,payment,77.4
70,8,62,payment,176.16
82,63,19,debt,249.25
71,54,17,existence,166.6
121,89,32,existence,409.55
127,87,40,debt,257.5
70,55,15,debt,227.51
153,127,26,debt,381.31
50,13,37,debt,129.27
102,54,48,debt,240.92
103,58,45,existence,304.53
120,51,69,debt,348
33,16,17,debt,98.05
137,109,28,debt,353.38
106,7,99,debt,288.98
46,31,15,payment,122.07
69,25,44,debt,149.11
65,48,17,payment,165.53
155,155,0,debt,341.43
16,8,8,debt,58.2
71,24,47,payment,203.44
55,18,37,payment,103.91
124,79,45,payment,286.81
45,3,42,debt,106.33
10,10,0,existence,29.94
137,35,102,debt,273.91
122,113,9,existence,294.09
123,61,62,debt,277.4
26,12,14,debt,81.15
20,18,2,payment,81.05
61,55,6,payment,215.76
87,11,76,existence,211.73
15,3,12,payment,38.65
137,122,15,payment,422.46
118,57,61,debt,273.69
79,42,37,payment,186.29
121,15,106,debt,196.89
100,54,46,payment,292.71
48,36,12,payment,145.33
74,27,47,payment,130.33
71,34,37,debt,187.95
41,24,17,existence,110.3
99,29,70,existence,151.83
148,127,21,debt,362.19
22,9,13,debt,69.9
66,9,57,payment,119.66
24,20,4,debt,82.02
140,128,12,payment,420.03
64,11,53,payment,152.81
143,45,98,debt,396.08
92,66,26,existence,191.67
80,4,76,payment,203.8
40,1,39,existence,89
69,32,37,debt,168.54
86,15,71,payment,190.94
86,71,15,debt,174.65
93,53,40,payment,267.58
27,13,14,debt,95.05
15,8,7,payment,54.4
10,8,2,existence,22.92
86,31,55,payment,172.85
116,52,64,payment,368.08
123,84,39,existence,345.97
58,52,6,existence,185.18
69,13,56,payment,126.42
93,89,4,debt,225.27
91,38,53,existence,166.43
83,3,80,debt,186.17
110,74,36,debt,277.65
1,1,0,debt,31.55
39,32,7,existence,136.37
65,18,47,existence,165.49
145,64,81,existence,273.99
48,31,17,payment,118.08
57,47,10,debt,191.67
28,9,19,debt,76.97
100,81,19,debt,313.06
131,8,123,existence,283.9
72,33,39,existence,138.83
103,64,39,existence,254.83
24,8,16,existence,60.48
58,38,20,payment,138.63
68,14,54,existence,107.45
34,12,22,debt,82.28
122,110,12,payment,393.93
77,40,37,payment,165.3
69,50,19,debt,179.63
6,1,5,payment,25.21
109,11,98,existence,204.42
84,41,43,debt,177.94
142,61,81,payment,311.18
110,84,26,debt,280.47
23,21,2,payment,57.81
56,22,34,payment,129.83
11,3,8,debt,39.45
26,24,2,payment,82.07
67,27,40,payment,143.03
49,30,19,existence,95.76
72,5,67,payment,130.6
114,67,47,debt,235.21
88,79,9,debt,270.85
121,95,26,payment,322.41
108,78,30,payment,254.63
44,24,20,payment,140.17
9,4,5,payment,38.72
23,4,19,debt,63.35
53,33,20,payment,123.54
3,1,2,debt,33.54
23,21,2,payment,78.35
37,2,35,payment,85.79
35,17,18,debt,72.57
85,66,19,payment,259.81
68,29,39,existence,130.14
91,32,59,payment,257.46
147,121,26,payment,533.71
66,47,19,payment,231.28
67,57,10,debt,162.68
139,138,1,existence,505.74
82,42,40,debt,246.42
33,25,8,payment,76.26
46,41,5,existence,135.45
87,85,2,existence,293.62
106,80,26,debt,277.49
79,57,22,existence,192.43
28,1,27,debt,90.82
10,9,1,payment,32.33
90,23,67,payment,232.46
21,2,19,debt,57.33
40,16,24,debt,112.04
18,11,7,existence,57.52
37,29,8,payment,98.31
38,22,16,existence,101.95
105,24,81,payment,260.37
19,18,1,debt,71.26
35,4,31,existence,45.33
64,19,45,debt,111.53
130,45,85,existence,271.58
9,1,8,payment,31.32
112,78,34,existence,206.89
154,90,64,debt,491.59
141,69,72,debt,415.54
27,5,22,existence,54.22
108,3,105,payment,172.01
150,13,137,existence,367.03
29,29,0,payment,92.97
105,1,104,payment,166.14
39,27,12,payment,132
101,32,69,existence,221.8
22,1,21,debt,56.57
7,5,2,debt,37.64
44,6,38,payment,92.78
77,8,69,debt,227.68
43,33,10,existence,99.27
82,65,17,existence,160.68
99,89,10,payment,239.49
63,55,8,payment,169.44
126,118,8,debt,319.24
35,5,30,debt,83.55
46,21,25,payment,114.3
16,10,6,debt,61.19
32,20,12,payment,92.41
30,6,24,payment,78.3
134,56,78,debt,412.91
20,2,18,existence,43.46
88,65,23,existence,217.24
135,74,61,debt,462.38
115,82,33,existence,249.01
86,81,5,payment,313.01
106,70,36,debt,277.49
64,12,52,existence,143.88
64,64,0,debt,183.19
48,11,37,existence,127.49
119,68,51,payment,381.53
15,1,14,existence,19.3
143,81,62,existence,366.53
150,34,116,debt,271.23
16,2,14,debt,37.19
90,18,72,debt,149.05
96,93,3,payment,235.44
143,100,43,existence,372.41
12,4,8,debt,45.91
126,67,59,debt,277.62
151,29,122,existence,397.58
1,1,0,debt,21.01
100,26,74,existence,239.53
153,144,9,existence,546.75
26,3,23,existence,43.89
147,11,136,debt,204.62
146,93,53,payment,432.35
157,149,8,payment,569.82
66,66,0,debt,220.97
149,138,11,payment,484.19
12,7,5,payment,50.38
125,6,119,existence,229.98
109,108,1,existence,319.88
4,2,2,payment,22.43
61,32,29,payment,159.96
130,23,107,payment,268.99
123,100,23,payment,292.23
3,1,2,existence,4.32
34,7,27,payment,61.06
149,47,102,payment,288.29
4,2,2,debt,33.51
20,19,1,existence,57.26
118,4,114,debt,155.39
130,54,76,debt,387.37
91,16,75,debt,199.17
17,9,8,debt,42.28
89,70,19,payment,230.4
19,5,14,existence,35.34
4,1,3,debt,36.49
139,91,48,existence,300.29
153,26,127,existence,327.29
143,20,123,payment,360.42
149,56,93,debt,456.25
68,54,14,existence,190.86
69,32,37,existence,127.15
41,9,32,existence,103.48
133,66,67,payment,361.96
126,114,12,existence,337.91
60,23,37,payment,169.84
90,75,15,debt,229.66
103,8,95,payment,141.68
57,47,10,existence,141.4
135,71,64,payment,255.53
2,2,0,debt,20.6
90,74,16,payment,264.76
42,6,36,existence,86.27
73,5,68,debt,141.67
60,21,39,payment,117.41
123,39,84,debt,332.2
128,49,79,debt,325.65
5,2,3,existence,10.71
3,1,2,debt,19.44
76,39,37,existence,145.09
29,2,27,debt,76.6
9,3,6,payment,31.43
14,10,4,debt,54.89
127,11,116,existence,291.31
82,60,22,payment,245.35
2,2,0,existence,6.37
92,39,53,payment,177
35,12,23,payment,88.61
26,25,1,debt,95.67
18,8,10,payment,47.85
64,63,1,payment,173.53
133,91,42,payment,450.67
98,51,47,payment,239.22
130,64,66,debt,324.72
20,18,2,debt,57.18
26,23,3,existence,84.9
128,109,19,debt,378.95
52,2,50,existence,125.92
27,27,0,existence,67.62
66,64,2,existence,193.33
54,12,42,debt,134.64
110,52,58,debt,229.79
24,12,12,payment,68.69
92,43,49,payment,173.28
141,36,105,debt,239.05
109,85,24,payment,254.96
86,80,6,existence,186.96
156,87,69,payment,329.31
142,30,112,payment,230.63
95,74,21,existence,220.61
37,15,22,payment,107.43
138,123,15,payment,451.1
23,22,1,existence,77.82
8,4,4,payment,27.83
10,7,3,existence,27.67
143,77,66,debt,411.06
61,38,23,debt,196.1
6,4,2,debt,29.42
59,59,0,debt,158.7
79,9,70,existence,188.64
126,38,88,existence,230.37
120,77,43,payment,389.06
28,19,9,payment,86.81
150,53,97,payment,414.02
106,61,45,payment,290.02
115,19,96,payment,171.49
52,51,1,debt,185.21
46,3,43,debt,105.03
72,36,36,payment,135.83
13,2,11,existence,28.47
91,84,7,payment,347.77
43,33,10,debt,143.51
1,1,0,payment,20.99
55,8,47,payment,105.76
38,36,2,payment,127.19
108,88,20,existence,325.63
123,12,111,debt,222.72
139,29,110,debt,232.34
93,26,67,existence,250.28
59,8,51,payment,160.66
130,123,7,existence,475.92
43,35,8,payment,155.83
12,9,3,debt,48.49
40,3,37,existence,72.13
109,25,84,payment,187.62
85,42,43,debt,270.38
104,80,24,payment,303.63
17,1,16,debt,46.42
88,48,40,payment,252.81
111,89,22,debt,273.99
50,13,37,debt,158.73
104,33,71,existence,275.55
10,6,4,existence,21.19
28,10,18,payment,72.97
80,52,28,debt,216.37
85,67,18,existence,251.43
109,104,5,debt,348.43
112,1,111,payment,253.71
139,49,90,debt,323.3
66,65,1,payment,184.94
106,65,41,payment,216.39
82,51,31,payment,252.54
67,38,29,payment,150.3
117,29,88,existence,205.61
65,47,18,debt,162.84
90,83,7,existence,313.78
22,9,13,existence,35.81
32,4,28,payment,75.91
25,4,21,existence,61.25
94,60,34,debt,243.98
105,24,81,debt,275.99
130,34,96,payment,336.73
79,66,13,debt,208.42
98,80,18,debt,337.08
41,12,29,payment,115.16
43,31,12,existence,129.72
97,73,24,existence,258.49
50,12,38,existence,108.87
19,12,7,payment,59.02
102,85,17,debt,302.95
40,32,8,debt,152.39
56,55,1,existence,113.76
110,59,51,existence,227.18
108,8,100,existence,191.4
57,14,43,payment,112.05
143,66,77,existence,403.53
50,12,38,debt,104.5
64,28,36,debt,145.85
60,7,53,debt,114.31
143,115,28,debt,374.55
4,1,3,existence,7.63
84,40,44,payment,224.06
119,1,118,existence,183.48
17,12,5,payment,53.16
112,78,34,payment,316.87
58,10,48,existence,93.23
21,8,13,existence,46.13
154,19,135,debt,396.85
127,64,63,payment,268.11
113,40,73,payment,190.36
47,35,12,existence,104.33
75,13,62,existence,163.36
69,5,64,payment,104.14
87,72,15,existence,233.28
108,10,98,payment,197.91
101,48,53,debt,211.11
111,39,72,payment,210.95
31,8,23,payment,58.67
156,74,82,debt,383.4
91,17,74,debt,156.75
149,97,52,payment,338.89
20,10,10,existence,44.59
65,4,61,debt,167.57
109,16,93,payment,278.12
148,35,113,payment,333.36
147,12,135,payment,348.54
149,113,36,payment,455.17
139,54,85,payment,427.53
69,14,55,payment,142.52
1,1,0,payment,15.68
154,2,152,existence,314.83
112,63,49,payment,262.04
154,97,57,debt,412.66
88,30,58,debt,165.99
99,25,74,existence,217.91
142,128,14,debt,334.56
116,82,34,debt,329.95
112,87,25,payment,371.8
62,19,43,existence,154.02
13,2,11,debt,34.47
38,38,0,payment,131.3
45,41,4,debt,121.48
121,51,70,debt,368.08
119,34,85,existence,295.85
125,33,92,payment,360.74
99,40,59,debt,257.9
149,132,17,payment,427.27
20,6,14,debt,61.61
28,21,7,payment,101.47
152,137,15,debt,386.65
98,66,32,existence,290.74
26,4,22,existence,67.02
28,17,11,debt,86.4
65,59,6,payment,186.34
145,26,119,existence,307.01
38,23,15,debt,131.31
101,47,54,debt,292.33
80,64,16,payment,204.48
149,129,20,debt,461.39
46,35,11,payment,131.51
51,28,23,payment,109.63
120,47,73,debt,348.14
95,56,39,payment,197.23
100,78,22,debt,310.24
52,4,48,debt,138.1
93,90,3,payment,196.36
17,15,2,existence,52.2
32,18,14,payment,97.36
90,11,79,debt,146.74
14,5,9,debt,47.56
1,1,0,existence,3.33
115,90,25,payment,298.6
148,68,80,debt,323.72
100,16,84,existence,183.07
142,23,119,debt,405.67
79,5,74,payment,207.52
42,28,14,existence,115.87
48,28,20,debt,118.46
15,4,11,debt,56.3
151,101,50,debt,482.53
39,10,29,debt,118.22
4,4,0,payment,20.07
125,103,22,debt,322.06
60,3,57,existence,84.91
56,44,12,existence,142.86
22,14,8,payment,73.36
107,3,104,existence,173.39
106,81,25,debt,202.28
17,2,15,payment,43.33
30,17,13,existence,76.99
18,2,16,debt,47.21
137,46,91,payment,289.04
124,34,90,existence,277.5
34,9,25,debt,95.46
82,33,49,payment,158.64
82,82,0,payment,208.85
14,8,6,payment,41.38
133,6,127,debt,306.28
62,17,45,existence,106.91
45,3,42,existence,100.44
122,51,71,existence,219.81
9,5,4,existence,22.46
105,21,84,debt,279.81
106,2,104,existence,214.32
151,140,11,payment,541.34
12,1,11,debt,36.61
52,33,19,existence,116.09
9,9,0,payment,40.35
84,26,58,existence,199.6
85,68,17,payment,250.61
22,12,10,debt,82.91
79,77,2,payment,239.88
6,3,3,debt,30.37
152,59,93,existence,273.03
38,33,5,debt,84.21
122,66,56,payment,352.75
125,80,45,existence,336.39
25,5,20,debt,62.6
45,20,25,debt,149.85
44,33,11,existence,115.28
2,1,1,debt,26.92
156,22,134,debt,376.9
56,30,26,payment,146.32
37,4,33,existence,74.24
101,66,35,payment,182.77
69,11,58,existence,133.74
134,127,7,existence,433.36
18,18,0,debt,80.81
28,2,26,payment,65.85
55,15,40,payment,137.78
100,73,27,existence,230.45
46,30,16,existence,122.66
118,62,56,existence,293.22
11,5,6,payment,45.32
145,40,105,payment,399.95
40,1,39,payment,89.57
115,76,39,existence,366.2
111,14,97,existence,254.91
125,75,50,payment,326.99
78,10,68,existence,148.08
17,17,0,debt,75.84
141,86,55,debt,353.29
57,46,11,debt,213.75
21,1,20,payment,44.88
143,34,109,debt,251.39
66,28,38,debt,215.8
13,3,10,existence,19.63
70,15,55,debt,158.89
18,13,5,existence,41.01
144,62,82,existence,322.78
68,68,0,existence,223.1
115,97,18,existence,320.56
10,1,9,payment,23.84
121,95,26,existence,289.63
126,67,59,existence,246.57
79,45,34,payment,248.67
106,51,55,payment,198.11
84,66,18,debt,298.31
8,4,4,existence,22.47
52,49,3,debt,173.85
39,2,37,debt,87.35
129,67,62,payment,383.93
2,1,1,debt,33.76
83,78,5,debt,258.67
132,79,53,payment,316.4
50,28,22,existence,111.6
72,39,33,existence,140.02
52,24,28,debt,163.77
141,112,29,payment,511.78
24,9,15,debt,63.12
52,18,34,payment,143.6
92,40,52,debt,243.54
3,2,1,debt,28.19
106,69,37,payment,275.85
56,26,30,existence,154.45
68,26,42,existence,151.04
62,37,25,payment,143.03
11,4,7,debt,42.96
154,59,95,existence,400.26
74,51,23,payment,209.71
49,17,32,existence,90.19
80,72,8,payment,210.67
145,132,13,existence,471.41
96,65,31,existence,278.11
100,53,47,debt,330.12
29,27,2,existence,64.51
10,3,7,payment,36.8
26,14,12,debt,71.03
78,66,12,debt,207.38
55,27,28,existence,146.5
146,11,135,debt,211.2
119,15,104,payment,164.12
4,1,3,debt,27.58
73,65,8,payment,209.93
88,84,4,existence,184.8
104,104,0,existence,328.51
83,65,18,existence,192.78
8,7,1,existence,26.58
69,48,21,payment,204.02
122,103,19,payment,399.22
51,28,23,existence,121.54
36,14,22,existence,77.14
55,29,26,payment,142.72
154,15,139,debt,248.66
137,87,50,payment,386.66
24,3,21,existence,47.19
112,86,26,payment,266.55
72,39,33,existence,115.88
70,10,60,existence,162.54
117,29,88,debt,291.92
24,7,17,existence,44.64
133,94,39,existence,300.14
24,17,7,existence,67.71
69,19,50,debt,159.19
9,9,0,debt,38.05
35,12,23,existence,74.26
2,1,1,existence,4.05
117,86,31,payment,283.3
5,5,0,debt,38.12
12,6,6,debt,34.9
121,8,113,debt,303.89
55,47,8,debt,117.41
153,92,61,payment,314.69
125,47,78,payment,225.51
30,10,20,existence,72.49
62,59,3,payment,219.58
55,54,1,payment,186.92
36,23,13,debt,131.59
7,3,4,existence,20.15
15,10,5,existence,47.87
14,5,9,debt,40.43
96,61,35,debt,236.87
5,4,1,payment,25.63
24,3,21,debt,69.58
149,116,33,existence,448.26
125,24,101,debt,240.62
143,112,31,debt,313.65
100,91,9,existence,227.74
149,103,46,existence,302.14
141,101,40,debt,332.47
141,11,130,existence,233.8
72,40,32,existence,140.8
156,87,69,payment,445.47
15,4,11,debt,63.24
78,70,8,payment,273.57
9,1,8,payment,27.14
106,82,24,debt,245.42
62,2,60,debt,112.17
96,56,40,payment,226.26
29,11,18,existence,66.62
12,9,3,debt,46.78
96,9,87,debt,216.76
132,103,29,existence,377.35
64,20,44,existence,175.57
139,93,46,existence,372.01
89,7,82,debt,202.76
9,3,6,payment,38.26
80,55,25,existence,166.69
106,80,26,debt,252.72
103,7,96,existence,217.49
27,9,18,existence,50.37
18,8,10,debt,62.77
14,12,2,payment,52.92
97,61,36,payment,259.66
55,2,53,existence,131.92
36,27,9,existence,122.24
92,3,89,existence,223.16
73,58,15,payment,250.76
111,32,79,debt,308.92
31,19,12,debt,111.84
151,75,76,debt,376.4
64,57,7,existence,171.98
31,4,27,debt,66.99
111,45,66,debt,329.29
80,14,66,existence,117.01
126,19,107,payment,239.08
142,90,52,payment,300.35
96,67,29,payment,318.76
76,40,36,payment,229.56
154,69,85,existence,380.31
125,79,46,existence,388.36
98,97,1,existence,243.12
50,16,34,debt,119.06
64,45,19,existence,140.84
92,61,31,existence,259.87
85,33,52,debt,264.78
66,65,1,debt,185.31
150,42,108,existence,323.14
56,48,8,debt,203.36
133,89,44,debt,391.6
5,1,4,debt,31.86
106,51,55,existence,211.06
51,49,2,existence,172.06
140,9,131,existence,253.75
63,3,60,existence,145.89
65,2,63,debt,148.01
123,55,68,payment,338.92
145,30,115,payment,237.2
15,5,10,debt,44.78
66,19,47,existence,118.68
124,18,106,payment,343.33
83,47,36,existence,257.53
108,53,55,debt,204.28
121,15,106,existence,161.64
102,25,77,debt,196.22
113,72,41,debt,337.78
79,43,36,debt,170.1
20,13,7,payment,69.73
85,56,29,payment,170.68
59,24,35,payment,111.98
67,27,40,payment,125.57
101,21,80,payment,218.07
99,39,60,debt,263.89
115,88,27,payment,349.68
15,9,6,existence,28.59
102,2,100,payment,213.86
153,95,58,debt,344.94
59,39,20,debt,146.9
146,77,69,payment,362.63
154,146,8,debt,444.14
147,142,5,payment,360.72
85,43,42,existence,144.1
61,49,12,existence,164.78
46,1,45,existence,77.8
4,3,1,existence,8.64
150,77,73,payment,364.24
12,10,2,payment,42.22
38,3,35,payment,60.93
156,18,138,payment,367.32
81,46,35,debt,210.39
155,35,120,existence,228.85
135,57,78,existence,359.38
22,7,15,existence,50.44
151,120,31,debt,337.72
87,67,20,existence,268.46
64,23,41,debt,171.01
71,6,65,existence,182.96
71,19,52,payment,180.8
150,82,68,existence,270.7
100,17,83,debt,150.64
53,5,48,existence,110.22
143,91,52,existence,381.96
116,10,106,debt,197.38
45,33,12,debt,119.22
58,55,3,payment,149.25
78,68,10,payment,268.1
1,1,0,payment,19.69
76,55,21,payment,212.94
135,29,106,payment,336.51
73,6,67,existence,103.01
108,68,40,existence,318.33
38,8,30,existence,86.83
118,114,4,debt,333.14
11,8,3,payment,28.04
136,26,110,existence,333.48
44,15,29,existence,104.62
113,85,28,payment,316.33
82,61,21,existence,235.1
154,103,51,existence,479.48
54,43,11,payment,152.44
23,23,0,debt,98.04
90,3,87,debt,144.94
110,98,12,debt,324.16
33,31,2,existence,94.89
121,94,27,debt,435.36
78,73,5,existence,205.8
97,21,76,debt,275.39
90,77,13,debt,261.03
115,97,18,existence,362.32
72,53,19,debt,249.23
4,2,2,existence,10.96
118,43,75,existence,229.04
60,9,51,existence,127.58
25,19,6,existence,50.13
73,70,3,existence,221.3
86,22,64,existence,205.56
71,47,24,existence,230.25
26,19,7,payment,91.87
54,31,23,payment,126.84
151,58,93,payment,422.16
136,41,95,existence,369.69
126,99,27,payment,346.57
122,90,32,existence,319.27
65,17,48,existence,163.75
4,2,2,debt,18.27
48,45,3,debt,167.12
61,6,55,debt,101.86
79,17,62,existence,210.64
112,52,60,existence,196.94
111,77,34,existence,291.34
81,42,39,existence,230
18,13,5,existence,47.38
102,33,69,existence,171.92
84,20,64,debt,227.2
35,7,28,existence,80.47
53,17,36,existence,122.04
21,15,6,payment,64.81
59,48,11,existence,169.69
135,59,76,existence,235.13
53,38,15,payment,143.77
40,7,33,debt,104.74
63,9,54,existence,121.74
78,62,16,debt,237.03
97,59,38,payment,242.03
137,13,124,payment,323.43
154,79,75,payment,400.9
58,27,31,payment,176.1
125,24,101,existence,290.35
95,86,9,existence,352.55
26,13,13,payment,88.61
19,16,3,payment,70.57
84,72,12,debt,228.11
39,4,35,payment,78.47
123,105,18,payment,346.74
82,70,12,payment,242.61
50,32,18,payment,131.93
95,37,58,payment,274.6
50,25,25,existence,91.05
31,13,18,payment,77.31
138,15,123,debt,306.43
3,1,2,existence,7.69
17,16,1,payment,66.61
101,77,24,existence,221.62
33,17,16,debt,84.12
123,5,118,payment,253.33
102,66,36,payment,211.87
15,3,12,debt,46.2
29,24,5,debt,119.44
46,24,22,debt,119.32
89,30,59,payment,248.34
146,93,53,existence,303.5
71,36,35,existence,176.03
53,37,16,existence,125.04
150,78,72,existence,298.6
97,66,31,debt,297.16
155,108,47,debt,558.02
45,18,27,existence,92.17
65,52,13,debt,192.83
3,1,2,existence,6.76
89,88,1,existence,242.14
95,6,89,debt,162.41
3,1,2,debt,18.67
127,40,87,existence,178.03
80,64,16,payment,235.26
57,41,16,debt,171.53
26,18,8,debt,105.99
94,57,37,payment,206.96
114,97,17,existence,363.13
43,35,8,existence,136.18
73,9,64,payment,179.2
79,17,62,payment,224.12
118,105,13,payment,416.83
35,16,19,existence,58.98
100,82,18,debt,297.73
19,17,2,payment,48.89
151,150,1,existence,407.8
110,57,53,payment,338.76
85,1,84,existence,120.34
136,2,134,debt,223.88
39,15,24,payment,101.03
122,51,71,payment,251.8
104,88,16,payment,357.36
11,11,0,payment,40.18
111,43,68,payment,251.62
33,5,28,payment,51.71
133,52,81,existence,250.67
133,51,82,existence,292.96
133,32,101,existence,285.31
87,28,59,debt,164.4
48,33,15,debt,150.27
150,144,6,debt,452.61
143,15,128,payment,302.32
144,111,33,existence,447.11
120,41,79,debt,216.81
61,47,14,existence,113.17
122,61,61,payment,355.56
6,2,4,existence,9.77
90,70,20,existence,263.89
47,33,14,debt,165.47
58,23,35,debt,160.97
139,70,69,existence,265.97
56,1,55,debt,88.86
96,32,64,existence,218.81
118,31,87,debt,255.66
68,53,15,payment,158.41
138,61,77,debt,338.03
103,13,90,debt,148.53
25,14,11,debt,68.07
110,74,36,payment,345.98
68,49,19,payment,203.5
152,5,147,payment,339.95
151,125,26,debt,384.9
130,128,2,debt,358.96
9,4,5,debt,44.64
40,29,11,existence,99.62
123,3,120,payment,240.09
43,43,0,debt,142.5
113,67,46,existence,268.2
74,31,43,debt,143.36
11,3,8,existence,24.27
139,13,126,existence,267.66
77,7,70,payment,158.61
13,8,5,existence,32.86
10,9,1,payment,36.96
87,24,63,debt,224.69
67,41,26,debt,220.65
39,11,28,existence,78.46
46,10,36,debt,133.25
107,50,57,existence,327.27
12,3,9,payment,26.3
52,28,24,payment,126.22
114,99,15,debt,253.37
149,61,88,payment,379.44
140,87,53,existence,340.3
28,22,6,existence,93.12
54,16,38,payment,107.1
76,74,2,existence,210.71
134,134,0,payment,481.56
74,24,50,payment,220.04
145,115,30,debt,337.34
11,1,10,debt,36.78
64,5,59,debt,100.64
118,38,80,payment,316.91
78,6,72,debt,196.73
87,8,79,debt,144.83
88,33,55,debt,233.69
45,25,20,existence,108.92
134,98,36,payment,355.88
43,43,0,existence,86.77
18,14,4,debt,68.92
27,19,8,debt,99.57
24,22,2,payment,64.2
16,6,10,debt,35.72
70,8,62,payment,187.65
135,27,108,existence,310.25
19,18,1,existence,52.29
110,106,4,payment,337.35
29,14,15,debt,93.63
117,6,111,debt,276.08
19,13,6,existence,42.68
67,42,25,existence,198.02
18,12,6,debt,57.94
108,75,33,debt,311.21
128,87,41,existence,331.91
16,13,3,debt,77.67
52,35,17,payment,108.02
143,34,109,existence,227.94
133,52,81,debt,356
52,37,15,existence,137.67
74,42,32,debt,163.36
109,38,71,payment,271.33
21,20,1,payment,71.99
95,4,91,debt,155.43
67,35,32,payment,133.92
13,10,3,payment,41.79
59,10,49,payment,151.14
46,20,26,existence,103.25
18,12,6,debt,52.64
50,19,31,debt,123.98
129,90,39,debt,371.37
96,6,90,debt,244.63
146,7,139,payment,287.3
90,81,9,payment,301.45
18,1,17,payment,43.13
8,3,5,debt,37.81
133,101,32,debt,409.36
122,109,13,existence,337.35
30,25,5,debt,120.21
52,30,22,existence,97.54
56,29,27,payment,129.81
58,48,10,payment,146.15
15,12,3,debt,48.3
132,107,25,existence,342.78
26,4,22,payment,56.49
100,80,20,debt,288.33
49,2,47,existence,76.77
33,15,18,payment,86.78
135,119,16,existence,427.67
42,38,4,debt,125.95
139,23,116,existence,261.5
77,36,41,debt,182.25
92,60,32,debt,212.52
46,16,30,debt,151.55
126,66,60,existence,259.9
139,115,24,existence,259.54
35,30,5,debt,134.75
54,17,37,existence,103.27
13,1,12,debt,33.94
86,58,28,existence,152.06
85,20,65,payment,170.02
91,69,22,existence,303.34
26,15,11,existence,63.48
123,47,76,existence,313.87
55,8,47,payment,129.74
55,31,24,payment,106.94
29,27,2,payment,82.13
46,41,5,existence,122.52
6,3,3,existence,15.63
155,63,92,debt,423.7
156,43,113,debt,248.27
27,9,18,debt,55.97
68,3,65,existence,134.22
145,100,45,debt,399.21
7,1,6,existence,12.4
8,4,4,existence,18.68
28,18,10,payment,81.19
42,27,15,payment,91.37
87,79,8,debt,251.3
46,45,1,debt,148.54
122,77,45,existence,282.43
17,12,5,debt,46.72
37,31,6,existence,92.31
56,31,25,existence,145.35
123,66,57,debt,214.48
62,54,8,debt,216.55
14,12,2,existence,32.92
19,5,14,existence,44.2
27,13,14,payment,62.52
148,60,88,debt,288.02
128,35,93,payment,376.77
79,40,39,payment,262.51
39,27,12,debt,97.95
59,20,39,payment,169.22
102,55,47,existence,259.76
130,7,123,payment,292.68
68,18,50,payment,200.98
126,93,33,existence,283.39
157,137,20,payment,436.83
91,5,86,debt,172.61
16,13,3,debt,77.21
14,11,3,payment,43.28
67,14,53,payment,129.09
39,31,8,payment,109.18
48,47,1,existence,122.61
120,24,96,debt,278.72
37,19,18,debt,122.01
130,67,63,payment,282.83
20,7,13,payment,53.07
91,78,13,existence,278.01
139,89,50,existence,415.09
25,9,16,existence,68.4
17,6,11,existence,37.31
14,11,3,payment,46.67
65,28,37,existence,196.32
52,12,40,debt,118.49
40,35,5,payment,143.47
61,42,19,existence,178.41
68,50,18,existence,131.11
34,7,27,existence,87.28
40,28,12,payment,92.67
27,13,14,payment,93.75
19,10,9,payment,63.99
9,2,7,payment,31.55
17,4,13,existence,36.97
12,12,0,debt,38.25
39,16,23,existence,93.05
144,33,111,existence,302.63
97,77,20,existence,236.36
153,107,46,debt,357.31
143,63,80,debt,321.73
144,50,94,payment,277.94
41,12,29,existence,69.98
122,115,7,payment,363.71
75,72,3,existence,173.43
79,20,59,payment,129.09
104,95,9,debt,366.48
126,53,73,debt,254.76
53,12,41,debt,149.36
110,56,54,debt,246.46
55,17,38,debt,139.14
48,40,8,payment,105.03
10,2,8,existence,18.88
138,67,71,payment,376.68
49,39,10,payment,156.7
144,24,120,existence,324.71
99,35,64,debt,238.39
11,4,7,payment,40.29
18,12,6,existence,44.32
109,19,90,debt,238.94
34,15,19,existence,87.45
29,23,6,debt,73.13
27,18,9,existence,68.29
149,73,76,existence,325.04
70,39,31,existence,146.65
122,87,35,payment,311.84
20,9,11,existence,39.2
155,51,104,payment,431.17
156,112,44,payment,462.88
127,87,40,payment,274.74
82,63,19,existence,241.11
148,72,76,payment,444.82
96,44,52,debt,181.17
114,80,34,payment,302.17
19,19,0,debt,94.85
34,15,19,existence,61.58
43,12,31,existence,80.53
64,10,54,payment,146.06
26,8,18,payment,75.75
44,19,25,debt,137.11
34,19,15,payment,100.73
150,109,41,debt,478.51
29,12,17,existence,68.98
106,66,40,debt,327.68
112,10,102,debt,230.04
142,96,46,existence,379.61
122,70,52,debt,244.21
134,55,79,existence,241.85
22,2,20,debt,63.59
2,2,0,payment,14.81
82,65,17,existence,212.28
24,6,18,debt,73.17
105,31,74,existence,275.36
156,112,44,debt,524.28
37,24,13,debt,121.2
28,22,6,payment,77
69,23,46,payment,196.69
57,29,28,existence,110.84
102,21,81,payment,181.87
29,9,20,existence,84.11
152,80,72,payment,259.66
125,83,42,debt,393.13
2,1,1,existence,5.68
27,22,5,debt,83.9
137,68,69,debt,274.87
20,5,15,existence,32.7
19,16,3,existence,46.03
93,19,74,debt,203.58
11,9,2,payment,51.32
82,55,27,payment,188.79
146,140,6,payment,470.54
63,50,13,debt,152.52
140,35,105,debt,368.43
14,14,0,payment,60.85
152,105,47,existence,381.64
1,1,0,debt,13.84
131,34,97,existence,351.82
140,94,46,existence,299.7
91,47,44,existence,160.09
113,70,43,payment,325.5
83,79,4,debt,218.09
36,1,35,payment,69.04
31,13,18,payment,79.76
107,67,40,debt,245.94
87,48,39,payment,230.95
130,66,64,payment,305.22
3,3,0,payment,21.76
141,123,18,payment,406.65
156,55,101,existence,301.06
23,4,19,existence,38.14
152,23,129,existence,301.4
120,91,29,payment,253.44
28,4,24,existence,43.65
44,17,27,existence,67.59
87,68,19,debt,293.91
56,45,11,existence,167.02
102,84,18,payment,247.45
57,13,44,payment,148.98
137,61,76,debt,394.33
3,2,1,debt,36.08
143,51,92,payment,346.28
58,13,45,existence,129.16
135,96,39,debt,265.01
91,38,53,debt,204.25
91,22,69,existence,142.49
109,95,14,existence,332.49
144,64,80,payment,261.27
96,7,89,existence,195.42
28,16,12,debt,68.69
148,78,70,debt,301.37
49,44,5,existence,115.73
117,56,61,debt,215.85
67,20,47,debt,163.51
147,67,80,debt,432.43
97,23,74,existence,172.29
22,6,16,existence,41.66
154,128,26,existence,386.78
30,30,0,debt,98.04
13,1,12,existence,28.6
39,33,6,debt,147.04
71,23,48,debt,131.41
142,90,52,payment,382.31
4,1,3,debt,30.22
90,7,83,payment,241.08
67,57,10,debt,211.98
37,1,36,existence,89.94
149,104,45,debt,359.02
29,24,5,existence,62.3
88,11,77,existence,181.12
97,78,19,debt,272.37
88,29,59,existence,227.79
43,37,6,existence,128.83
15,15,0,debt,51.55
141,121,20,debt,374.91
21,13,8,payment,64.77
69,18,51,payment,188.28
50,49,1,payment,170.26
149,128,21,payment,404.09
8,4,4,existence,14.86
46,32,14,debt,132.97
37,30,7,debt,150.1
76,28,48,debt,151.92
142,93,49,debt,467.02
114,6,108,debt,262.08
143,110,33,payment,459.5
154,152,2,payment,535.3
87,38,49,payment,190.22
91,53,38,payment,194.75
82,21,61,payment,200.04
153,2,151,existence,232.88
73,58,15,existence,176.06
7,5,2,debt,49.71
28,27,1,debt,87.56
144,84,60,debt,339.24
157,13,144,existence,308.11
149,87,62,existence,441.4
4,1,3,debt,24.51
145,139,6,debt,406.01
21,6,15,debt,51.19
138,85,53,payment,300.14
103,56,47,debt,216.41
57,17,40,existence,80.06
86,16,70,payment,243.28
91,62,29,debt,305.83
2,2,0,payment,13.57
39,12,27,existence,102.28
6,1,5,payment,28.53
44,36,8,payment,144.07
83,66,17,existence,180.93
5,2,3,existence,10.67
147,134,13,payment,423.15
2,1,1,existence,5.28
79,71,8,existence,185.68
121,101,20,debt,379.41
74,45,29,existence,161.57
156,12,144,existence,394.91
133,78,55,payment,271.28
47,15,32,existence,94.64
65,24,41,debt,173.78
52,47,5,debt,196.79
63,54,9,payment,198.24
23,6,17,existence,42.1
96,60,36,existence,236.31
78,11,67,payment,173.18
74,30,44,debt,188.92
16,15,1,existence,43.47
125,102,23,debt,444.58
50,27,23,payment,168.45
153,114,39,payment,491.34
55,53,2,existence,150.93
149,122,27,debt,478.25
58,49,9,debt,190.38
126,65,61,existence,296.49
150,42,108,existence,369.15
141,35,106,debt,315.99
153,98,55,existence,307.03
154,25,129,payment,366.21
7,3,4,existence,12.93
53,17,36,payment,123.09
41,31,10,debt,121.23
129,37,92,debt,300.39
5,5,0,payment,28.16
41,23,18,debt,115.94
84,75,9,existence,194.02
22,15,7,existence,41.38
94,35,59,payment,167.54
77,75,2,debt,237.9
115,83,32,payment,285.96
75,31,44,existence,160.1
32,7,25,existence,49.33
120,59,61,payment,380.81
143,6,137,existence,306.49
66,26,40,existence,119.9
150,133,17,payment,454.82
125,73,52,payment,404.47
122,16,106,payment,215.64
42,15,27,payment,97.46
144,26,118,existence,192.94
28,15,13,existence,61.27
140,12,128,existence,244.83
107,74,33,payment,309.93
32,28,4,payment,72.47
144,132,12,payment,481.85
61,18,43,existence,105.63
85,42,43,payment,185.36
97,26,71,debt,240.76
30,4,26,debt,54.37
12,4,8,existence,18.26
69,11,58,existence,180.8
27,17,10,debt,105.97
114,109,5,existence,336.22
23,23,0,existence,51.47
88,70,18,existence,170.69
60,10,50,payment,124.11
94,78,16,debt,244.85
102,84,18,existence,286.2
58,15,43,payment,152.13
3,1,2,debt,26.66
31,16,15,debt,96
62,55,7,payment,208.23
65,21,44,payment,175.99
142,103,39,existence,447.75
6,2,4,payment,31.01
102,33,69,existence,234.07
56,4,52,debt,143.25
48,39,9,existence,121.47
37,17,20,existence,74.96
77,61,16,payment,193.31
133,89,44,debt,394.75
59,20,39,payment,140.52
103,25,78,debt,249.68
153,67,86,debt,459.74
83,18,65,debt,194.42
116,84,32,existence,347.65
44,41,3,payment,156.51
3,3,0,payment,19.47
134,130,4,debt,457.76
100,92,8,existence,252.64
123,29,94,existence,340.61
142,21,121,debt,274.87
91,80,11,debt,205.79
138,58,80,debt,232.33
47,34,13,existence,142.03
91,35,56,debt,262.15
137,104,33,payment,408.78
144,83,61,debt,397.57
50,21,29,existence,144.28
94,17,77,payment,164.05
116,85,31,payment,316.58
5,4,1,payment,26.35
77,39,38,debt,196.87
23,8,15,payment,80.56
43,31,12,debt,136.88
63,37,26,existence,137.21
117,117,0,existence,277.63
133,49,84,payment,379.86
26,14,12,existence,44.8
38,23,15,debt,116.75
18,15,3,payment,57.31
64,44,20,debt,127.14
78,60,18,existence,196.21
90,43,47,payment,245.08
7,2,5,payment,27.78
56,36,20,existence,164.6
27,12,15,debt,81.36
5,3,2,payment,18.18
7,7,0,existence,20.08
40,27,13,debt,106.45
25,1,24,debt,63.9
142,66,76,existence,342.69
98,83,15,existence,210.59
39,5,34,payment,67.07
94,73,21,payment,273.96
55,54,1,debt,179.88
136,14,122,payment,258.63
48,5,43,existence,108.54
105,82,23,payment,252.07
108,96,12,existence,240.19
147,63,84,debt,361.42
156,52,104,debt,438.89
32,7,25,debt,67.93
136,76,60,payment,354.95
37,23,14,existence,120.35
60,58,2,existence,131.04
18,11,7,payment,61.21
23,20,3,existence,61.63
141,28,113,payment,260.64
16,10,6,payment,52.75
123,115,8,debt,313.39
46,3,43,debt,102.96
11,10,1,payment,50.99
105,65,40,existence,302.65
52,14,38,payment,126.1
76,4,72,debt,194.01
24,14,10,existence,67.07
27,15,12,debt,107.07
123,13,110,payment,267.66
18,12,6,payment,55.33
20,5,15,payment,66.37
133,89,44,existence,410.47
142,60,82,debt,292.35
96,27,69,debt,244.42
133,46,87,debt,371.02
28,13,15,debt,91.74
10,5,5,payment,25.96
115,84,31,existence,307.11
94,94,0,existence,334.51
38,13,25,payment,102.35
88,21,67,payment,238.75
103,6,97,payment,163.5
69,21,48,existence,171.37
30,3,27,debt,69.11
137,60,77,debt,394.03
72,15,57,payment,154.11
144,84,60,debt,447.06
106,71,35,payment,255.63
24,7,17,payment,52.87
143,89,54,existence,417.99
63,59,4,payment,178.53
6,3,3,debt,32.97
102,84,18,debt,302.69
128,120,8,debt,494.03
94,65,29,debt,258.14
147,98,49,existence,323.11
89,70,19,payment,314.65
51,33,18,payment,177.17
116,109,7,payment,313.09
106,1,105,existence,258.56
20,15,5,debt,75.05
80,71,9,debt,256.98
58,35,23,debt,191.78
129,122,7,existence,424.65
80,52,28,payment,169.97
17,9,8,payment,51.13
15,6,9,payment,50.24
112,82,30,debt,387.05
122,89,33,existence,347.88
138,96,42,debt,338.74
144,110,34,payment,430.33
90,2,88,payment,229.41
15,1,14,payment,41.54
89,31,58,payment,188.37
28,24,4,existence,88.94
29,6,23,existence,61.85
138,12,126,payment,229.34
146,95,51,existence,423.85
122,8,114,payment,245.29
10,4,6,payment,38.6
1,1,0,existence,2.33
17,1,16,payment,38.19
114,53,61,payment,354.39
136,95,41,existence,361.86
92,82,10,payment,268.42
55,49,6,existence,173.78
62,9,53,payment,104.57
30,5,25,debt,71.78
126,95,31,payment,225.83
44,13,31,debt,148.14
32,12,20,debt,81.04
25,1,24,debt,67.9
66,6,60,payment,107.07
6,3,3,debt,32.97
150,36,114,debt,334.64
25,13,12,debt,76.81
120,28,92,existence,307.24
153,50,103,payment,328.47
52,46,6,debt,176.11
105,1,104,payment,201.6
12,6,6,existence,36.89
26,15,11,debt,63.04
34,9,25,payment,100.78
145,31,114,payment,292.52
151,73,78,debt,270.55
122,2,120,debt,245.51
24,7,17,existence,67.44
75,41,34,debt,252.75
103,97,6,debt,236.88
121,88,33,existence,312.89
146,135,11,existence,522.9
32,25,7,debt,94.72
57,21,36,payment,119.95
2,2,0,payment,15.22
110,104,6,existence,230.02
58,42,16,debt,164.12
148,1,147,existence,184.3
4,4,0,debt,35.45
129,37,92,payment,281.27
92,10,82,existence,165.59
141,10,131,payment,320.78
102,55,47,debt,224.19
87,65,22,payment,234.76
140,116,24,payment,333.19
26,9,17,debt,87.11
127,61,66,payment,261.45
100,30,70,payment,229.71
41,40,1,debt,105.81
155,114,41,debt,452.83
131,10,121,debt,259.43
145,37,108,payment,320
24,7,17,payment,58.66
96,25,71,debt,178.78
82,30,52,debt,154.11
75,73,2,existence,173.64
56,22,34,payment,134.75
12,7,5,existence,36.74
87,86,1,payment,281.37
122,109,13,existence,291.07
110,105,5,payment,316.98
43,11,32,debt,130.75
121,38,83,existence,296.88
69,51,18,debt,172.65
128,42,86,debt,306.32
97,23,74,payment,189.49
87,81,6,debt,311.55
120,57,63,payment,291.86
99,35,64,payment,282.72
10,5,5,existence,25.34
100,14,86,debt,194.48
81,51,30,debt,280.37
63,50,13,existence,201.89
46,35,11,payment,128.71
65,8,57,debt,171.75
26,22,4,debt,114.94
95,27,68,debt,174.94
85,27,58,existence,212.8
124,36,88,debt,351.43
137,21,116,debt,246.33
54,42,12,payment,153.84
66,19,47,debt,166.54
155,54,101,existence,329.8
147,79,68,debt,328.96
27,4,23,payment,79.26
111,47,64,existence,294.13
136,118,18,payment,383.37
114,50,64,existence,194.23
119,110,9,debt,305.56
134,115,19,debt,357.78
112,102,10,payment,361.66
133,53,80,existence,371.3
45,13,32,debt,87.55
146,59,87,existence,313.95
26,15,11,payment,87.49
110,50,60,existence,308.46
63,33,30,payment,206.62
83,74,9,debt,297.89
51,13,38,payment,117.31
85,40,45,payment,239.52
141,34,107,debt,259.17
156,7,149,debt,329.08
52,15,37,payment,135.62
125,60,65,existence,318.64
144,141,3,existence,522.59
32,12,20,payment,83.64
143,57,86,existence,215.7
29,10,19,payment,84.1
31,22,9,debt,115.23
156,75,81,debt,378.85
97,92,5,existence,196.65
131,31,100,payment,277.23
147,137,10,payment,507.47
42,33,9,payment,159.26
89,9,80,payment,160.2
153,145,8,payment,387
77,73,4,debt,303.01
100,100,0,debt,215.28
146,146,0,existence,410.54
148,110,38,existence,347.76
30,26,4,debt,93.35
96,42,54,payment,237.96
44,1,43,existence,102.38
47,18,29,existence,104.01
121,75,46,existence,254.13
8,2,6,payment,30.86
125,65,60,existence,305.48
140,88,52,existence,265.32
142,129,13,debt,346.01
104,69,35,existence,212.3
21,14,7,payment,57.26
155,148,7,existence,395.75
56,30,26,debt,189.45
81,78,3,debt,210.89
75,7,68,existence,174.1
7,7,0,existence,18.75
55,48,7,existence,173.83
31,23,8,debt,103.77
43,11,32,existence,114.99
34,2,32,payment,73.17
98,42,56,debt,278.25
19,1,18,payment,47.97
68,32,36,existence,129.41
2,2,0,payment,17.16
96,95,1,debt,315.11
131,46,85,debt,255.81
104,72,32,debt,228.92
17,4,13,existence,23.41
9,1,8,debt,24.8
67,36,31,existence,188.06
138,33,105,payment,335.2
153,12,141,existence,309.07
127,113,14,payment,348.59
97,89,8,payment,238.75
92,67,25,payment,284.14
80,5,75,debt,165.05
78,9,69,existence,203.14
91,19,72,existence,222.9
117,76,41,payment,330.11
155,143,12,existence,307.86
108,6,102,existence,197.83
100,20,80,debt,267.6
50,33,17,payment,143.71
154,47,107,existence,271.13
10,6,4,existence,18.64
18,3,15,existence,37.59
30,23,7,payment,101.32
50,41,9,existence,175.67
155,23,132,payment,292.98
63,44,19,payment,134.55
42,15,27,existence,107.94
143,133,10,debt,524.81
16,1,15,debt,28.18
28,21,7,debt,80.75
28,17,11,existence,68.8
78,65,13,payment,268.14
46,34,12,existence,152.85
28,16,12,debt,78.68
136,63,73,existence,355.73
112,104,8,existence,294.28
27,20,7,debt,109.28
23,17,6,existence,61.18
8,4,4,payment,28.05
21,11,10,existence,44.86
142,82,60,payment,312.68
64,46,18,existence,139.61
81,38,43,debt,208.53
82,14,68,payment,214.79
150,104,46,debt,390.76
39,11,28,debt,96.42
52,10,42,payment,88.06
127,38,89,debt,249.16
122,87,35,payment,286.89
41,29,12,debt,97.6
135,128,7,debt,503.73
32,4,28,payment,82.75
149,116,33,existence,318.03
85,62,23,payment,291.06
142,6,136,payment,316.44
64,60,4,debt,213.43
104,72,32,existence,258.37
40,20,20,debt,111.3
107,13,94,existence,206.57
37,21,16,payment,90.95
69,59,10,payment,262.41
7,1,6,existence,16.72
80,64,16,existence,178.46
61,14,47,debt,151.26
64,22,42,existence,140.12
70,34,36,payment,205.67
2,1,1,debt,32.43
7,3,4,debt,23.43
4,4,0,existence,15.17
59,10,49,debt,164.59
115,53,62,existence,246.66
140,32,108,debt,352.55
55,23,32,existence,146.52
35,12,23,existence,91.55
61,9,52,debt,106.33
113,99,14,payment,254.21
96,20,76,debt,242.75
83,18,65,debt,167.16
26,7,19,existence,61.89
39,21,18,debt,131.81
74,59,15,payment,178.77
101,84,17,payment,215.34
59,41,18,payment,200.39
119,2,117,existence,145.8
152,71,81,debt,367.57
106,9,97,payment,258.42
100,35,65,payment,203.35
75,67,8,payment,248.52
129,53,76,payment,391.32
16,14,2,existence,58.17
149,83,66,payment,381.46
17,15,2,payment,54.54
102,14,88,existence,270.1
107,80,27,payment,277.88
126,65,61,debt,279.77
101,56,45,payment,232.84
47,14,33,debt,134.27
85,25,60,debt,188.31
5,3,2,payment,19.26
16,8,8,existence,31.29
21,16,5,payment,77.31
107,18,89,existence,185.36
140,42,98,existence,252.76
153,64,89,payment,487.55
48,39,9,debt,173.34
141,49,92,debt,411.34
96,76,20,existence,266.21
123,46,77,payment,363.65
157,19,138,debt,324.05
39,29,10,debt,154.56
15,13,2,debt,59.76
129,94,35,payment,439.74
22,9,13,payment,77
75,70,5,debt,268.43
55,51,4,debt,156.76
82,13,69,existence,138.8
144,144,0,existence,490.1
124,70,54,existence,331.27
124,91,33,existence,398.58
96,22,74,existence,262.6
41,25,16,payment,96.79
71,39,32,existence,212.34
22,5,17,existence,51.06
42,31,11,debt,155.23
103,56,47,payment,288.63
41,11,30,payment,94.61
51,25,26,payment,125.37
108,83,25,payment,339.23
47,26,21,payment,146.41
136,4,132,payment,220.45
141,58,83,debt,396.22
129,54,75,payment,244.57
27,1,26,debt,67.26
4,4,0,existence,13.12
1,1,0,debt,18.2
131,128,3,payment,351.66
19,7,12,debt,67.15
59,17,42,existence,134.32
68,49,19,existence,140.51
46,10,36,payment,102.67
155,150,5,payment,432.32
126,67,59,debt,313.98
149,143,6,debt,451.47
31,5,26,payment,90.64
100,28,72,payment,187.86
109,68,41,payment,221.1
67,58,9,payment,224
91,15,76,payment,234.59
74,11,63,debt,192.08
6,3,3,payment,27.2
90,88,2,existence,230.11
85,37,48,existence,188.13
122,2,120,payment,181.78
116,59,57,payment,351.77
46,34,12,payment,120.21
34,31,3,debt,143.23
12,4,8,debt,48.98
155,110,45,debt,309.12
152,43,109,existence,307.91
143,75,68,payment,385.98
151,49,102,debt,436.83
150,122,28,existence,493.42
96,21,75,existence,179.12
91,28,63,debt,273.43
147,72,75,debt,346.82
18,18,0,payment,66.6
93,23,70,existence,218.48
69,27,42,existence,124.97
77,57,20,existence,199.71
10,9,1,existence,32.19
89,61,28,payment,248.06
139,137,2,existence,487.55
93,78,15,existence,222.88
93,73,20,debt,217.95
129,76,53,debt,316.67
75,28,47,payment,156.54
107,78,29,debt,269.36
4,2,2,debt,33.15
117,51,66,existence,277.47
95,56,39,debt,266.59
152,20,132,payment,306.77
73,33,40,debt,194.14
112,42,70,debt,205.05
108,59,49,debt,297.68
44,41,3,payment,131.63
4,4,0,debt,28.95
89,81,8,debt,285.18
39,30,9,existence,123.28
26,13,13,existence,76.87
88,88,0,debt,326.23
5,4,1,existence,9.58
1,1,0,existence,2.64
5,5,0,payment,22.97
147,81,66,payment,252.68
93,14,79,existence,163.94
91,67,24,existence,268.53
6,2,4,existence,16.87
7,4,3,existence,16.14
102,8,94,debt,266.96
83,36,47,debt,168.1
81,73,8,existence,219.69
76,10,66,existence,183.99
3,2,1,existence,5.77
121,95,26,debt,370.5
102,36,66,payment,219.31
43,2,41,existence,55.79
143,138,5,debt,481.02
50,22,28,debt,106.42
4,2,2,debt,30.45
77,67,10,debt,239.2
65,26,39,debt,219.09
42,4,38,debt,77.76
34,34,0,payment,119.24
47,15,32,debt,96.12
13,6,7,debt,47.36
78,74,4,debt,246.26
88,57,31,debt,223.62
27,7,20,payment,59.67
56,31,25,payment,158.55
3,2,1,existence,9.14
36,25,11,existence,94.11
117,10,107,debt,265.19
27,15,12,debt,89.7
12,2,10,payment,42.76
142,50,92,payment,354.12
119,25,94,payment,326.05
26,9,17,debt,75.53
116,70,46,debt,367.43
129,83,46,existence,333.04
24,23,1,debt,79.72
43,3,40,debt,114.72
123,52,71,debt,271.87
54,19,35,payment,165.69
78,57,21,debt,175.91
97,31,66,existence,191.07
34,28,6,payment,138.02
130,82,48,debt,300.18
154,126,28,payment,398.59
87,10,77,debt,199.14
11,6,5,existence,20.34
150,67,83,payment,296.85
145,141,4,debt,415.87
116,72,44,existence,364.02
46,17,29,payment,100.09
99,7,92,existence,192.35
108,78,30,existence,249.82
73,32,41,debt,137.36
132,28,104,existence,295.07
84,45,39,existence,171.9
43,26,17,existence,139.15
153,149,4,payment,531.83
67,62,5,debt,212.81
137,77,60,existence,324.1
79,64,15,existence,265.09
7,3,4,payment,34.66
61,6,55,payment,140.42
66,59,7,payment,204.29
98,17,81,existence,137.69
104,44,60,payment,255.18
155,48,107,debt,240.1
1,1,0,existence,2.92
45,29,16,payment,140.44
127,86,41,debt,277.49
61,30,31,existence,153.45
30,9,21,debt,62.78
18,3,15,existence,26.05
43,38,5,existence,135.05
140,28,112,debt,282.27
150,73,77,debt,441.95
72,6,66,debt,203.18
6,3,3,payment,16.31
144,137,7,payment,371.56
124,105,19,debt,314.88
35,13,22,debt,79.03
37,22,15,existence,109.69
145,4,141,debt,368.92
89,14,75,payment,147.56
156,22,134,existence,400.79
24,14,10,payment,68.48
43,20,23,existence,110.59
123,65,58,debt,366.05
39,9,30,payment,108.56
54,4,50,debt,136.96
16,4,12,existence,34.06
28,26,2,existence,71.97
106,39,67,payment,238.7
93,46,47,debt,173.4
135,26,109,existence,255.24
83,19,64,existence,193.66
107,23,84,debt,249.07
85,11,74,payment,194.96
101,90,11,debt,294.08
39,2,37,payment,65.33
13,12,1,payment,40.22
146,87,59,payment,337.15
70,41,29,existence,222.83
114,30,84,debt,308.72
127,91,36,debt,471.1
126,78,48,existence,325.89
108,24,84,existence,228.59
31,6,25,debt,96
87,50,37,debt,192.09
145,133,12,payment,421.35
29,18,11,payment,85.02
13,5,8,debt,53.32
136,70,66,debt,278.94
1,1,0,payment,20.13
82,44,38,debt,218.39
114,89,25,payment,373.21
63,2,61,payment,139.99
15,7,8,payment,44.36
103,48,55,existence,219.09
117,39,78,existence,239.37
104,31,73,existence,149.6
24,5,19,debt,62.54
23,3,20,debt,80.65
141,64,77,existence,316.5
94,67,27,existence,208.45
148,54,94,existence,374.46
137,49,88,payment,320.87
93,54,39,existence,265.73
97,8,89,debt,253.93
107,96,11,existence,265.24
155,99,56,debt,301.8
117,113,4,debt,397.42
65,6,59,payment,161.43
39,9,30,debt,97.68
15,1,14,debt,40.2
115,18,97,debt,282.85
29,11,18,existence,61.59
108,103,5,existence,312.9
122,73,49,debt,390.99
47,8,39,payment,101.98
29,14,15,debt,106.6
71,56,15,existence,171.16
10,5,5,payment,38.17
79,34,45,existence,155.83
8,3,5,payment,35.14
140,45,95,debt,317.76
69,21,48,debt,145.15
105,70,35,existence,259.21
75,75,0,existence,262.03
53,46,7,payment,140.92
128,73,55,existence,339.63
54,52,2,payment,150.35
99,25,74,payment,171.43
111,76,35,existence,255.79
92,92,0,existence,315.27
144,70,74,payment,277.94
88,60,28,existence,192.6
113,94,19,payment,383.94
66,43,23,payment,213.35
32,13,19,existence,89.4
156,87,69,existence,477.71
8,6,2,payment,31.51
51,17,34,payment,134.26
69,25,44,existence,113.44
86,9,77,existence,200.32
4,1,3,payment,22.8
67,54,13,existence,149.67
75,65,10,payment,205.35
9,3,6,existence,19.01
152,100,52,debt,368.15
23,21,2,debt,92.85
62,32,30,existence,125.41
8,1,7,payment,18.28
111,53,58,existence,243.09
44,22,22,debt,126.07
53,43,10,payment,159.28
86,81,5,debt,303.73
66,5,61,payment,113.95
13,9,4,existence,32.04
36,34,2,existence,138.99
20,17,3,payment,72.54
130,77,53,debt,298.41
64,23,41,payment,142.31
112,81,31,debt,247.04
71,70,1,payment,175.67
62,61,1,existence,169.32
115,33,82,debt,186.38
73,32,41,payment,146.01
144,73,71,debt,409.39
85,44,41,debt,154.93
2,1,1,debt,33.6
93,61,32,existence,176.91
134,84,50,payment,311.4
152,99,53,payment,410.81
146,85,61,payment,450.04
100,69,31,payment,313.13
38,11,27,existence,82.88
9,7,2,payment,44.17
3,2,1,existence,7.29
97,78,19,payment,285.35
66,24,42,existence,154.69
70,50,20,debt,141.31
15,9,6,payment,41.34
112,89,23,existence,270.16
42,17,25,debt,126.08
145,41,104,debt,413.58
89,74,15,payment,230.24
53,34,19,payment,122.12
157,137,20,existence,501.13
116,66,50,payment,299.08
69,60,9,debt,183.33
118,42,76,existence,316.51
151,119,32,debt,481.98
114,17,97,payment,269.76
17,12,5,payment,58.85
141,11,130,debt,375.03
153,111,42,payment,369.22
7,7,0,debt,29.88
82,55,27,debt,182.78
123,34,89,debt,330.69
128,105,23,existence,295.97
152,88,64,existence,329.39
27,12,15,payment,79.72
47,19,28,debt,120.03
36,21,15,debt,100.13
58,26,32,payment,162.71
136,57,79,existence,312.03
152,138,14,existence,379.88
61,30,31,payment,115.52
155,25,130,debt,318.38
46,27,19,payment,129.21
119,80,39,debt,306.39
92,74,18,debt,299.74
91,44,47,debt,206.8
88,76,12,payment,325.7
90,53,37,existence,170.36
97,14,83,debt,268.78
79,2,77,debt,133.65
114,58,56,debt,219.48
35,4,31,payment,61.42
6,6,0,existence,13.65
123,2,121,payment,189.97
47,29,18,payment,161.57
26,22,4,payment,96.62
5,1,4,debt,36.2
62,11,51,debt,154.61
44,25,19,debt,119.67
46,34,12,payment,108.38
102,90,12,payment,363.55
68,46,22,debt,183.71
77,76,1,debt,245.17
131,17,114,existence,199.87
106,65,41,payment,277.5
24,10,14,payment,58.59
33,13,20,payment,94.68
68,15,53,payment,196.09
74,41,33,payment,187.93
150,44,106,payment,289.21
121,12,109,debt,301.65
7,2,5,debt,29.49
136,107,29,existence,328.92
62,41,21,payment,209.94
101,9,92,debt,191.59
106,95,11,debt,275.36
148,7,141,debt,246.28
1,1,0,payment,19.85
90,64,26,debt,273.7
59,28,31,debt,152.5
109,91,18,payment,261.88
150,37,113,existence,285.57
77,32,45,existence,171.81
16,6,10,debt,60.69
139,108,31,debt,444.42
77,67,10,debt,244.2
129,104,25,debt,430.16
58,12,46,payment,144.47
70,52,18,existence,183.51
61,27,34,existence,159.05
79,13,66,payment,206.3
136,28,108,payment,247.16
133,81,52,payment,392.04
92,43,49,existence,230.05
129,116,13,existence,249.9
19,7,12,payment,45.61
112,76,36,payment,298.3
107,76,31,payment,238.08
41,13,28,payment,119.83
142,67,75,payment,284.71
119,28,91,payment,190.89
131,59,72,payment,250.75
8,3,5,debt,44.54
135,47,88,debt,412
123,31,92,existence,216.54
11,5,6,payment,43.13
103,82,21,debt,331.78
93,32,61,debt,182.18
21,12,9,payment,49.73
120,117,3,existence,350.35
134,119,15,payment,478.49
117,111,6,debt,384.66
104,40,64,debt,282.97
25,9,16,payment,87.2
12,9,3,debt,48.96
90,69,21,debt,201.9
16,9,7,debt,39.7
75,13,62,payment,130.18
110,35,75,debt,236.28
125,10,115,debt,249.67
119,108,11,debt,394.23
65,18,47,existence,158.56
62,11,51,debt,105.86
146,69,77,debt,402.28
88,79,9,debt,255.11
71,53,18,existence,219.99
136,97,39,debt,397.61
148,66,82,debt,318.94
112,107,5,debt,305.47
98,9,89,debt,187.15
54,45,9,debt,135.85
38,14,24,debt,103.29
114,40,74,payment,199.72
46,44,2,payment,104.48
106,65,41,existence,312.76
133,74,59,payment,400.53
37,16,21,existence,80.93
47,13,34,debt,130.41
140,139,1,existence,391.23
78,63,15,debt,253.8
113,97,16,existence,348.69
48,16,32,payment,153.33
121,70,51,debt,350.68
83,19,64,payment,193.59
93,50,43,existence,224.17
90,19,71,existence,244.89
70,10,60,existence,186.68
88,40,48,existence,155.13
137,61,76,existence,264.56
119,83,36,payment,391.61
69,24,45,payment,191.25
70,2,68,debt,138.72
117,9,108,payment,236.58
99,35,64,existence,165.98
38,29,9,debt,93.88
72,21,51,existence,168.08
108,89,19,payment,253.27
108,26,82,payment,218.79
25,16,9,debt,85.57
46,19,27,existence,109.55
41,16,25,payment,101.03
73,19,54,existence,157.49
3,3,0,debt,27.42
141,22,119,debt,280.54
16,12,4,existence,31.33
75,24,51,debt,194.83
58,23,35,payment,181.99
47,23,24,payment,106.32
74,62,12,existence,187.77
75,60,15,debt,194.78
101,24,77,payment,186.9
152,90,62,payment,444.85
4,1,3,payment,16.95
21,11,10,payment,73.19
42,30,12,payment,123.79
155,83,72,payment,492.76
72,4,68,existence,155.98
125,84,41,existence,254.5
119,9,110,debt,180.55
143,10,133,payment,375.75
86,22,64,debt,193.61
31,9,22,debt,91.39
39,5,34,payment,114.84
84,81,3,debt,178.37
107,53,54,debt,270.77
25,11,14,payment,76.01
88,80,8,payment,320.81
146,104,42,debt,325.08
53,1,52,debt,114.81
21,15,6,payment,69.12
82,63,19,payment,281.63
73,39,34,payment,203.94
67,25,42,payment,198.58
78,66,12,existence,194.49
38,27,11,debt,144.96
52,12,40,debt,96.14
131,81,50,existence,403.36
48,39,9,existence,125.06
10,7,3,payment,29.55
50,20,30,existence,138.09
71,16,55,payment,106.42
129,54,75,existence,249.46
123,11,112,debt,288.74
10,6,4,payment,34.85
17,1,16,existence,41.07
61,37,24,payment,147.72
146,43,103,payment,309.62
120,84,36,existence,383.35
133,126,7,payment,456.44
28,22,6,existence,55.05
137,132,5,payment,404.34
29,5,24,payment,61.73
13,8,5,payment,52.19
124,49,75,existence,345.47
42,35,7,debt,129.43
88,73,15,debt,268.61
113,84,29,payment,217.49
72,58,14,debt,244.07
74,65,9,debt,274.27
66,41,25,payment,150.31
57,37,20,debt,132.96
3,3,0,debt,21.27
146,69,77,payment,291.63
145,44,101,payment,251.96
110,30,80,payment,206.35
25,24,1,payment,82.95
17,14,3,payment,57.24
152,109,43,debt,285.23
150,98,52,payment,327.47
7,5,2,existence,17.15
10,2,8,payment,37.23
46,24,22,existence,93.25
116,77,39,debt,228.27
74,66,8,existence,231.52
69,30,39,payment,211.81
113,51,62,debt,322.31
33,28,5,debt,108.23
23,21,2,debt,75.55
94,28,66,debt,167.53
103,15,88,debt,239.62
58,56,2,debt,179.07
149,95,54,payment,414.28
107,73,34,existence,268.05
110,9,101,existence,170.19
148,79,69,existence,312.91
94,35,59,debt,271.43
95,78,17,existence,254.69
20,2,18,existence,48.95
29,24,5,payment,69.5
115,30,85,existence,229.46
33,21,12,existence,95.71
118,111,7,payment,334.99
45,2,43,debt,97.57
44,28,16,payment,107.75
54,7,47,existence,96.19
123,78,45,payment,354.76
65,32,33,existence,152.99
36,14,22,payment,83.76
106,11,95,existence,257.4
10,3,7,payment,38.24
94,26,68,payment,156.6
137,65,72,payment,229.25
55,43,12,existence,156.52
80,67,13,existence,265.3
90,2,88,existence,131.56
57,1,56,existence,75.69
83,20,63,debt,232.64
155,80,75,existence,315.31
147,138,9,payment,385.13
22,11,11,debt,64.11
15,14,1,existence,31.58
73,57,16,existence,214.72
28,6,22,debt,77.77
154,113,41,payment,359.27
28,11,17,debt,78.64
79,1,78,payment,183.44
78,19,59,payment,188.15
118,9,109,debt,310.4
59,14,45,existence,135.99
7,4,3,debt,32.45
36,12,24,debt,124.24
119,61,58,payment,368.25
42,7,35,payment,75.89
91,16,75,existence,206.6
79,66,13,debt,251.74
12,5,7,debt,39.84
5,5,0,existence,14.95
157,90,67,payment,380.68
107,51,56,payment,286.5
13,1,12,payment,39.36
39,9,30,debt,123.37
53,9,44,existence,101.69
79,40,39,existence,205.8
55,12,43,payment,129.25
22,7,15,payment,67.13
22,4,18,existence,34.59
68,35,33,payment,138.59
144,24,120,debt,295.91
62,13,49,debt,133.56
28,2,26,payment,49.13
29,24,5,payment,70.69
9,9,0,debt,48.62
75,60,15,payment,210.91
68,68,0,debt,177.69
147,140,7,debt,321.75
29,22,7,debt,100.67
111,46,65,payment,339.22
51,25,26,debt,132.8
29,29,0,payment,90.8
67,49,18,existence,145.2
89,32,57,payment,222.46
118,21,97,payment,332.92
132,92,40,debt,339.12
13,2,11,debt,34.67
16,16,0,debt,66.7
97,16,81,debt,243.49
115,3,112,existence,282.26
138,84,54,debt,288.93
15,10,5,payment,54.92
110,100,10,debt,303.48
104,1,103,debt,161.33
60,2,58,debt,152.97
68,7,61,payment,145.91
39,30,9,existence,130.62
58,27,31,payment,153.29
22,19,3,existence,62.07
62,26,36,debt,197.8
29,15,14,existence,49.74
45,35,10,payment,154
146,42,104,debt,378.22
24,24,0,existence,73.94
157,101,56,payment,394.42
68,3,65,existence,86.69
23,7,16,existence,62.82
60,55,5,existence,126.87
82,3,79,payment,145.22
77,61,16,existence,220.23
156,86,70,existence,447.06
13,4,9,payment,50.27
41,7,34,payment,61.81
156,80,76,existence,300.57
107,107,0,payment,242.92
69,48,21,existence,193.45
145,108,37,debt,347.45
10,1,9,existence,13.75
15,15,0,existence,42.62
101,9,92,existence,170.27
75,10,65,payment,208.23
27,11,16,payment,65.04
111,26,85,debt,313.08
27,22,5,debt,84.47
119,36,83,payment,274.68
79,76,3,payment,248.37
30,15,15,payment,93.79
90,22,68,debt,179.58
66,24,42,existence,137.78
135,82,53,debt,426.7
128,49,79,existence,189.81
145,122,23,payment,370.89
8,4,4,debt,43.94
66,30,36,payment,133.48
141,77,64,existence,391.83
99,77,22,existence,249.65
75,39,36,debt,245.25
60,23,37,debt,169.55
129,80,49,existence,353.58
59,20,39,payment,180.9
89,83,6,existence,269.04
136,46,90,debt,373.42
26,3,23,existence,36.86
30,8,22,debt,73.46
136,88,48,debt,320.7
44,26,18,debt,113.83
98,60,38,existence,201.6
38,29,9,debt,137.47
3,1,2,existence,7.91
47,12,35,existence,65.57
45,1,44,existence,111.42
29,11,18,existence,74.25
7,6,1,payment,38.91
72,18,54,payment,121.8
78,66,12,payment,269.76
131,95,36,existence,407.11
65,37,28,existence,190.1
111,82,29,debt,281.67
61,32,29,existence,169.03
47,28,19,payment,142.96
45,33,12,debt,156.69
41,12,29,existence,67.36
122,44,78,existence,314.17
92,84,8,existence,229.81
62,8,54,debt,181.23
61,56,5,existence,206.58
46,33,13,existence,126.15
118,91,27,debt,398.33
154,146,8,existence,439.96
116,15,101,existence,156.65
134,110,24,payment,434.05
133,78,55,debt,330.93
133,10,123,existence,174.53
124,86,38,existence,289.48
20,8,12,debt,58.96
157,123,34,payment,412.03
40,8,32,existence,96.41
80,37,43,debt,229.59
128,30,98,debt,240.37
54,54,0,debt,202.37
145,40,105,debt,259.66
1,1,0,existence,2.56
139,129,10,payment,478.37
152,14,138,existence,355.93
87,14,73,existence,160.47
143,93,50,debt,497.29
104,10,94,existence,225.22
64,54,10,payment,232.47
2,1,1,existence,4.39
89,48,41,debt,258.04
144,24,120,payment,284.02
88,72,16,payment,298.43
26,1,25,debt,64.56
90,79,11,debt,259.21
104,32,72,payment,269.83
108,1,107,debt,208.16
52,34,18,payment,131.66
11,10,1,existence,26.97
104,78,26,existence,229.88
16,6,10,payment,45.78
145,123,22,debt,523.91
75,48,27,existence,218.03
100,41,59,payment,227.79
48,2,46,payment,87.8
153,24,129,existence,329.39
87,46,41,payment,257.92
27,22,5,existence,63.06
86,15,71,existence,164.4
29,14,15,debt,90.27
131,20,111,payment,320.39
90,68,22,existence,226.83
100,63,37,payment,256.31
129,29,100,payment,285.55
150,28,122,existence,382.4
45,7,38,payment,93.97
157,91,66,payment,402.67
138,73,65,payment,353.41
54,38,16,existence,159.5
122,115,7,debt,342.4
28,7,21,payment,70.21
120,4,116,payment,167.41
123,14,109,debt,257.08
67,33,34,existence,179.82
23,7,16,debt,76.01
92,83,9,debt,294.27
156,104,52,payment,552.14
153,47,106,existence,377.73
76,70,6,payment,251.51
58,1,57,existence,82.04
64,33,31,payment,152.37
65,11,54,existence,141.32
79,1,78,existence,191.29
128,34,94,debt,283.3
19,13,6,existence,37.98
50,5,45,payment,84.12
151,57,94,existence,256.97
86,47,39,payment,192.44
68,37,31,debt,193.56
120,115,5,existence,341.84
79,17,62,payment,129.23
77,29,48,existence,214.1
123,22,101,debt,203.54
118,17,101,existence,305.92
124,61,63,payment,240.33
63,12,51,payment,156.6
137,8,129,debt,179.61
3,2,1,debt,37.08
104,104,0,payment,278.78
128,80,48,payment,394.58
80,23,57,existence,195.47
82,25,57,debt,155.68
92,44,48,payment,214.6
62,8,54,debt,113.46
2,2,0,existence,5.88
91,88,3,payment,265.95
115,41,74,debt,299.39
131,88,43,payment,439.59
133,9,124,payment,176.64
144,13,131,payment,256.79
137,86,51,payment,427.39
16,5,11,existence,34.96
96,3,93,existence,184.88
157,150,7,existence,424.36
86,16,70,existence,136.88
157,143,14,payment,478.61
45,16,29,existence,88.55
6,2,4,existence,16.38
135,75,60,existence,233.85
40,20,20,debt,125.09
123,57,66,payment,327.9
71,28,43,debt,179.35
99,36,63,existence,264.15
99,39,60,existence,224
112,86,26,payment,369.72
85,73,12,payment,290.09
17,13,4,debt,56.27
29,19,10,debt,71.58
23,9,14,debt,86.03
138,122,16,payment,514.11
68,18,50,debt,151.88
76,22,54,payment,128.88
58,28,30,debt,121.53
104,4,100,debt,270.98
49,20,29,debt,126.69
130,42,88,existence,267.79
94,67,27,payment,268.33
13,11,2,debt,49.02
13,3,10,existence,24.55
88,55,33,payment,287.31
145,56,89,debt,327.59
81,41,40,payment,200.05
146,138,8,payment,362.83
45,33,12,existence,101.29
103,43,60,existence,175.39
62,58,4,debt,143.99
99,15,84,payment,246.06
142,75,67,debt,417.49
13,10,3,payment,47.38
124,35,89,payment,222.19
78,55,23,debt,246.23
65,13,52,existence,142.09
37,6,31,existence,52.12
89,3,86,payment,181.98
102,68,34,existence,187.02
142,54,88,payment,409.76
133,24,109,payment,250.83
88,49,39,payment,185.67
70,47,23,debt,262.02
52,25,27,existence,110.97
51,46,5,payment,152.9
116,66,50,existence,361.44
116,76,40,debt,400.59
118,62,56,payment,319.6
55,10,45,existence,131.31
124,6,118,existence,264.05
109,72,37,debt,312.68
101,101,0,existence,209.9
29,15,14,existence,66.62
76,43,33,existence,211.6
10,10,0,payment,45.58
80,27,53,existence,134.73
36,7,29,debt,96.35
47,40,7,payment,156.33
47,10,37,payment,95.48
3,2,1,existence,7.72
4,3,1,payment,14.03
112,66,46,debt,336.53
85,40,45,existence,176.98
87,65,22,debt,192.98
62,28,34,debt,195.61
76,38,38,debt,180.18
148,117,31,existence,408.47
34,11,23,existence,53.41
128,103,25,debt,469.92
152,93,59,debt,284.75
126,119,7,debt,432.16
77,48,29,debt,182.08
118,10,108,payment,210.14
105,44,61,existence,226.48
30,9,21,existence,54.61
101,20,81,debt,170.96
107,63,44,existence,301.34
54,40,14,debt,143.82
63,30,33,payment,170.11
90,84,6,payment,299.09
112,83,29,debt,342.62
84,12,72,debt,217.87
58,18,40,payment,113.98
104,73,31,payment,248.8
145,43,102,payment,359.89
8,3,5,payment,37.41
94,89,5,debt,333.15
37,8,29,debt,103.09
77,6,71,debt,164.82
129,25,104,payment,353.98
73,40,33,existence,155.49
116,4,112,existence,212.81
149,91,58,payment,343.16
51,16,35,payment,137.68
46,14,32,debt,121.64
86,26,60,debt,222.37
147,16,131,debt,228.46
9,7,2,debt,54.22
54,3,51,debt,99.35
36,23,13,debt,82.34
74,65,9,debt,285.2
48,33,15,existence,131.68
64,23,41,existence,179.12
94,20,74,debt,201.46
34,29,5,existence,111.83
113,54,59,existence,332.18
47,2,45,debt,102.92
31,1,30,payment,63.09
26,6,20,debt,49.85
122,106,16,debt,423.17
96,9,87,existence,246.71
52,46,6,debt,171.49
141,102,39,payment,481.44
21,12,9,existence,37.88
56,35,21,debt,154.29
63,28,35,existence,124.32
93,42,51,existence,159.61
104,65,39,debt,309.28
128,24,104,existence,180.1
120,74,46,payment,219.53
5,5,0,existence,16.64
129,56,73,payment,303.7
44,5,39,payment,92.11
36,1,35,existence,70.88
41,14,27,payment,106.01
61,24,37,existence,108.1
20,2,18,debt,59.55
23,9,14,existence,38.43
6,5,1,existence,14.12
12,10,2,debt,51.7
90,53,37,debt,272.54
116,18,98,payment,310.79
155,20,135,payment,374.4
43,10,33,debt,97.85
114,65,49,payment,346.19
108,36,72,existence,260.88
107,79,28,debt,251.02
79,63,16,debt,206.21
54,47,7,debt,194.96
143,111,32,debt,521.34
50,25,25,existence,96.9
113,1,112,existence,253.78
120,29,91,existence,307.98
142,97,45,debt,382.03
57,43,14,debt,166.11
75,44,31,existence,164.86
75,35,40,existence,176.1
10,2,8,existence,13.04
114,103,11,existence,295.26
22,18,4,payment,59.66
56,31,25,payment,156.49
99,60,39,existence,267.24
46,8,38,payment,116.94
86,3,83,debt,168.36
18,16,2,existence,32.74
2,2,0,payment,24.8
43,36,7,payment,94.94
1,1,0,payment,14.25
106,58,48,debt,302.71
144,111,33,payment,361.3
132,88,44,debt,288.4
77,13,64,existence,138.05
91,50,41,payment,186.23
116,89,27,existence,242.45
2,2,0,debt,18.32
40,22,18,existence,115.88
155,92,63,debt,475.18
16,1,15,payment,32.62
54,50,4,debt,169.97
87,36,51,payment,185.1
14,12,2,debt,52.58
110,48,62,debt,209.82
81,58,23,payment,214.05
117,25,92,debt,341.75
132,63,69,debt,285.93
68,25,43,existence,187.61
10,10,0,debt,36.67
123,67,56,debt,347.27
81,11,70,existence,139.78
71,12,59,debt,145.4
90,55,35,existence,250.81
55,2,53,payment,145.08
43,32,11,payment,128.59
65,3,62,debt,144.3
23,11,12,existence,48.25
148,144,4,existence,439.7
32,27,5,debt,135
19,12,7,existence,55.53
48,29,19,payment,141.4
18,5,13,payment,46.64
57,49,8,debt,181.03
30,18,12,payment,84.37
121,55,66,debt,275.5
44,39,5,debt,162.05
1,1,0,payment,21.4
72,67,5,debt,258.17
153,30,123,payment,244.24
30,26,4,payment,108
106,74,32,payment,328.49
66,37,29,existence,193.35
20,15,5,payment,66.77
126,88,38,existence,311.24
86,66,20,payment,202.31
40,15,25,payment,75.44
7,7,0,debt,27.74
5,4,1,payment,19.46
157,114,43,debt,439.06
36,30,6,debt,86.11
40,32,8,debt,131.74
74,17,57,existence,176.4
32,27,5,payment,96.42
11,1,10,payment,42.41
32,3,29,debt,92.68
72,36,36,debt,199.22
126,73,53,existence,219.79
149,9,140,debt,362.21
154,88,66,debt,316.54
118,93,25,debt,359.25
55,14,41,debt,111.02
143,27,116,payment,298.04
110,5,105,debt,247.32
140,116,24,debt,365.98
2,1,1,payment,16.04
102,67,35,payment,329.48
62,27,35,debt,158.35
16,4,12,debt,44.36
37,9,28,existence,74.52
70,43,27,debt,165.2
121,62,59,debt,293.62
138,88,50,payment,344.27
131,80,51,debt,347.07
80,39,41,existence,235.01
71,25,46,debt,193.13
123,112,11,debt,314.54
87,12,75,existence,204.7
111,22,89,debt,267.08
115,99,16,debt,334.46
127,13,114,debt,344.99
123,108,15,existence,273.44
100,76,24,payment,232.24
128,51,77,debt,368.38
15,14,1,payment,53.4
11,6,5,payment,31.08
100,16,84,existence,213.82
78,52,26,debt,260.02
41,17,24,payment,86.46
67,51,16,debt,173.13
77,42,35,debt,193.22
61,33,28,existence,176.4
36,31,5,debt,134.31
112,46,66,existence,213.97
106,70,36,payment,193.99
97,21,76,debt,274.3
39,8,31,existence,89.59
76,30,46,debt,130.82
145,49,96,debt,319.59
22,17,5,existence,65.48
23,8,15,payment,65.99
115,65,50,payment,229.74
127,53,74,payment,301.38
59,1,58,debt,109.24
121,116,5,debt,362.66
136,117,19,payment,461.75
53,21,32,existence,128.75
135,58,77,debt,365.33
43,32,11,debt,146.4
94,85,9,debt,285.71
46,21,25,debt,105.22
71,34,37,debt,209.86
95,92,3,existence,237.95
146,35,111,payment,360.18
7,7,0,existence,24.35
155,40,115,existence,296.6
77,51,26,debt,205.08
79,34,45,existence,208.78
82,15,67,existence,179.38
31,22,9,existence,77.73
24,11,13,debt,69.8
147,40,107,existence,210.87
57,48,9,existence,171.97
89,78,11,payment,254.16
5,4,1,existence,15.52
82,40,42,debt,242.74
4,1,3,payment,23.48
89,25,64,payment,254.97
81,51,30,payment,169.95
45,1,44,payment,67.69
22,2,20,payment,48.24
76,48,28,payment,201.74
105,60,45,existence,272.75
22,1,21,payment,63.19
42,37,5,payment,109.72
100,66,34,existence,217.44
55,36,19,existence,113.82
117,33,84,payment,241.64
9,9,0,debt,44.19
127,91,36,payment,357.14
8,3,5,debt,30.07
44,4,40,existence,94.09
73,52,21,debt,230.31
72,5,67,debt,195.68
106,96,10,debt,353.76
20,20,0,payment,90.82
72,28,44,existence,214.56
72,69,3,existence,250.42
75,28,47,debt,147.88
128,74,54,payment,293.5
8,6,2,debt,45.57
119,56,63,debt,299.04
121,17,104,debt,244.35
39,19,20,debt,122.59
81,33,48,payment,234.74
110,60,50,existence,338.88
15,14,1,debt,59.32
127,67,60,existence,322.02
148,10,138,payment,292.99
76,19,57,debt,149.22
73,55,18,payment,153.69
75,67,8,payment,186.14
115,2,113,debt,251.69
106,70,36,existence,234.94
113,21,92,debt,211.44
68,1,67,debt,137.06
113,24,89,payment,180.27
109,8,101,existence,196.23
141,79,62,debt,287.37
102,36,66,debt,305.25
72,40,32,payment,218.34
138,50,88,payment,244.1
7,3,4,existence,12
105,67,38,existence,349.32
47,2,45,payment,106.87
47,18,29,payment,111.69
27,16,11,payment,83.21
23,23,0,payment,67.82
64,22,42,existence,94.33
25,6,19,debt,63.56
61,11,50,payment,147.91
116,114,2,payment,341.11
55,40,15,payment,144.63
59,1,58,debt,105.3
124,56,68,payment,242.31
61,59,2,existence,143.76
56,37,19,existence,155.15
142,29,113,debt,349.67
122,97,25,existence,366.11
16,15,1,payment,64.78
16,4,12,existence,28.74
100,52,48,existence,289.59
58,15,43,payment,88.33
90,88,2,existence,204.32
75,71,4,debt,210.5
62,40,22,payment,178.23
28,12,16,existence,57.74
72,64,8,existence,160.76
43,23,20,debt,133.99
58,24,34,existence,162.48
54,34,20,payment,162.65
117,35,82,existence,217.69
11,10,1,existence,24.03
51,16,35,debt,135.64
76,5,71,existence,95.62
128,58,70,debt,285.12
98,78,20,payment,331.35
7,3,4,debt,29.7
44,10,34,payment,107.4
18,18,0,payment,60.22
89,34,55,debt,198.36
144,8,136,debt,213.67
31,30,1,debt,87.91
76,27,49,existence,193.07
45,38,7,payment,126.44
127,16,111,payment,336.28
13,9,4,debt,65.76
31,12,19,payment,93.46
41,20,21,debt,75.55
47,36,11,debt,159.98
29,21,8,debt,85.22
29,6,23,payment,71.03
126,60,66,debt,312.4
99,61,38,payment,333.38
80,53,27,existence,216.08
151,81,70,payment,308.16
155,60,95,existence,411.93
126,58,68,debt,283.44
47,24,23,debt,149.69
87,47,40,payment,194.27
13,11,2,existence,36.82
156,12,144,existence,331.99
111,80,31,payment,224.8
5,5,0,existence,15.9
76,33,43,existence,205.79
40,37,3,existence,86.82
17,14,3,existence,45.99
51,33,18,existence,117.91
1,1,0,debt,27.82
39,34,5,debt,105.23
58,27,31,payment,138.84
70,1,69,debt,181.69
75,75,0,existence,207.1
98,94,4,existence,342.61
37,24,13,payment,115.94
72,60,12,payment,161.35
99,41,58,payment,276.97
38,3,35,debt,125.98
134,31,103,payment,302.38
43,33,10,payment,108.18
107,4,103,payment,173.47
96,18,78,debt,204.28
127,86,41,existence,292.6
4,1,3,existence,6.17
136,59,77,existence,247.1
11,10,1,existence,29.16
150,145,5,debt,460.94
69,23,46,payment,159.82
120,98,22,existence,303.52
124,17,107,payment,293.85
41,3,38,debt,113.58
134,41,93,payment,339.73
14,13,1,existence,48.75
124,111,13,debt,414.08
109,34,75,existence,150.37
55,43,12,existence,163.7
62,40,22,payment,172.19
57,52,5,payment,171.09
152,80,72,debt,411.94
152,27,125,payment,395.64
65,39,26,debt,173.48
42,6,36,debt,128.3
100,10,90,debt,147.96
9,8,1,debt,40.26
83,17,66,payment,166.68
32,31,1,existence,72
63,28,35,payment,132.68
50,28,22,debt,137.01
50,35,15,existence,129.34
50,46,4,debt,143.35
83,21,62,payment,152.4
74,45,29,existence,227.47
126,35,91,payment,206.87
86,76,10,debt,217.65
102,27,75,existence,180.99
32,17,15,debt,114.79
121,14,107,debt,330.88
87,45,42,payment,242.77
64,64,0,debt,217.26
73,14,59,payment,184.27
94,51,43,payment,280.68
37,27,10,existence,106.32
155,31,124,debt,305.71
136,121,15,payment,371.47
68,15,53,debt,137.26
65,16,49,debt,161.71
122,82,40,existence,310.91
62,21,41,payment,167.53
32,4,28,existence,71.26
41,26,15,existence,111.34
127,76,51,existence,303.51
153,120,33,debt,429.94
32,12,20,payment,84.89
21,21,0,existence,60.83
94,40,54,payment,282.56
6,3,3,existence,15.63
149,3,146,existence,188
35,26,9,payment,131.97
34,34,0,payment,136.57
106,91,15,payment,264.42
134,43,91,existence,275.24
149,107,42,debt,411.68
150,120,30,payment,289.26
132,89,43,existence,429.06
108,39,69,payment,198.22
120,30,90,debt,207.12
68,12,56,existence,92.73
50,8,42,debt,71.62
154,37,117,payment,403.42
16,2,14,payment,49.27
22,21,1,existence,58.42
9,7,2,debt,34.95
98,53,45,existence,265.33
78,70,8,debt,240.81
129,122,7,debt,316.1
9,4,5,payment,28.18
14,9,5,existence,41.13
133,24,109,payment,320.82
54,54,0,debt,169.26
149,127,22,debt,386.45
135,48,87,existence,376.36
18,16,2,debt,58.24
10,6,4,existence,22.25
111,78,33,debt,264.44
154,12,142,existence,387.39
150,14,136,existence,367.72
37,21,16,existence,73.16
67,57,10,debt,208.4
118,56,62,debt,340.62
46,4,42,existence,63.3
131,104,27,existence,388.62
118,29,89,payment,324.63
81,64,17,debt,223.17
46,2,44,payment,72.67
155,88,67,existence,369.68
56,51,5,payment,134.62
116,9,107,existence,281.17
141,102,39,debt,430.55
106,40,66,existence,301.97
56,27,29,payment,120.05
95,83,12,payment,252.58
68,33,35,payment,191.36
110,69,41,debt,254.11
130,9,121,payment,345.83
22,5,17,existence,44.6
131,105,26,payment,370.23
37,10,27,debt,93.5
1,1,0,payment,9.89
120,9,111,existence,203.35
131,28,103,debt,278.19
108,99,9,payment,265.52
21,11,10,debt,59.94
2,1,1,payment,21.7
13,9,4,debt,68.89
111,80,31,payment,260.35
82,75,7,debt,212.92
29,2,27,debt,80.05
26,20,6,existence,65.45
46,10,36,existence,64.07
94,51,43,existence,272.79
1,1,0,payment,9.2
146,112,34,payment,428.65
53,16,37,debt,147.7
103,25,78,debt,267.62
85,37,48,existence,211.18
117,55,62,debt,227.44
20,14,6,debt,64.2
88,71,17,payment,278.06
147,144,3,payment,476.99
150,146,4,debt,374.23
79,6,73,existence,176.12
129,75,54,debt,283.31
130,120,10,payment,429.34
34,33,1,debt,140.91
12,12,0,payment,48.46
29,27,2,debt,122.97
145,31,114,debt,347.54
5,2,3,existence,13.29
88,87,1,debt,319.11
63,48,15,payment,214.83
43,27,16,payment,133.04
123,23,100,payment,339.26
132,120,12,payment,353.58
100,53,47,debt,203.67
55,19,36,payment,114.75
11,6,5,payment,39.99
3,2,1,debt,27.28
12,2,10,existence,32.59
156,113,43,existence,444.04
55,4,51,debt,136.45
26,6,20,existence,52.97
79,56,23,payment,242.65
100,34,66,debt,225.83
63,56,7,debt,184.02
108,28,80,existence,155.8
18,7,11,payment,40
131,102,29,existence,428.96
136,132,4,existence,285.04
147,133,14,payment,417.18
19,11,8,payment,41.04
103,2,101,existence,167.95
97,15,82,debt,161.99
28,10,18,payment,66.86
95,21,74,debt,213.9
23,4,19,payment,76.79
149,41,108,existence,309.41
51,39,12,existence,182.65
124,36,88,existence,343.83
30,11,19,debt,104.02
17,11,6,existence,45.01
72,4,68,payment,128.02
66,53,13,existence,139.81
80,59,21,payment,224.02
154,11,143,debt,361.13
31,19,12,existence,102.95
142,33,109,existence,287.33
142,28,114,payment,357.71
138,54,84,payment,370.28
33,8,25,payment,87.26
56,42,14,debt,148.62
43,17,26,debt,98.08
132,38,94,debt,210.46
4,2,2,existence,10.87
94,88,6,existence,327.74
133,67,66,debt,375.15
114,66,48,existence,204.77
152,11,141,debt,307.82
31,27,4,debt,99.7
36,23,13,debt,82.67
121,3,118,debt,198.57
108,94,14,payment,293.57
34,4,30,existence,43.55
40,8,32,existence,83.46
117,13,104,existence,216.14
12,11,1,payment,56.96
59,50,9,payment,228.9
5,4,1,debt,22.16
45,6,39,existence,58.61
146,73,73,existence,285.02
16,14,2,payment,48.53
123,45,78,payment,284.25
18,1,17,existence,34.58
65,53,12,payment,206.94
8,3,5,existence,20.11
107,71,36,debt,232.49
100,84,16,payment,266.91
120,96,24,existence,270.58
54,29,25,payment,110.52
116,43,73,debt,303.87
81,73,8,payment,279.12
18,8,10,existence,52.82
68,44,24,debt,186.67
155,124,31,debt,455.3
157,83,74,debt,316.68
137,65,72,existence,361.58
34,17,17,payment,112.35
81,60,21,existence,258.02
60,44,16,existence,181.79
126,118,8,payment,374.43
154,106,48,existence,358.9
93,59,34,existence,258.74
85,25,60,debt,160.54
124,84,40,existence,391.32
106,8,98,existence,134.12
128,93,35,existence,437.89
122,38,84,existence,276.94
35,32,3,debt,107.58
84,39,45,debt,190.4
58,11,47,existence,83.87
123,89,34,debt,418.97
25,18,7,payment,70.93
80,4,76,existence,113.71
68,10,58,debt,145.03
123,92,31,debt,380.72
145,69,76,debt,321.91
83,7,76,payment,178.34
109,61,48,debt,217.06
52,48,4,debt,129.09
60,49,11,payment,141.15
127,11,116,debt,313.89
66,31,35,debt,169.18
143,102,41,payment,395.02
34,14,20,payment,104.39
99,9,90,payment,185.32
36,23,13,payment,94.26
123,60,63,debt,373.11
126,37,89,payment,228.79
13,3,10,debt,47.83
6,4,2,existence,14.57
86,53,33,debt,190.48
49,17,32,payment,98.41
54,22,32,existence,153.35
71,36,35,existence,130
45,38,7,payment,156.28
77,69,8,payment,235.52
24,19,5,existence,73.48
25,16,9,payment,74.44
4,1,3,debt,17.46
32,5,27,existence,67.31
59,42,17,debt,141.71
8,7,1,payment,28.3
11,3,8,existence,16
126,17,109,debt,323.5
127,96,31,payment,386.9
66,59,7,payment,142.52
109,14,95,debt,250.45
145,139,6,existence,529.18
154,38,116,debt,382.58
42,9,33,payment,126.7
22,13,9,payment,59.98
7,3,4,debt,36.57
89,87,2,debt,277.25
45,14,31,payment,127
75,54,21,debt,232.89
66,11,55,debt,197.38
74,31,43,debt,150.31
134,40,94,payment,366.19
38,34,4,existence,83.37
7,1,6,existence,9.72
79,4,75,existence,99.79
152,101,51,payment,424.94
3,2,1,payment,18.4
82,73,9,debt,255.19
24,14,10,existence,74.34
124,111,13,existence,341.97
5,5,0,existence,17.19
97,69,28,debt,266.8
144,95,49,existence,381.23
75,1,74,existence,137.45
34,10,24,debt,100.16
15,15,0,debt,51.75
83,14,69,existence,124.7
156,14,142,debt,306.17
5,4,1,existence,14.96
18,11,7,existence,49.98
65,14,51,debt,167.76
103,44,59,existence,227.47
35,12,23,existence,68.94
34,25,9,existence,102.22
33,8,25,existence,65.08
152,126,26,debt,436.44
148,93,55,payment,326.29
68,9,59,debt,186.45
4,1,3,payment,22.78
139,126,13,payment,406.89
71,60,11,debt,244.49
120,66,54,debt,207.1
124,89,35,payment,311.66
7,7,0,existence,24.73
116,20,96,existence,252.87
157,66,91,debt,479.66
148,45,103,payment,268.77
9,9,0,existence,22.25
65,21,44,payment,130.88
75,43,32,payment,182.85
141,88,53,debt,425.39
132,89,43,payment,241.02
92,77,15,debt,253.63
146,23,123,existence,357.71
51,18,33,debt,126.5
22,4,18,debt,58.9
146,101,45,debt,464.31
79,70,9,existence,178.42
68,61,7,payment,198.07
1,1,0,debt,23.64
109,76,33,debt,363.72
85,26,59,existence,172.14
85,76,9,payment,245.2
89,47,42,debt,259.58
85,40,45,payment,264.87
2,1,1,payment,18.03
106,102,4,debt,370.95
50,43,7,existence,143.67
79,42,37,existence,223.75
63,18,45,payment,135.71
126,25,101,payment,198.78
151,76,75,payment,415.36
145,110,35,debt,330.14
51,5,46,payment,102.22
147,56,91,debt,428.98
99,59,40,existence,288.86
52,33,19,debt,115.17
134,66,68,debt,388.39
122,89,33,existence,342.68
108,94,14,payment,308.38
84,52,32,payment,172.36
23,15,8,existence,49.43
47,40,7,debt,130.49
15,14,1,payment,49.62
29,14,15,existence,61.69
12,12,0,payment,60.98
142,54,88,existence,328.31
133,33,100,payment,312.4
1,1,0,existence,2.66
37,34,3,payment,99.95
5,2,3,debt,27.13
32,26,6,debt,98.5
48,12,36,debt,107.15
33,4,29,payment,65.92
113,36,77,existence,192.23
50,17,33,debt,106.65
87,12,75,existence,197.81
102,18,84,existence,183.73
57,45,12,payment,141.73
51,34,17,payment,152.66
1,1,0,payment,16.47
72,27,45,existence,130.5
9,9,0,debt,57.45
5,1,4,payment,27.39
76,53,23,debt,266.46
125,95,30,existence,283.02
150,110,40,debt,341.24
147,108,39,debt,326.06
114,32,82,payment,221.67
134,56,78,payment,323.42
74,53,21,debt,201.4
87,77,10,payment,246.79
52,23,29,payment,170.3
79,54,25,existence,150.6
108,93,15,debt,385.75
40,37,3,payment,93.55
82,61,21,debt,249.13
90,90,0,existence,322.48
113,62,51,debt,232.25
148,120,28,existence,400.29
88,16,72,existence,185.62
132,66,66,existence,318.25
34,31,3,debt,127.3
57,5,52,payment,127.69
42,36,6,existence,99.92
57,33,24,existence,177.43
23,5,18,debt,69.04
10,3,7,existence,21.06
53,24,29,debt,129.42
128,6,122,existence,217.67
42,30,12,payment,107.44
47,10,37,payment,104.29
25,8,17,debt,72.13
110,53,57,existence,226.99
48,28,20,payment,97.46
106,71,35,debt,234.81
45,1,44,payment,119.73
153,86,67,payment,386.52
74,35,39,debt,178.57
131,93,38,debt,401.51
152,28,124,debt,254.58
142,28,114,payment,232.19
109,43,66,debt,274.74
113,19,94,debt,296.78
102,71,31,payment,319.79
43,9,34,payment,70.1
95,49,46,payment,194.82
108,20,88,payment,239.88
97,97,0,payment,291.26
17,9,8,payment,66.53
52,8,44,existence,107.33
10,8,2,debt,39
47,29,18,payment,108.7
69,15,54,payment,120.49
83,56,27,payment,197.64
119,69,50,payment,292.21
149,110,39,existence,446.71
146,42,104,debt,391.25
59,33,26,payment,165.32
140,122,18,debt,365.17
46,14,32,existence,131.66
114,35,79,existence,258.87
52,44,8,debt,116.36
123,52,71,payment,283.07
84,70,14,payment,290.4
156,117,39,debt,434.35
10,7,3,debt,47.63
17,9,8,debt,77.43
128,125,3,existence,339.16
14,1,13,payment,38.3
146,114,32,debt,486.34
61,42,19,debt,175.12
73,63,10,debt,197.87
19,2,17,debt,55.65
50,49,1,debt,203.02
94,92,2,payment,230.98
96,71,25,existence,293.27
147,147,0,existence,324.81
59,58,1,payment,206.5
103,70,33,payment,335.54
124,27,97,payment,348.48
73,12,61,debt,200.49
90,1,89,debt,218.96
139,44,95,existence,236.85
55,45,10,payment,158
14,5,9,existence,33.92
37,33,4,debt,121.35
145,49,96,debt,400.21
72,4,68,existence,124.52
68,25,43,debt,164.08
15,8,7,payment,53.42
151,145,6,existence,403.23
144,47,97,existence,257.4
125,84,41,payment,348.94
155,61,94,payment,438.81
89,46,43,existence,182.18
148,8,140,payment,371.04
131,41,90,debt,356.12
42,14,28,payment,106.53
12,6,6,existence,19.93
137,37,100,existence,264.42
27,17,10,existence,61.88
115,71,44,payment,259.2
30,1,29,existence,47.68
19,14,5,existence,67.42
82,65,17,payment,262.69
57,8,49,debt,124.64
2,1,1,existence,5.7
36,4,32,debt,93.82
2,2,0,existence,5.06
120,87,33,debt,263.37
64,14,50,existence,151.44
155,93,62,existence,272.85
125,114,11,debt,453.26
99,78,21,existence,205.01
55,46,9,payment,119.99
30,23,7,payment,79.01
27,8,19,payment,79.94
58,52,6,existence,160.98
32,19,13,payment,86.75
96,41,55,existence,219.61
77,64,13,payment,287.98
61,19,42,existence,94.05
66,9,57,existence,171.22
5,5,0,debt,38.31
134,19,115,debt,280.82
21,3,18,existence,52.82
92,87,5,debt,351.38
42,41,1,debt,130.71
123,96,27,existence,270.11
102,58,44,debt,283
121,67,54,existence,355.86
40,22,18,payment,116.98
132,27,105,existence,232.41
150,65,85,existence,325.53
79,4,75,payment,129.98
24,10,14,existence,66.77
2,1,1,debt,13.12
155,108,47,debt,416.49
49,2,47,existence,94.06
81,65,16,existence,179.13
92,59,33,existence,199.48
48,5,43,debt,138.42
75,6,69,existence,93.11
12,9,3,payment,46.66
53,16,37,debt,164.16
59,32,27,payment,126.32
38,22,16,debt,101.92
3,1,2,existence,4.36
3,3,0,payment,20.99
1,1,0,debt,12.03
29,8,21,existence,46.06
101,67,34,payment,195.05
24,2,22,debt,56.72
88,41,47,debt,216.72
87,8,79,existence,127.51
57,45,12,payment,144.21
52,47,5,existence,148.85
107,100,7,debt,293.25
87,66,21,payment,276.84
88,22,66,debt,206.36
132,72,60,payment,323.36
16,10,6,payment,57.34
99,88,11,payment,339.53
2,1,1,payment,21.93
18,16,2,payment,74.62
136,134,2,debt,397.03
69,5,64,debt,135.29
27,19,8,payment,87.82
135,68,67,debt,332.01
125,59,66,existence,323.75
19,7,12,existence,32.42
17,3,14,debt,68.75
120,32,88,existence,252.18
143,65,78,debt,388.63
49,9,40,debt,140.47
146,142,4,debt,443.22
64,7,57,debt,168.82
43,19,24,existence,110.91
154,28,126,debt,301.59
64,59,5,existence,215.45
32,23,9,payment,96.79
141,106,35,payment,418.52
35,21,14,payment,103.48
22,20,2,debt,89.06
28,5,23,payment,84.34
2,2,0,debt,33.56
60,35,25,debt,189.51
96,6,90,existence,166.8
21,8,13,existence,56.86
108,37,71,existence,272.04
97,42,55,payment,171.3
63,61,2,payment,233.64
137,123,14,existence,410.82
26,5,21,debt,67.93
25,4,21,existence,64.61
81,70,11,debt,211.71
38,19,19,debt,73.73
14,6,8,payment,38.09
21,1,20,debt,68.01
104,70,34,payment,282.03
37,15,22,debt,125.82
86,38,48,payment,215.22
114,3,111,existence,273.37
60,48,12,existence,163.8
147,57,90,debt,433.61
74,72,2,payment,220.49
136,111,25,payment,426.61
3,2,1,existence,7.23
150,96,54,payment,470.16
125,56,69,payment,278.76
138,5,133,payment,277.04
134,113,21,payment,472.19
2,1,1,debt,21.22
120,82,38,existence,300.57
27,26,1,payment,90.39
29,14,15,existence,58.69
39,24,15,payment,82.11
68,10,58,existence,124.46
93,51,42,payment,237.02
135,101,34,existence,375.84
80,5,75,debt,136.07
154,74,80,debt,426.71
103,12,91,payment,165.98
20,7,13,payment,59.38
71,17,54,payment,132.29
27,18,9,payment,83.74
91,73,18,debt,264.42
14,11,3,payment,44.22
39,26,13,debt,100.41
147,68,79,payment,324.2
119,47,72,payment,198.56
123,20,103,existence,244.69
17,8,9,debt,59.12
95,16,79,payment,158.77
59,55,4,payment,144.68
84,40,44,payment,211.75
41,39,2,debt,127.63
132,107,25,debt,322.32
13,10,3,debt,63.73
73,2,71,payment,143.63
13,8,5,debt,62.1
105,57,48,payment,302.51
44,42,2,debt,133.51
156,53,103,existence,335.34
64,8,56,payment,91.38
52,8,44,debt,137.38
99,67,32,existence,246.1
81,21,60,payment,147.24
125,115,10,existence,226.95
12,11,1,payment,58.14
136,14,122,payment,246.51
140,27,113,existence,234.59
92,90,2,debt,349.2
100,48,52,payment,256.62
131,108,23,debt,338.95
28,20,8,debt,95.04
130,113,17,payment,434.4
38,8,30,debt,121.86
26,9,17,debt,62.02
8,5,3,payment,38.12
42,38,4,payment,107.11
54,42,12,debt,163.52
59,3,56,debt,128.04
18,8,10,payment,45.72
3,2,1,debt,32.6
73,2,71,debt,168.99
9,8,1,debt,42.19
144,140,4,debt,474.92
89,22,67,payment,135.31
8,2,6,payment,32.47
125,6,119,existence,303.34
67,30,37,debt,130.01
43,29,14,debt,142.24
132,51,81,existence,376.11
116,70,46,debt,248.34
120,43,77,debt,200.69
146,74,72,debt,404.47
76,38,38,debt,199.11
45,9,36,debt,110.27
125,46,79,existence,286.82
88,23,65,payment,239.06
135,3,132,existence,308.96
99,82,17,debt,365.87
91,81,10,existence,194.24
13,3,10,debt,48.51
55,13,42,debt,123.16
81,13,68,existence,117.05
135,3,132,debt,196.79
140,88,52,payment,289.43
96,22,74,debt,172.24
131,52,79,existence,289.6
135,110,25,payment,407.53
98,79,19,existence,195.78
34,1,33,payment,83.19
146,144,2,debt,494.09
148,57,91,payment,294.6
84,68,16,debt,201.65
67,45,22,payment,169.3
105,15,90,debt,230.16
63,24,39,existence,158.19
125,24,101,debt,195.85
56,43,13,existence,156.95
139,79,60,debt,363.95
73,4,69,debt,117.9
133,109,24,existence,356.91
43,33,10,payment,165.07
139,51,88,existence,379.89
97,88,9,payment,347.18
140,104,36,debt,470.55
75,29,46,payment,182.26
121,33,88,debt,257.14
87,2,85,debt,223.07
55,5,50,payment,98.71
125,84,41,existence,368.88
104,58,46,debt,226.38
39,25,14,existence,118.33
113,44,69,existence,178.26
32,1,31,payment,68.69
147,18,129,debt,291.23
39,15,24,payment,119.09
8,1,7,existence,13.59
124,74,50,payment,370.53
57,34,23,debt,171.94
25,13,12,payment,77.61
113,47,66,payment,306.66
9,7,2,payment,38.09
74,11,63,debt,196.18
123,80,43,existence,417.81
101,26,75,existence,255.9
91,84,7,debt,219.08
135,125,10,payment,426.81
86,20,66,payment,181.95
54,46,8,existence,128.15
9,7,2,debt,36.35
73,47,26,debt,139.78
129,2,127,debt,267.94
157,24,133,existence,280.04
79,26,53,existence,166.03
36,26,10,payment,114.82
68,67,1,existence,138.51
140,29,111,payment,370.99
145,132,13,debt,427.28
2,2,0,existence,6.79
90,42,48,debt,304.08
51,50,1,existence,155.28
102,12,90,existence,211.23
52,27,25,existence,129.3
30,5,25,debt,99.05
22,1,21,existence,36.81
81,27,54,existence,210.43
21,18,3,payment,62.25
19,3,16,payment,51.92
90,74,16,debt,310.19
138,16,122,existence,349.48
111,20,91,payment,258.79
42,8,34,payment,73.84
55,39,16,payment,184.93
154,97,57,debt,354.36
107,9,98,payment,283.2
143,27,116,existence,204.47
84,73,11,existence,204.4
99,11,88,debt,284.4
130,21,109,debt,319.82
120,85,35,debt,291.81
25,3,22,existence,64.62
85,62,23,payment,215.7
80,35,45,existence,171.65
96,88,8,payment,280.29
32,15,17,payment,85.62
39,36,3,payment,104.51
138,40,98,debt,353.14
70,49,21,debt,177.59
42,35,7,payment,116.99
144,56,88,payment,286.58
35,18,17,existence,72.3
108,35,73,existence,201.71
45,15,30,payment,82.19
30,15,15,existence,79.19
28,27,1,existence,86.71
155,115,40,payment,288.91
29,11,18,debt,93.43
124,18,106,payment,226.2
64,62,2,debt,216.84
41,35,6,debt,138.09
68,60,8,payment,221.76
150,36,114,payment,380.69
99,47,52,debt,247.55
68,55,13,existence,199.63
144,75,69,existence,372.5
104,57,47,debt,209.65
9,8,1,payment,32.75
128,36,92,debt,267.6
154,46,108,debt,395.88
37,16,21,payment,104.16
65,9,56,existence,119.41
5,5,0,debt,37.06
22,7,15,debt,66.79
96,47,49,debt,229.01
123,16,107,debt,252.9
156,72,84,debt,432.71
32,31,1,existence,100.67
131,51,80,existence,221.29
30,4,26,existence,43.87
87,56,31,existence,257.26
19,12,7,existence,45.62
136,38,98,debt,357.4
46,12,34,debt,140.11
132,79,53,existence,267.84
45,38,7,debt,144.41
112,70,42,debt,329.97
82,51,31,existence,220.1
46,9,37,existence,91.12
82,51,31,payment,210.32
50,23,27,debt,111.7
155,28,127,payment,210.37
42,18,24,debt,107.68
145,119,26,existence,483.83
53,1,52,debt,149.46
150,86,64,existence,411.48
126,116,10,existence,337.15
91,34,57,debt,236.29
21,9,12,payment,70.81
35,22,13,debt,91.78
115,81,34,existence,219.32
45,35,10,payment,142.11
113,68,45,payment,290.81
77,18,59,debt,143.87
26,22,4,debt,99.29
110,107,3,existence,354.99
89,69,20,existence,298.4
130,84,46,debt,427.74
39,12,27,debt,115.4
125,97,28,debt,263.19
23,10,13,debt,55.52
37,37,0,existence,102.82
33,21,12,payment,108.28
157,132,25,debt,314.44
87,83,4,payment,229.38
152,119,33,existence,434.24
18,10,8,payment,49.4
97,31,66,payment,188.77
153,124,29,debt,387.72
151,57,94,debt,364.33
41,5,36,debt,63.08
57,56,1,payment,151.6
36,17,19,debt,98.56
42,4,38,debt,110.72
34,3,31,existence,42.83
7,6,1,payment,27.07
137,126,11,payment,351.79
76,71,5,debt,267.91
144,4,140,payment,371.05
128,25,103,debt,369.56
23,11,12,debt,96
123,34,89,existence,294.59
25,12,13,debt,58.99
56,28,28,existence,147.66
143,69,74,debt,381.74
67,8,59,payment,164.29
107,79,28,existence,222.2
154,47,107,payment,392.51
67,12,55,payment,190.2
116,58,58,debt,343.15
103,63,40,existence,179.25
15,15,0,existence,36.56
115,76,39,existence,294.88
102,52,50,existence,193.92
135,15,120,payment,181.61
132,59,73,debt,260.31
88,29,59,debt,214.84
77,11,66,existence,136.05
56,34,22,debt,163.69
100,39,61,payment,188.26
12,10,2,existence,28.48
43,40,3,debt,124.33
25,25,0,existence,78.08
80,22,58,existence,166.47
143,138,5,existence,486.71
108,38,70,debt,197.83
55,55,0,debt,189.44
2,2,0,debt,14.22
110,90,20,debt,232.69
121,96,25,payment,453.22
129,117,12,payment,346.46
104,41,63,existence,234.06
103,73,30,existence,312.8
7,2,5,debt,37.93
64,9,55,debt,145.17
94,72,22,debt,302.73
107,57,50,existence,245.71
156,96,60,payment,396.71
60,2,58,existence,85
43,36,7,existence,111.87
155,75,80,payment,469.94
71,48,23,debt,193.1
68,67,1,existence,244.04
113,79,34,debt,379.45
83,35,48,existence,143.45
2,1,1,debt,34.54
153,13,140,existence,282.43
125,41,84,debt,254.17
121,12,109,payment,197.47
12,4,8,payment,41
128,117,11,existence,340.02
142,64,78,payment,288.33
76,46,30,payment,220.53
64,15,49,debt,142.12
71,4,67,existence,158.64
6,2,4,debt,32.74
125,22,103,debt,210.04
89,30,59,existence,253.14
40,2,38,existence,63.53
109,55,54,debt,338.7
141,70,71,payment,413.79
26,20,6,debt,90.72
153,101,52,existence,471.28
31,2,29,payment,61.35
150,115,35,payment,401.24
97,70,27,payment,224.13
28,22,6,debt,82.08
147,132,15,existence,474.81
53,9,44,payment,88.75
67,48,19,payment,216.52
136,66,70,existence,340.34
97,74,23,existence,254.08
97,78,19,existence,207.88
147,35,112,existence,379.88
45,34,11,debt,145.44
46,25,21,existence,136.93
123,29,94,debt,355.94
38,31,7,existence,105.96
37,21,16,existence,103.06
142,134,8,payment,286.95
143,107,36,payment,305.78
135,13,122,debt,337.5
42,21,21,payment,112.37
127,13,114,debt,260.09
115,99,16,existence,292.63
6,1,5,payment,20.14
122,47,75,debt,218.96
127,23,104,payment,254.13
142,88,54,existence,252.92
97,71,26,debt,322.94
124,117,7,payment,251.35
63,35,28,debt,204.78
56,30,26,debt,118.84
45,14,31,existence,87.14
142,68,74,existence,411.17
122,65,57,existence,326.57
52,1,51,existence,123.33
92,92,0,existence,243.82
12,8,4,payment,48.17
127,22,105,existence,180.63
48,33,15,debt,129.53
96,89,7,existence,205.37
48,16,32,existence,113.69
55,25,30,payment,111.79
127,103,24,debt,421.19
75,10,65,debt,187.3
2,1,1,existence,5.67
146,48,98,existence,217.59
132,83,49,debt,286.03
55,19,36,payment,134.62
1,1,0,payment,9.44
98,19,79,payment,242.03
98,54,44,payment,265.29
45,36,9,payment,150.26
50,18,32,existence,85.35
155,70,85,debt,361.67
73,68,5,debt,238.89
36,20,16,existence,61.77
19,16,3,payment,66.72
104,52,52,payment,293.1
43,11,32,existence,91.57
153,124,29,existence,423.59
37,37,0,debt,135.16
32,5,27,debt,101.24
132,39,93,payment,230.04
113,20,93,payment,295.04
41,9,32,debt,96.06
37,8,29,debt,84.99
45,1,44,payment,81.55
54,20,34,debt,154.58
59,33,26,debt,185.54
9,3,6,existence,14.07
150,113,37,payment,364.11
26,23,3,payment,70.3
142,56,86,existence,370.11
139,72,67,debt,313.98
40,37,3,payment,108.66
2,2,0,existence,4.31
105,92,13,debt,326.92
151,90,61,existence,488.58
9,5,4,existence,22.25
73,62,11,existence,238.96
97,17,80,payment,196.58
41,37,4,debt,114.89
100,27,73,existence,173.85
96,56,40,debt,303.69
59,39,20,payment,120.89
125,72,53,debt,362.94
3,3,0,existence,8.3
138,49,89,existence,372.19
41,39,2,debt,134.09
9,8,1,payment,48.34
82,4,78,existence,197.74
137,67,70,existence,331.3
147,61,86,payment,387.56
57,51,6,debt,191.15
31,15,16,debt,126.3
134,23,111,existence,200.94
117,109,8,debt,291.88
66,35,31,debt,168.76
156,51,105,existence,335.73
2,2,0,debt,21.49
79,8,71,existence,205.75
69,32,37,existence,143.24
79,21,58,payment,213.48
114,87,27,existence,241.19
36,23,13,debt,104.01
155,135,20,existence,432.04
86,17,69,payment,173.58
139,84,55,existence,303.8
130,80,50,existence,302.18
23,8,15,payment,64.4
123,36,87,debt,316.77
83,54,29,payment,176.25
23,16,7,debt,82.2
130,77,53,debt,304.91
112,34,78,debt,277.18
137,14,123,debt,344.27
152,17,135,debt,243.88
156,58,98,existence,343.17
108,25,83,payment,279.4
70,65,5,existence,133.1
140,56,84,existence,403.73
110,74,36,existence,225.79
116,115,1,existence,393.83
88,75,13,debt,286.63
73,55,18,existence,187.63
6,3,3,debt,28.12
32,11,21,payment,97.89
2,1,1,existence,5.35
26,12,14,existence,71.3
20,9,11,existence,45
13,7,6,debt,67.87
93,58,35,payment,201.88
23,14,9,debt,75.39
133,18,115,payment,265.5
58,3,55,debt,91.53
125,85,40,payment,258.95
143,81,62,debt,359.29
43,8,35,debt,112.64
132,19,113,existence,275.26
57,49,8,payment,127.6
97,56,41,payment,278.4
34,18,16,debt,130.5
34,27,7,debt,96.11
144,21,123,debt,273.1
81,65,16,debt,197.99
51,31,20,existence,99.68
96,93,3,existence,348.07
22,9,13,existence,33.32
32,24,8,payment,98.2
51,27,24,existence,87.44
134,127,7,debt,335.04
19,19,0,payment,60.06
17,6,11,payment,45.95
24,2,22,existence,37.75
71,8,63,existence,112.88
72,47,25,payment,159.67
154,61,93,payment,359.02
67,46,21,payment,158.52
51,33,18,existence,119.77
140,120,20,payment,416.24
71,71,0,payment,245.39
140,45,95,payment,311.07
144,4,140,debt,330.12
50,50,0,payment,149.36
71,31,40,payment,170.63
34,19,15,existence,90.16
52,6,46,existence,132.04
149,30,119,debt,412.04
131,41,90,payment,233.38
6,3,3,payment,24.01
45,41,4,debt,123.61
143,45,98,debt,300.59
54,28,26,existence,106.7
105,34,71,existence,213.73
98,96,2,payment,236.34
101,54,47,existence,225.45
54,44,10,debt,110.39
125,50,75,existence,297.04
126,75,51,debt,381.57
100,38,62,payment,243.02
79,32,47,payment,198.19
69,41,28,debt,214.84
77,14,63,payment,138.73
4,3,1,existence,8.89
77,71,6,debt,258.14
40,32,8,existence,112.32
36,2,34,debt,91.45
100,82,18,payment,237.61
80,43,37,existence,135.77
92,41,51,existence,167.76
12,2,10,existence,22.27
15,6,9,existence,24.55
87,67,20,debt,240.35
14,3,11,payment,49.83
125,119,6,existence,432.28
27,3,24,debt,75.66
64,9,55,payment,143.41
57,45,12,existence,156.56
96,40,56,payment,183.04
80,50,30,existence,162.48
78,65,13,existence,240.61
73,17,56,payment,178.84
150,51,99,payment,426.13
132,70,62,payment,297.61
84,28,56,existence,204.67
110,93,17,payment,407.28
55,2,53,existence,102.48
14,14,0,payment,48.08
135,114,21,debt,327.08
54,8,46,existence,99.06
28,23,5,existence,79.71
142,117,25,existence,420.99
14,9,5,payment,49.46
63,61,2,payment,157.08
91,13,78,debt,134.8
126,39,87,existence,249.84
29,3,26,existence,38.39
66,9,57,existence,134.06
16,16,0,debt,66.14
86,64,22,debt,214.55
89,29,60,payment,189.65
156,51,105,debt,333.23
48,12,36,debt,89.83
57,35,22,payment,142.86
77,65,12,payment,178.59
70,27,43,debt,205.31
97,13,84,debt,262.13
7,6,1,existence,19.5
22,2,20,debt,65.44
103,86,17,debt,374.87
156,80,76,payment,460.01
59,36,23,debt,199.73
110,58,52,debt,298.78
25,6,19,payment,79.84
8,4,4,debt,50.06
39,20,19,existence,113.77
81,28,53,existence,144.19
106,74,32,existence,311.69
81,4,77,debt,161.28
1,1,0,existence,2.13
78,51,27,existence,232.86
24,8,16,existence,55.12
148,73,75,existence,326.83
65,32,33,payment,200.36
76,62,14,existence,186.82
82,40,42,existence,201
141,65,76,payment,279.59
87,87,0,existence,275.32
29,25,4,debt,96.74
120,111,9,existence,223.12
95,16,79,debt,247.89
96,64,32,debt,240.4
83,54,29,existence,183.87
122,20,102,existence,265.29
58,52,6,debt,219.61
44,38,6,debt,148.39
55,5,50,existence,93.05
24,19,5,payment,60.3
96,54,42,payment,290.95
148,128,20,debt,342.01
124,50,74,existence,329.61
19,6,13,debt,38.99
25,8,17,existence,70.1
39,28,11,debt,89.08
118,11,107,debt,225.78
151,104,47,existence,341.95
93,11,82,debt,236.31
128,17,111,payment,303.28
49,48,1,existence,160.1
13,10,3,payment,43.71
92,54,38,existence,190.5
73,29,44,debt,158.1
128,85,43,existence,345.43
134,20,114,debt,247.08
98,43,55,existence,182.72
50,42,8,debt,167.76
110,26,84,existence,196.19
66,62,4,existence,205.05
13,2,11,debt,54.54
18,4,14,debt,68.17
34,23,11,existence,91.09
103,31,72,debt,237.69
85,85,0,payment,216.4
63,2,61,payment,125.84
63,2,61,payment,152.59
118,75,43,existence,293.99
28,21,7,payment,66.44
37,15,22,payment,91.25
45,30,15,payment,152.41
1,1,0,existence,2.59
85,44,41,payment,257.4
36,27,9,existence,100.12
137,54,83,payment,332.72
143,18,125,debt,381.9
41,17,24,debt,141.21
114,23,91,debt,320.26
40,17,23,existence,65.15
36,32,4,existence,116.22
1,1,0,existence,2.53
90,40,50,payment,244.24
78,69,9,payment,214.57
59,51,8,existence,211.7
98,48,50,payment,216.25
3,1,2,existence,7.01
51,8,43,existence,77.33
47,35,12,debt,145.53
98,68,30,debt,240.99
115,28,87,payment,255.72
75,38,37,debt,206.38
113,41,72,payment,185.07
78,14,64,payment,186.31
65,38,27,existence,178.51
120,79,41,existence,312.95
15,14,1,existence,47.67
49,1,48,payment,136.25
147,68,79,debt,344.34
23,19,4,payment,70.24
1,1,0,debt,17.36
145,63,82,payment,349.22
41,6,35,debt,110.58
110,31,79,existence,288.12
142,123,19,debt,387.2
49,3,46,existence,79.28
107,95,12,debt,327.98
10,2,8,payment,31.96
19,12,7,payment,55.63
126,57,69,debt,330.69
119,16,103,debt,279.91
148,98,50,debt,470.96
21,7,14,existence,50.78
115,57,58,payment,351.14
124,42,82,existence,247.75
110,85,25,debt,363.86
104,79,25,existence,304.99
47,14,33,debt,98.84
145,3,142,existence,294.1
108,51,57,debt,312.83
58,33,25,debt,124.98
121,41,80,payment,290.26
145,69,76,debt,309.49
58,25,33,existence,91.41
85,19,66,existence,177.67
113,87,26,debt,335.38
31,11,20,debt,64.48
136,66,70,existence,328.05
103,32,71,payment,218.86
58,18,40,payment,135.18
96,68,28,debt,263.78
62,12,50,payment,108.48
43,36,7,debt,141.9
146,107,39,debt,380.59
11,3,8,payment,37.76
119,105,14,debt,371.01
108,14,94,debt,160.35
32,1,31,payment,72.78
146,42,104,existence,325.54
154,136,18,existence,336.86
60,24,36,existence,182.24
76,10,66,payment,209.51
28,4,24,debt,71.51
141,33,108,debt,365.32
47,44,3,debt,130.7
54,51,3,payment,206.69
127,120,7,existence,461.06
60,25,35,payment,166.78
101,25,76,existence,179.14
33,10,23,debt,95.44
130,15,115,payment,314.76
46,11,35,debt,144.21
90,64,26,debt,269.91
38,25,13,existence,123.99
102,101,1,debt,268.19
5,3,2,payment,26.56
88,53,35,debt,271.91
84,25,59,debt,178.53
138,56,82,debt,324.72
65,53,12,debt,164.77
39,13,26,payment,90
69,66,3,payment,260.1
141,107,34,payment,465.06
18,3,15,existence,43.59
97,28,69,debt,259.98
125,28,97,debt,326.43
44,1,43,payment,113.75
114,71,43,debt,394.74
53,50,3,existence,106.85
35,16,19,payment,89.61
61,61,0,debt,226.28
84,22,62,debt,190.59
108,76,32,payment,282.39
47,7,40,payment,85.45
17,11,6,existence,51.36
157,96,61,debt,352.13
144,32,112,payment,328.97
115,52,63,existence,276.39
151,124,27,payment,392.44
50,45,5,payment,159.64
20,6,14,payment,48.71
32,21,11,debt,86.26
138,121,17,existence,445.17
112,85,27,debt,351.22
7,4,3,payment,37.04
142,40,102,existence,257.59
21,6,15,payment,52.48
28,22,6,payment,99.74
86,19,67,payment,210.56
16,6,10,payment,37.88
119,33,86,debt,273.47
121,110,11,debt,267.15
26,19,7,payment,62.74
127,32,95,debt,230.51
114,46,68,existence,246.33
94,81,13,payment,223.07
41,1,40,debt,126.73
148,52,96,debt,374.95
91,23,68,debt,191.25
41,37,4,payment,130.95
56,45,11,debt,166.99
131,119,12,payment,373.85
36,27,9,existence,78.4
71,9,62,debt,186.74
87,80,7,existence,265.81
51,7,44,debt,90.2
94,66,28,payment,278.63
25,5,20,payment,69.13
95,1,94,debt,193.01
148,15,133,payment,300.7
112,3,109,existence,251.55
80,14,66,existence,115.88
58,53,5,debt,187.11
104,47,57,debt,320.4
155,94,61,existence,371.92
22,21,1,payment,85.55
85,75,10,existence,275.5
13,10,3,payment,33.99
61,56,5,payment,180.21
140,107,33,debt,426.11
23,20,3,payment,65.2
140,71,69,existence,266.94
132,73,59,existence,240.55
28,17,11,debt,90.26
118,82,36,debt,355.73
108,52,56,existence,290.61
103,68,35,debt,359.46
122,94,28,debt,289.61
1,1,0,existence,3.52
23,8,15,existence,40.16
13,7,6,debt,56.87
59,38,21,payment,180.52
33,13,20,payment,86.64
40,1,39,existence,69.45
65,43,22,debt,174.56
17,6,11,payment,59.99
108,7,101,debt,275.64
133,120,13,existence,325.53
79,21,58,payment,219
54,38,16,existence,154.56
119,49,70,payment,290.38
133,114,19,debt,432.93
131,80,51,payment,245.84
66,3,63,payment,145.66
123,68,55,debt,393.48
81,55,26,existence,255.77
27,3,24,debt,69.59
27,22,5,payment,76.07
59,33,26,debt,141.78
37,34,3,existence,88.54
4,3,1,debt,20.55
6,5,1,existence,14.09
122,67,55,payment,290.41
148,100,48,payment,399.71
138,39,99,debt,316.25
32,11,21,existence,83.81
6,1,5,debt,21.28
45,13,32,payment,107.77
128,12,116,existence,226
15,5,10,existence,30.47
4,1,3,existence,7.36
123,7,116,existence,295.26
144,17,127,payment,319.48
54,29,25,payment,126.13
125,5,120,debt,245.37
59,40,19,existence,115.82
105,11,94,payment,162.69
117,90,27,debt,407.02
149,24,125,debt,265.18
26,13,13,existence,51.3
139,89,50,payment,329.93
95,17,78,debt,146.66
46,2,44,debt,143.86
81,58,23,debt,266.08
128,41,87,payment,313.81
103,75,28,payment,245.68
51,48,3,existence,148.57
93,64,29,existence,194.59
72,51,21,debt,197.84
41,20,21,debt,95.89
150,87,63,payment,300.44
42,18,24,debt,97.76
61,34,27,payment,144.74
75,64,11,payment,218.25
126,34,92,existence,227.8
68,57,11,existence,182.86
48,41,7,payment,184.41
14,14,0,existence,39.7
65,61,4,payment,210.03
52,22,30,debt,133.37
77,74,3,payment,249.2
42,16,26,debt,120.86
86,30,56,existence,178.52
49,33,16,debt,167.91
1,1,0,debt,29.31
23,14,9,payment,59.96
123,103,20,debt,432.56
6,1,5,existence,9.39
7,4,3,existence,13.98
89,3,86,debt,176.04
112,80,32,existence,360.38
69,24,45,existence,184.82
114,29,85,existence,211.01
24,11,13,existence,54.12
41,15,26,existence,118.34
136,118,18,existence,319.94
63,30,33,existence,140.22
29,10,19,existence,52.7
157,57,100,debt,444.11
88,4,84,debt,134.49
17,13,4,debt,68.01
154,80,74,debt,396.52
6,6,0,existence,15.16
78,47,31,debt,155.04
103,86,17,debt,367.76
120,61,59,payment,267.67
22,17,5,existence,54.92
34,8,26,payment,100.82
35,19,16,debt,116.43
26,18,8,debt,92.69
115,62,53,existence,296.93
143,31,112,debt,273.2
50,50,0,payment,172.86
143,35,108,debt,282.67
95,81,14,debt,305.09
108,77,31,existence,274.18
141,108,33,debt,439.38
121,98,23,debt,307.84
86,43,43,payment,261.99
6,5,1,payment,35.87
125,90,35,payment,360.53
55,37,18,debt,134.59
39,36,3,existence,80.83
134,119,15,payment,414.78
122,92,30,payment,316.98
114,63,51,debt,222.86
64,6,58,debt,125.22
49,39,10,existence,117.01
152,104,48,existence,426.55
34,3,31,existence,53.81
20,15,5,debt,70.67
20,5,15,debt,56.6
155,126,29,existence,486.86
124,82,42,payment,353.68
12,5,7,existence,22.33
105,102,3,debt,395.57
12,5,7,existence,23.14
143,73,70,debt,365.65
30,12,18,existence,60.79
117,115,2,existence,367.32
99,28,71,payment,204.5
93,13,80,payment,210.14
150,105,45,debt,336.76
155,26,129,payment,368.38
130,64,66,existence,316.48
33,30,3,debt,100.44
36,23,13,debt,115.48
104,82,22,existence,291.95
107,34,73,existence,289.01
10,2,8,existence,13.15
132,109,23,payment,350.13
85,24,61,debt,262.73
56,29,27,debt,149.91
124,106,18,payment,352.6
131,105,26,payment,411.17
42,7,35,payment,82.15
92,47,45,existence,214.44
133,74,59,debt,343.68
156,111,45,existence,336.14
35,32,3,payment,115.56
78,44,34,existence,221.66
4,4,0,debt,37.62
120,15,105,debt,276.7
61,3,58,debt,122.51
157,100,57,payment,453.14
136,73,63,existence,268.42
122,92,30,debt,404.02
98,98,0,debt,266.05
71,65,6,existence,238.6
15,15,0,debt,49.81
85,35,50,existence,230.44
31,27,4,existence,70.42
80,71,9,payment,266.53
46,36,10,payment,97.77
118,47,71,payment,232.42
50,25,25,existence,95.82
56,21,35,payment,142.86
144,93,51,existence,384.29
14,2,12,existence,21.09
133,19,114,payment,357.15
73,47,26,payment,154.03
42,21,21,debt,94.58
106,105,1,payment,315.31
15,13,2,existence,37.01
132,89,43,payment,279.68
26,25,1,payment,79.58
76,24,52,payment,214.2
90,47,43,payment,182.13
123,98,25,existence,314.9
76,6,70,payment,185.84
54,16,38,existence,98.52
55,54,1,payment,145.94
16,6,10,debt,47.28
21,17,4,payment,82.49
122,38,84,existence,286.05
147,50,97,payment,348.78
59,38,21,payment,141.9
26,18,8,existence,50.08
140,135,5,debt,528.82
82,42,40,debt,174.2
143,90,53,debt,435.77
60,52,8,debt,177.12
117,44,73,debt,347.74
56,26,30,payment,137.39
119,35,84,existence,242.52
37,5,32,existence,48.68
119,36,83,payment,299.1
76,23,53,debt,161.74
106,90,16,payment,244.64
86,14,72,debt,129.3
107,51,56,debt,243.65
130,125,5,existence,338.78
14,5,9,debt,57.67
48,13,35,debt,147.32
133,47,86,payment,333.33
94,35,59,existence,165.65
123,42,81,payment,310.88
133,76,57,payment,300.6
39,7,32,payment,86.54
27,27,0,existence,104.02
23,13,10,payment,56.95
81,46,35,debt,216.28
35,34,1,debt,115.74
111,109,2,debt,340.25
1,1,0,debt,20.47
13,7,6,existence,29.44
103,85,18,payment,356.41
21,19,2,payment,54.96
92,91,1,debt,254.26
141,59,82,payment,254.38
145,118,27,existence,467.68
110,57,53,payment,266.88
31,2,29,payment,55.16
129,15,114,payment,283.58
19,9,10,payment,55.18
86,21,65,existence,205.48
55,6,49,payment,108.71
8,3,5,existence,13.52
144,91,53,debt,335.1
40,36,4,payment,126.78
138,137,1,debt,407.15
5,2,3,debt,28.6
81,22,59,existence,178.5
96,40,56,existence,213.86
107,48,59,existence,324.32
29,9,20,debt,94.33
139,50,89,existence,235.3
90,24,66,payment,264.35
120,78,42,existence,365.64
142,100,42,payment,397.74
94,23,71,debt,162.78
105,30,75,payment,292.83
39,17,22,payment,126.69
102,32,70,existence,177.64
15,10,5,payment,60.06
84,39,45,payment,178.45
21,2,19,payment,52.24
117,69,48,existence,212.66
52,1,51,payment,110.1
150,135,15,debt,404
43,22,21,debt,144.14
3,1,2,debt,19.7
129,126,3,debt,402.29
84,2,82,existence,158.35
12,4,8,payment,43.12
131,2,129,existence,257.08
3,1,2,debt,29.51
10,1,9,payment,27.53
116,115,1,payment,369.81
125,125,0,payment,272.35
61,9,52,debt,138.75
120,22,98,payment,192.02
140,65,75,existence,334.29
153,17,136,payment,342.6
116,81,35,debt,317.6
12,2,10,debt,42.68
119,67,52,existence,218.23
97,91,6,existence,200.94
103,13,90,payment,248.44
126,120,6,existence,376.22
74,64,10,payment,244.18
112,99,13,debt,284.14
109,33,76,debt,227
97,15,82,payment,221.29
4,3,1,payment,15.55
149,134,15,existence,365.2
51,25,26,existence,159.45
27,24,3,existence,82.91
13,13,0,payment,55.88
52,22,30,debt,114.85
135,74,61,payment,416.51
76,71,5,debt,206.62
8,5,3,debt,43.98
145,26,119,debt,298.53
32,29,3,existence,68.96
121,19,102,existence,169.08
155,114,41,debt,424.33
1,1,0,existence,2.65
20,19,1,existence,48.07
139,43,96,payment,352.07
143,131,12,debt,292.8
140,115,25,debt,385.43
81,72,9,payment,260.69
109,2,107,payment,181.05
68,25,43,debt,197.49
121,63,58,payment,277.97
114,40,74,debt,231.12
134,122,12,existence,475.82
124,76,48,existence,311.65
31,27,4,payment,99.78
1,1,0,payment,16.98
112,43,69,payment,242.62
80,69,11,debt,245.35
147,12,135,existence,223.4
5,2,3,payment,21.36
147,48,99,existence,310.52
138,3,135,existence,276.32
13,10,3,payment,50.79
13,2,11,debt,53.88
86,26,60,payment,185.53
70,59,11,existence,185.11
56,10,46,payment,109.51
155,13,142,payment,244.78
130,76,54,existence,238.96
62,28,34,existence,175.94
90,76,14,debt,252.16
31,26,5,payment,90.57
157,152,5,debt,512.06
134,66,68,debt,392.85
85,7,78,payment,148.08
92,32,60,payment,221.18
106,9,97,debt,272.25
80,49,31,debt,254.31
21,8,13,payment,73.95
22,5,17,payment,57.43
22,17,5,payment,73.97
138,108,30,payment,254.55
122,107,15,debt,479.67
16,12,4,debt,58.55
111,62,49,payment,357.23
85,34,51,debt,196.16
149,77,72,debt,394.65
56,50,6,existence,124.87
152,93,59,existence,418.49
104,83,21,payment,327.49
12,12,0,debt,64.36
115,38,77,payment,270.08
144,143,1,debt,468.55
70,32,38,payment,141.34
80,49,31,existence,228.25
27,23,4,payment,83.05
65,24,41,existence,118.1
97,18,79,payment,156.75
149,42,107,debt,442.22
141,48,93,payment,357.96
17,5,12,existence,41.81
107,33,74,debt,189.91
96,73,23,existence,183.43
102,35,67,debt,277.93
151,112,39,payment,431.8
81,20,61,debt,212.39
56,35,21,debt,204.65
10,3,7,debt,42.97
25,2,23,debt,50.27
8,4,4,debt,31.99
120,9,111,debt,212.82
120,84,36,payment,293.82
95,78,17,existence,284.52
155,124,31,existence,384.37
95,67,28,existence,218.41
116,10,106,payment,263.23
9,6,3,payment,28.37
1,1,0,debt,30.23
16,11,5,existence,54.59
30,11,19,existence,74.23
147,49,98,payment,269.23
124,82,42,debt,398.12
131,42,89,debt,368.71
152,133,19,payment,343.35
153,102,51,debt,412.47
26,1,25,debt,53.79
155,149,6,debt,408.59
37,11,26,debt,120.83
65,53,12,debt,185.62
38,35,3,debt,111.67
80,37,43,debt,201.41
66,63,3,debt,222.5
24,15,9,existence,68.03
103,27,76,payment,190.91
40,34,6,debt,142.26
121,53,68,payment,282.72
101,92,9,payment,289.18
30,12,18,payment,75.35
100,62,38,debt,297.96
154,45,109,existence,448.06
41,8,33,payment,102.38
5,1,4,debt,27.56
70,2,68,debt,175.37
78,3,75,payment,133.52
118,70,48,debt,328.88
97,21,76,payment,202.9
18,11,7,existence,50.12
109,74,35,existence,284.88
152,75,77,debt,403.12
63,4,59,existence,125.02
101,28,73,existence,275.82
132,63,69,payment,352.81
53,51,2,existence,135.59
117,51,66,existence,338.15
152,146,6,existence,549.24
39,28,11,existence,98.82
108,50,58,existence,301.4
42,35,7,payment,104.9
124,94,30,payment,366.17
22,5,17,payment,69.33
16,12,4,existence,45.85
69,32,37,payment,150.62
100,3,97,existence,235.69
30,24,6,existence,85.74
11,4,7,existence,25.08
145,104,41,debt,336.58
69,48,21,payment,234.82
145,11,134,payment,314.1
40,31,9,existence,131.6
97,79,18,payment,270.45
142,112,30,debt,355.1
120,59,61,debt,269.41
112,45,67,debt,234.48
2,2,0,existence,7.29
120,80,40,debt,266.05
153,7,146,existence,214.44
112,22,90,debt,203.41
79,5,74,payment,180.5
147,54,93,payment,358.9
156,1,155,existence,346.4
18,13,5,existence,33.51
111,94,17,debt,308.88
58,50,8,payment,211.48
127,114,13,debt,395.13
51,37,14,debt,133.34
2,2,0,existence,5.34
35,26,9,debt,83.91
10,9,1,payment,36.95
19,5,14,payment,56.83
81,65,16,debt,222.26
150,138,12,debt,305.5
132,71,61,existence,258.02
53,8,45,debt,148.33
2,2,0,debt,29.16
94,72,22,existence,242.22
82,36,46,payment,160.44
112,32,80,payment,208.2
117,69,48,payment,297.05
88,15,73,payment,151.34
127,74,53,payment,403.49
37,13,24,debt,99.99
77,74,3,existence,213.58
79,76,3,existence,162.61
9,7,2,existence,26.53
113,33,80,debt,273.99
149,35,114,payment,343.19
112,86,26,debt,285.64
38,5,33,existence,86.08
114,22,92,debt,193.86
105,72,33,existence,237.58
30,6,24,debt,89.05
142,134,8,existence,457.22
73,42,31,existence,226.46
114,62,52,existence,285.02
32,13,19,existence,73.87
156,85,71,payment,352.69
107,10,97,payment,141.95
21,8,13,existence,34.79
117,36,81,payment,235.63
18,16,2,payment,62.86
31,18,13,debt,75.12
125,71,54,debt,254.54
149,78,71,payment,297.28
6,6,0,existence,17.18
65,6,59,existence,97.43
67,42,25,existence,190.63
114,90,24,payment,374.62
46,11,35,existence,116.67
143,43,100,existence,245.22
12,7,5,payment,54.4
82,82,0,payment,259.88
117,103,14,payment,328.81
6,2,4,existence,12.93
7,7,0,debt,31.4
145,87,58,existence,359.85
72,22,50,existence,189.24
149,87,62,debt,365.14
88,58,30,existence,216.17
116,48,68,debt,295.33
6,3,3,debt,34.96
36,1,35,payment,76.5
62,10,52,payment,152.93
2,1,1,existence,4.14
111,89,22,payment,342.58
123,42,81,debt,268.67
64,35,29,payment,190.75
100,50,50,debt,221.76
18,2,16,payment,46.33
124,11,113,debt,228.69
29,23,6,existence,75.95
80,13,67,payment,156.72
10,8,2,payment,32.85
39,9,30,debt,105.73
34,11,23,payment,96.98
141,80,61,existence,391.94
71,60,11,payment,212.83
74,29,45,payment,162.65
73,68,5,existence,264.84
18,5,13,payment,43.52
150,37,113,debt,317.28
17,17,0,debt,65.9
157,95,62,existence,304.85
44,42,2,payment,164.59
40,34,6,existence,101.99
144,96,48,payment,416.29
89,28,61,payment,225.29
78,42,36,debt,199.55
45,38,7,debt,137.33
109,28,81,debt,247.97
30,3,27,existence,69.99
25,1,24,payment,65.05
112,8,104,debt,285.61
147,7,140,payment,220.16
52,15,37,existence,128.27
146,56,90,payment,355.98
116,80,36,payment,285.1
26,6,20,existence,68.14
7,5,2,existence,13.79
155,12,143,debt,304.7
100,75,25,existence,262.76
107,101,6,existence,324
39,7,32,existence,98.03
137,85,52,payment,385.14
65,36,29,debt,180.05
63,39,24,debt,130.18
18,10,8,existence,32.34
144,13,131,debt,327.42
81,54,27,existence,193.44
149,149,0,payment,538.99
145,142,3,existence,463.25
100,58,42,existence,215.87
44,8,36,debt,101.62
89,47,42,existence,281.47
88,60,28,payment,185.09
69,27,42,payment,149.2
100,49,51,debt,204.49
119,80,39,debt,320.27
9,7,2,existence,25.5
152,151,1,existence,534.63
32,17,15,payment,100.67
86,63,23,existence,246.71
32,19,13,payment,82.8
148,54,94,payment,443.85
93,31,62,debt,250.37
124,45,79,existence,256.98
111,66,45,existence,211.3
62,57,5,payment,208.83
32,17,15,debt,81.17
32,2,30,debt,94.05
109,24,85,debt,235.81
129,96,33,debt,269.6
25,4,21,debt,47.97
11,2,9,existence,25.82
127,56,71,payment,279.34
13,2,11,payment,29.82
137,113,24,payment,503.29
52,15,37,debt,134.7
99,90,9,debt,365.31
11,10,1,payment,47.6
24,2,22,debt,71.64
93,41,52,payment,210.4
61,14,47,debt,126.2
45,28,17,debt,102.26
116,4,112,payment,216.18
67,7,60,existence,97.87
64,40,24,payment,175.61
50,31,19,payment,95.78
146,53,93,existence,269.04
12,8,4,existence,34.33
8,7,1,existence,21.5
122,62,60,payment,238.4
150,126,24,debt,510.85
99,69,30,debt,262.06
135,27,108,payment,236.24
130,59,71,existence,269.64
61,8,53,existence,128.64
42,16,26,payment,99.92
5,2,3,existence,14.01
65,56,9,existence,190.94
98,9,89,debt,225.44
146,67,79,existence,402.26
110,30,80,payment,241.98
46,26,20,existence,104.85
103,96,7,existence,215.25
17,4,13,debt,57.32
122,71,51,existence,221.65
124,99,25,existence,364.9
73,56,17,existence,173.32
95,16,79,debt,272.78
134,4,130,payment,259.59
88,30,58,debt,195.06
130,109,21,payment,348.35
131,43,88,payment,289.31
43,15,28,existence,120.64
72,10,62,debt,107.85
49,29,20,payment,105.88
107,93,14,payment,266.57
5,3,2,payment,22.11
84,72,12,existence,239.49
110,105,5,debt,359.46
69,27,42,existence,133.54
1,1,0,existence,3.17
88,39,49,existence,190.72
93,48,45,existence,183.58
33,2,31,debt,60.69
100,68,32,debt,354.02
24,17,7,existence,68.11
149,29,120,payment,417.62
129,108,21,debt,342.21
119,41,78,existence,206.15
82,81,1,debt,284.33
97,65,32,payment,224.06
109,45,64,payment,256.92
120,94,26,payment,257.03
132,10,122,debt,343.41
64,33,31,debt,135.13
95,9,86,debt,257.17
62,34,28,payment,126.49
108,52,56,existence,307.74
133,132,1,debt,473.2
116,32,84,existence,172.44
89,5,84,existence,108.69
13,3,10,payment,43.32
16,4,12,existence,25.07
83,54,29,debt,199.62
37,22,15,existence,104.96
103,96,7,payment,391.09
123,37,86,existence,282.14
151,143,8,existence,563.17
32,3,29,existence,47.99
15,8,7,debt,43.98
132,128,4,existence,390.95
64,55,9,payment,161.55
113,41,72,existence,302.21
21,2,19,payment,61.1
143,123,20,payment,506.99
143,2,141,payment,238.83
47,36,11,existence,105.45
137,28,109,debt,215.57
5,5,0,debt,22.8
49,26,23,existence,122.11
27,18,9,payment,93.99
10,6,4,debt,56.88
149,15,134,payment,242.07
110,42,68,payment,300.66
52,11,41,payment,158.18
38,23,15,debt,94.89
124,75,49,payment,311.53
93,91,2,existence,196.95
142,82,60,existence,400.88
38,28,10,debt,98.87
47,43,4,existence,147.68
127,79,48,payment,321.83
104,42,62,debt,290.2
157,91,66,payment,513.56
135,46,89,debt,233.75
50,33,17,existence,113.65
58,38,20,existence,137.05
104,21,83,debt,228.6
48,42,6,existence,174.92
147,57,90,existence,300.33
154,104,50,existence,286.28
98,1,97,debt,168.21
85,4,81,existence,179.1
129,25,104,debt,232.23
51,20,31,debt,156.64
108,23,85,existence,195.19
45,1,44,existence,96.37
149,128,21,payment,400.29
61,23,38,payment,181.8
13,13,0,existence,41.78
149,76,73,payment,453.84
155,100,55,existence,366.52
10,4,6,debt,45.22
40,36,4,payment,133.57
121,41,80,existence,327.46
16,13,3,existence,39.3
46,28,18,payment,125.83
23,5,18,debt,52.23
20,7,13,existence,32.69
153,126,27,existence,391.34
104,16,88,debt,197.42
89,74,15,existence,259.81
18,1,17,debt,67.98
85,32,53,existence,181.95
109,52,57,payment,203.08
104,14,90,payment,239.67
90,63,27,existence,239.79
119,58,61,existence,332.54
145,116,29,debt,455.44
86,43,43,existence,163.22
89,80,9,existence,189.12
123,102,21,payment,369.08
95,58,37,debt,287.76
117,12,105,existence,180.64
124,123,1,debt,307.02
150,57,93,debt,421.5
112,67,45,existence,269.12
24,13,11,payment,71.84
46,32,14,existence,124.08
42,11,31,payment,84.06
20,2,18,existence,48.05
9,9,0,payment,35.12
32,26,6,existence,68.82
81,78,3,existence,167.16
38,18,20,payment,77.12
35,27,8,existence,112.39
1,1,0,payment,12.72
45,25,20,existence,92.61
48,4,44,payment,87.81
109,8,101,existence,268.22
29,18,11,payment,75.22
26,11,15,existence,50.68
133,79,54,payment,318.15
54,42,12,payment,153.78
119,5,114,payment,227.66
118,51,67,existence,201.71
65,41,24,debt,173.6
89,49,40,payment,192.72
24,24,0,debt,92.34
155,118,37,debt,402.23
63,47,16,existence,179.61
87,22,65,debt,188.77
47,28,19,existence,78.55
46,28,18,payment,140.22
47,26,21,debt,145.18
19,7,12,debt,60.54
105,87,18,payment,250.64
37,9,28,debt,79.92
37,17,20,existence,97.95
97,74,23,debt,283.52
138,29,109,payment,223.94
13,9,4,debt,52.05
117,86,31,payment,357.65
43,23,20,debt,120.22
83,28,55,debt,161.42
71,65,6,debt,206.25
72,15,57,existence,105.33
89,66,23,existence,238.4
80,43,37,existence,161.91
136,119,17,debt,444.94
111,45,66,existence,306.12
149,57,92,debt,419.88
141,101,40,debt,413
110,105,5,payment,333.23
29,7,22,payment,62.17
157,22,135,debt,379.92
20,11,9,existence,51.07
91,84,7,existence,218.85
84,14,70,debt,222.8
47,15,32,debt,145.56
64,27,37,existence,117.42
152,147,5,existence,405.75
37,36,1,debt,97.8
140,71,69,existence,421.56
136,52,84,existence,228.61
74,45,29,payment,165.42
122,62,60,payment,370.16
94,34,60,payment,246.32
1,1,0,payment,16.58
12,6,6,existence,22.43
61,17,44,debt,173.33
8,6,2,existence,25.65
104,34,70,existence,180.47
127,49,78,payment,301.28
157,79,78,existence,446.21
54,31,23,debt,94.94
91,14,77,existence,135.9
18,16,2,debt,82.43
41,21,20,existence,80.36
121,25,96,debt,214.35
57,25,32,payment,168.19
147,103,44,existence,414.51
92,47,45,debt,260.29
98,64,34,debt,269.32
89,83,6,debt,341.11
12,2,10,payment,44.81
40,34,6,payment,136.17
23,16,7,existence,53.63
49,49,0,payment,183.76
131,115,16,existence,406.95
149,100,49,payment,345.11
23,17,6,payment,70.37
129,68,61,debt,299.97
122,52,70,payment,198.39
113,4,109,payment,230.63
123,109,14,existence,337.52
87,68,19,existence,233.03
145,61,84,debt,328.4
89,50,39,debt,203.83
118,31,87,debt,253.31
21,8,13,payment,67.32
122,41,81,payment,345.08
134,94,40,existence,292.92
35,35,0,payment,123.67
131,33,98,existence,200.68
18,1,17,debt,52.4
77,73,4,payment,218.95
124,107,17,debt,436.93
134,133,1,debt,439.64
78,6,72,debt,155.02
75,54,21,existence,209.85
89,28,61,existence,212.32
139,72,67,debt,388.96
20,9,11,existence,29.72
100,10,90,debt,279.28
23,12,11,existence,63.68
32,22,10,payment,91.58
79,27,52,existence,161.13
44,2,42,debt,110.74
88,40,48,debt,262.22
103,74,29,existence,261.43
27,17,10,debt,94.46
78,23,55,existence,126.92
7,5,2,payment,23.11
83,5,78,existence,164.86
107,71,36,existence,220.66
25,19,6,debt,60.61
139,90,49,payment,302.01
52,3,49,existence,110.76
34,3,31,payment,62.76
44,2,42,debt,86.8
6,6,0,payment,34.17
13,4,9,existence,32.1
19,19,0,existence,47.28
104,24,80,debt,263.53
66,19,47,debt,173.76
100,26,74,payment,186.96
138,76,62,debt,417.67
157,42,115,debt,428.46
46,21,25,debt,116.94
120,54,66,payment,348.76
20,16,4,debt,58.49
146,129,17,debt,469.72
98,80,18,existence,229.19
148,120,28,debt,487.64
48,42,6,payment,150.92
142,74,68,debt,367.01
105,67,38,payment,243.79
149,110,39,payment,335.69
115,33,82,existence,300.38
20,7,13,payment,63.26
124,78,46,debt,425.23
23,16,7,payment,85.62
109,42,67,payment,208.11
82,21,61,existence,225.39
16,11,5,payment,64.17
67,11,56,debt,124.99
66,6,60,debt,180.86
91,35,56,debt,177.67
146,77,69,debt,286.04
74,41,33,existence,158.84
68,40,28,payment,147.21
127,9,118,existence,308.25
147,137,10,debt,497.29
55,35,20,existence,152.23
87,20,67,debt,165.45
75,28,47,debt,225.82
95,63,32,existence,172.59
151,8,143,debt,332.4
71,17,54,payment,193.02
97,85,12,payment,326.42
86,80,6,debt,250.54
122,72,50,payment,269.51
20,20,0,debt,86.56
126,31,95,existence,198.17
97,16,81,payment,178.29
125,119,6,existence,366.72
138,6,132,debt,350.4
34,33,1,existence,76.64
76,1,75,payment,144.15
55,30,25,existence,100.14
17,3,14,existence,29.24
30,15,15,existence,53.73
135,93,42,debt,462.73
30,26,4,payment,104.89
26,7,19,payment,72.32
122,14,108,existence,222.46
136,101,35,payment,432.23
42,39,3,debt,145.94
91,71,20,debt,223.83
83,37,46,existence,236.07
136,17,119,existence,327.06
11,10,1,payment,47.02
36,20,16,debt,80.37
78,67,11,existence,172.79
91,87,4,payment,281.02
70,40,30,payment,202.27
33,12,21,debt,81.04
129,113,16,payment,376.62
64,57,7,debt,228.45
59,8,51,payment,102.69
125,106,19,debt,375.09
121,38,83,existence,231
42,22,20,existence,76.17
103,56,47,payment,269.87
129,72,57,existence,306.35
52,44,8,payment,175.54
84,50,34,payment,251.59
21,16,5,payment,83.6
39,28,11,existence,88.05
122,61,61,debt,272.34
86,38,48,existence,138.41
43,21,22,debt,85.85
108,70,38,payment,342.22
120,63,57,debt,311.25
88,13,75,payment,184.34
42,9,33,payment,79.81
24,22,2,debt,94.16
22,2,20,existence,45.35
58,55,3,existence,201.22
22,8,14,existence,35.45
95,45,50,existence,290.92
26,8,18,debt,74.86
123,68,55,existence,344.69
69,54,15,payment,179.48
70,65,5,payment,220.42
68,10,58,debt,120.72
145,57,88,payment,398.45
123,57,66,debt,367.93
113,105,8,payment,220.51
89,61,28,existence,273.13
95,64,31,payment,195.9
48,15,33,existence,126.76
39,8,31,existence,85.22
130,49,81,payment,316.13
146,129,17,payment,379.25
61,34,27,debt,173.94
154,99,55,payment,372.72
121,95,26,existence,252.78
52,33,19,payment,175.08
108,102,6,debt,247.66
17,13,4,payment,59.45
51,36,15,debt,139.04
96,17,79,payment,235.23
75,18,57,payment,189.02
41,2,39,debt,91.9
30,13,17,existence,46.88
59,11,48,debt,129.07
5,3,2,debt,39.84
143,44,99,debt,339.08
128,114,14,existence,249.36
100,63,37,payment,336.69
142,24,118,debt,231.94
12,7,5,existence,32.15
11,5,6,payment,39.3
34,33,1,payment,95.31
99,84,15,existence,300.36
4,2,2,debt,18.1
145,136,9,debt,338.6
134,10,124,existence,172.67
74,33,41,debt,138.74
43,21,22,debt,153
81,76,5,debt,207.11
57,38,19,existence,162.23
104,70,34,debt,244.51
6,1,5,debt,26.7
90,54,36,debt,300.76
74,58,16,payment,172.47
42,26,16,debt,114.47
121,78,43,existence,319.08
134,45,89,existence,380.2
15,4,11,debt,49.54
123,58,65,existence,246.03
64,21,43,payment,181.2
127,15,112,existence,204.28
73,47,26,debt,185.39
86,26,60,debt,246.54
112,4,108,existence,168.72
148,27,121,existence,239.85
25,12,13,payment,81.42
136,36,100,payment,402.92
47,42,5,payment,168.56
133,78,55,debt,287.87
17,9,8,debt,46.35
55,24,31,debt,135.43
12,12,0,debt,57.82
129,34,95,debt,368.53
16,7,9,debt,49.92
11,9,2,payment,36.21
3,1,2,debt,37.18
94,23,71,payment,247.49
126,74,52,payment,301.77
82,71,11,existence,186.19
35,26,9,debt,77.15
137,134,3,debt,504.09
15,13,2,debt,45.97
54,6,48,existence,105.08
131,18,113,debt,345.33
64,62,2,debt,214.77
103,82,21,existence,327.8
122,64,58,existence,366.58
77,35,42,debt,159.54
124,111,13,existence,296.05
143,116,27,debt,345.69
148,107,41,debt,482.25
145,115,30,existence,376.83
85,6,79,debt,242.1
52,4,48,existence,92.46
141,69,72,payment,385.49
96,46,50,payment,249.59
43,30,13,payment,115.07
59,57,2,payment,235.05
117,83,34,existence,358.37
112,23,89,payment,229.7
111,103,8,debt,366.8
87,49,38,payment,191.88
45,45,0,payment,185.26
75,51,24,existence,221.25
106,77,29,debt,289.13
51,29,22,debt,156.19
3,2,1,debt,32.89
22,4,18,payment,68.7
140,44,96,existence,290.89
47,11,36,debt,113.35
50,13,37,payment,139.66
142,86,56,debt,322.21
84,45,39,payment,227.22
113,50,63,debt,346.77
110,48,62,existence,248.5
93,68,25,debt,269.3
40,12,28,payment,130.3
85,6,79,payment,152.49
157,11,146,payment,261.21
131,60,71,existence,240.45
142,59,83,debt,332.1
147,54,93,debt,318.63
73,48,25,debt,236.88
33,14,19,debt,96.07
108,71,37,payment,330.66
63,2,61,payment,96.46
13,6,7,payment,38.12
72,16,56,existence,110.06
147,106,41,debt,400.61
27,10,17,existence,49.51
141,79,62,existence,366.16
60,32,28,existence,123.06
39,31,8,debt,118.4
111,94,17,existence,339.99
37,1,36,existence,80.42
38,24,14,debt,120.04
100,59,41,existence,257.14
34,20,14,payment,102.46
34,29,5,existence,90.9
59,9,50,payment,152.39
99,1,98,existence,184.6
59,51,8,debt,162.32
79,67,12,debt,205.95
32,29,3,existence,75.53
102,8,94,existence,159.21
46,41,5,payment,126.87
120,51,69,payment,217.56
138,43,95,debt,332.36
131,45,86,existence,263.87
8,4,4,payment,38.4
145,113,32,payment,382.08
9,1,8,debt,35.95
64,25,39,payment,193.62
95,68,27,debt,286.05
106,25,81,existence,274.79
59,18,41,existence,105.6
43,18,25,payment,88.95
81,71,10,payment,291.38
30,16,14,payment,87.6
51,23,28,debt,108.36
129,2,127,payment,269.67
117,23,94,payment,255.57
107,63,44,debt,222.68
86,40,46,payment,197.07
94,57,37,payment,293.88
152,71,81,payment,311.76
134,11,123,payment,205.92
65,56,9,debt,218.93
85,27,58,payment,203.87
4,1,3,existence,10.4
98,71,27,payment,190.36
121,119,2,debt,395.11
34,18,16,debt,112.78
99,34,65,existence,275.39
121,53,68,existence,257.26
97,76,21,existence,314.29
129,8,121,existence,175.03
47,32,15,existence,103.99
14,9,5,existence,44.97
74,71,3,payment,236.8
57,43,14,existence,138.7
121,49,72,existence,252.08
6,4,2,existence,15.06
40,28,12,payment,86
133,116,17,debt,414.21
56,39,17,existence,167.2
19,9,10,existence,49.56
30,21,9,existence,97.6
135,121,14,existence,333.38
103,40,63,debt,214.59
110,64,46,debt,363.71
156,113,43,debt,500.33
124,57,67,debt,331.36
129,51,78,existence,280.22
104,98,6,debt,315.12
73,8,65,debt,190.62
34,6,28,payment,74.77
4,3,1,existence,11.46
98,80,18,payment,303.93
131,50,81,debt,240.03
147,20,127,existence,367.46
116,99,17,debt,387.3
94,82,12,debt,210.29
21,2,19,debt,52.66
126,83,43,payment,312.98
42,25,17,existence,133.24
152,1,151,payment,297.1
137,133,4,existence,325.46
89,39,50,existence,206.88
135,40,95,payment,231.38
36,32,4,existence,77.04
31,3,28,debt,97.49
139,53,86,debt,320.7
126,28,98,payment,194.44
130,125,5,existence,377.92
74,47,27,debt,172.58
63,4,59,debt,106.03
1,1,0,debt,30.38
85,49,36,debt,254.6
155,69,86,existence,322.85
20,3,17,debt,42.53
142,137,5,existence,335.17
93,30,63,payment,254.64
53,7,46,debt,148.65
13,6,7,existence,29.76
115,42,73,existence,265.69
101,45,56,debt,311.8
11,11,0,payment,41.29
96,7,89,existence,152.45
82,64,18,debt,204.55
34,4,30,payment,83.83
22,17,5,debt,71.23
148,8,140,debt,356.15
146,49,97,payment,279.68
112,103,9,debt,225.64
94,28,66,debt,191.66
39,22,17,payment,98.47
116,80,36,debt,380.63
133,66,67,debt,250.8
129,117,12,existence,377.85
98,66,32,existence,315.04
50,50,0,payment,152.18
121,69,52,existence,326.81
15,2,13,debt,52.91
109,22,87,debt,171.74
148,143,5,debt,414.49
126,54,72,debt,385.5
70,15,55,payment,143.08
135,116,19,debt,391.55
131,54,77,existence,279.9
3,2,1,payment,15.44
37,5,32,payment,104.15
44,29,15,debt,140.25
149,57,92,debt,416.1
114,37,77,existence,274.57
27,10,17,payment,69.12
42,28,14,payment,90.37
107,13,94,existence,144.34
15,2,13,payment,41.86
19,3,16,payment,44.58
16,11,5,payment,51.82
98,75,23,debt,266.58
148,24,124,payment,232.44
51,3,48,debt,94.38
70,27,43,payment,163.42
121,76,45,debt,309.66
28,9,19,payment,78.45
59,30,29,existence,146.72
115,51,64,payment,258.24
143,131,12,payment,354.56
97,75,22,existence,280
147,97,50,payment,332.29
43,25,18,payment,98.54
83,41,42,existence,211.24
46,31,15,payment,145.82
148,26,122,existence,388.93
118,80,38,payment,333.59
55,32,23,debt,152.88
24,23,1,payment,77.29
58,3,55,debt,88.98
48,30,18,existence,120.12
94,79,15,payment,276.39
86,37,49,debt,180.86
121,29,92,existence,288.85
73,66,7,debt,206.86
17,1,16,debt,41.56
22,7,15,existence,57.21
49,45,4,payment,153.68
50,17,33,existence,100.89
120,102,18,payment,415
98,82,16,payment,251.81
31,22,9,existence,100.16
32,2,30,debt,62.37
132,77,55,debt,321.54
2,2,0,debt,18.44
105,89,16,payment,303.84
61,5,56,payment,175.07
130,58,72,debt,348.7
123,94,29,existence,303.85
107,57,50,debt,293.19
154,54,100,payment,378.6
105,69,36,existence,244.24
48,30,18,debt,119.06
27,24,3,debt,107.55
150,33,117,payment,240.58
151,142,9,existence,409.85
95,48,47,existence,257.41
149,20,129,debt,343.26
44,34,10,debt,126.99
95,60,35,existence,258.98
145,124,21,existence,382.47
156,84,72,debt,359.6
96,72,24,existence,294.82
93,36,57,payment,231.35
64,31,33,payment,121.28
31,12,19,debt,109.56
8,6,2,debt,43.74
25,22,3,payment,94.88
108,48,60,debt,316.48
67,13,54,payment,122.72
102,32,70,existence,251.54
61,2,59,payment,148.35
100,7,93,debt,191.3
3,1,2,debt,34.96
61,12,49,debt,176.85
117,89,28,existence,352.95
134,73,61,existence,339.09
80,72,8,debt,245.53
131,23,108,debt,301.75
24,5,19,existence,46.2
48,34,14,existence,101.94
37,13,24,existence,99.33
109,93,16,payment,238.64
90,27,63,debt,221.47
102,47,55,payment,293.43
13,11,2,existence,40.63
128,66,62,payment,380.99
95,65,30,existence,220.91
122,75,47,existence,259.78
123,118,5,existence,364.76
151,109,42,payment,285.64
148,113,35,debt,514.41
66,56,10,debt,199.04
59,31,28,debt,167.95
14,2,12,debt,53.2
108,46,62,debt,343.32
116,96,20,debt,360.65
82,57,25,debt,216.56
77,39,38,existence,240.88
66,60,6,existence,178.61
104,76,28,existence,255.59
79,76,3,debt,281.9
89,39,50,payment,151.55
37,26,11,debt,139.51
74,34,40,existence,201.73
76,75,1,debt,234.12
78,55,23,payment,194.65
66,13,53,debt,120.3
111,28,83,existence,255
63,30,33,existence,125.43
152,91,61,existence,368.38
97,68,29,existence,308.06
52,49,3,existence,146.02
34,7,27,debt,118.69
150,2,148,existence,224.09
152,7,145,payment,285.81
22,21,1,existence,56.74
141,118,23,debt,384.06
103,48,55,existence,323.71
76,2,74,payment,171.3
25,10,15,existence,55.58
150,147,3,existence,404.89
58,36,22,existence,116.32
119,82,37,debt,297.98
32,3,29,payment,71.47
43,14,29,existence,82.8
115,68,47,existence,269.08
57,8,49,payment,109.39
7,1,6,payment,29.35
82,62,20,debt,175.94
69,61,8,existence,211.51
98,15,83,payment,276.1
7,2,5,payment,20.72
141,50,91,existence,271.49
46,33,13,existence,115.09
106,13,93,debt,268.82
22,19,3,debt,75.51
79,55,24,existence,220.32
140,140,0,existence,387.14
107,78,29,payment,288.62
155,82,73,debt,393.64
92,11,81,debt,214.8
88,29,59,existence,223.75
17,7,10,debt,61.47
60,56,4,debt,153.08
119,50,69,debt,268.89
141,113,28,payment,384.3
24,14,10,debt,56.91
24,23,1,payment,74.66
106,38,68,debt,277.72
66,16,50,debt,145.58
146,124,22,existence,380.7
136,97,39,existence,339.49
146,44,102,debt,328.8
92,40,52,existence,187.03
102,77,25,payment,242.01
62,2,60,existence,96.15
50,18,32,debt,137.67
70,58,12,payment,228.6
157,19,138,existence,407.21
54,7,47,existence,124.4
10,1,9,payment,37.1
148,82,66,debt,390.94
132,68,64,existence,400.17
82,21,61,existence,200.48
45,33,12,payment,136.81
157,4,153,debt,302.7
27,23,4,payment,80.73
132,55,77,existence,213.1
5,5,0,payment,32.68
74,53,21,debt,216.96
30,11,19,payment,52.6
33,22,11,debt,85.31
43,36,7,payment,107.96
144,107,37,existence,469.62
19,2,17,debt,44.53
36,17,19,existence,102.96
153,130,23,payment,370.49
85,32,53,debt,203.02
144,16,128,debt,333.19
51,36,15,existence,109.59
102,11,91,payment,216.46
42,2,40,debt,63.85
44,13,31,debt,134.25
15,14,1,debt,49.33
117,57,60,existence,246.67
69,25,44,payment,182.29
29,15,14,existence,54.21
41,9,32,existence,61.6
32,32,0,payment,80.34
31,17,14,debt,72.37
133,19,114,existence,306.26
78,20,58,debt,140.88
25,18,7,existence,79.65
33,10,23,debt,82.74
63,59,4,debt,174.01
135,88,47,payment,399.51
18,9,9,existence,42.83
139,34,105,payment,342.17
130,103,27,existence,331.04
62,40,22,existence,147.14
144,116,28,debt,372.94
146,72,74,existence,231.35
123,23,100,debt,259.39
39,34,5,payment,125.89
134,92,42,debt,399.66
60,3,57,existence,153.39
17,7,10,payment,37.97
121,20,101,debt,326.38
121,79,42,existence,272.12
94,13,81,payment,192.81
55,52,3,debt,219.56
140,76,64,payment,414.45
150,72,78,existence,298.79
131,124,7,payment,416.75
14,3,11,debt,44.66
149,30,119,existence,384.21
118,101,17,existence,319.05
131,127,4,payment,426.77
76,20,56,debt,223.65
70,66,4,payment,213.02
118,7,111,payment,183.34
151,35,116,debt,348.34
93,16,77,payment,203.3
145,38,107,debt,351.66
114,60,54,debt,363
22,19,3,debt,96.55
34,32,2,existence,95.43
141,119,22,payment,296.71
54,52,2,payment,152.34
96,52,44,debt,240.62
44,28,16,payment,131.53
18,3,15,payment,39.19
85,2,83,debt,185.59
106,31,75,payment,239.62
15,5,10,debt,45.9
150,3,147,debt,232.95
107,89,18,debt,282.81
98,91,7,payment,337.53
38,26,12,existence,75.44
44,30,14,debt,134.68
132,36,96,existence,332.16
111,61,50,payment,186.99
106,33,73,debt,196.86
70,21,49,payment,173.44
41,34,7,payment,142.28
24,18,6,payment,68.27
57,14,43,payment,160.68
79,48,31,debt,266.22
62,15,47,debt,108.61
131,34,97,debt,275.27
69,4,65,payment,108.72
57,46,11,existence,124.28
102,75,27,debt,265.74
40,28,12,existence,98.3
125,60,65,payment,256.08
122,36,86,existence,308.53
67,22,45,debt,198.93
11,11,0,debt,49.81
136,132,4,debt,397.23
30,21,9,debt,106.92
93,93,0,existence,199.79
109,49,60,existence,270.17
67,11,56,payment,156.31
138,84,54,debt,421.17
148,81,67,existence,362.89
80,26,54,existence,127.5
48,9,39,payment,117.28
103,19,84,debt,255.82
2,2,0,payment,20.08
119,3,116,existence,270.06
15,10,5,existence,31.1
50,27,23,debt,165
31,26,5,debt,120.34
157,137,20,payment,533.56
105,84,21,debt,321.61
152,17,135,debt,278.11
31,21,10,payment,86.44
60,21,39,debt,109.49
36,12,24,debt,86.96
155,41,114,debt,351.66
38,30,8,existence,115.84
112,110,2,debt,400.94
156,138,18,debt,350.41
4,4,0,payment,23.01
25,3,22,debt,68.43
28,2,26,payment,70.63
58,41,17,existence,141.97
150,126,24,existence,402.2
146,103,43,payment,399.6
146,40,106,existence,310.66
16,7,9,existence,46.69
115,35,80,payment,274.97
93,27,66,payment,250.85
104,37,67,existence,161.54
77,52,25,debt,241.36
117,7,110,payment,235.79
29,29,0,payment,80.95
3,2,1,existence,7.38
108,95,13,payment,282.81
106,10,96,payment,244.62
95,65,30,payment,286.49
101,91,10,payment,375.3
1,1,0,payment,11.9
10,8,2,payment,40.21
141,124,17,debt,402.27
86,34,52,existence,215.3
14,13,1,debt,56.17
77,60,17,debt,209.6
66,65,1,existence,169.85
33,8,25,existence,74.85
34,26,8,debt,131.89
52,46,6,debt,138.72
48,46,2,debt,162.35
80,19,61,payment,141.25
48,39,9,payment,112.37
33,22,11,debt,136.79
135,54,81,existence,403.92
107,85,22,existence,333.83
72,63,9,debt,229.77
33,33,0,payment,113.93
31,23,8,payment,95.86
89,85,4,existence,212.71
57,45,12,debt,188.98
90,49,41,debt,203.8
83,33,50,payment,248.19
141,23,118,existence,370.94
28,2,26,existence,54.43
143,122,21,payment,490.69
101,22,79,payment,216.38
66,24,42,existence,97.1
83,75,8,payment,239.55
115,91,24,existence,341.59
97,12,85,existence,126.46
65,50,15,existence,212.27
103,19,84,payment,273.91
49,9,40,debt,117.99
59,36,23,existence,171.91
123,93,30,payment,355.62
26,24,2,payment,73.84
66,60,6,existence,153.92
113,9,104,payment,244.59
139,16,123,payment,380.72
63,4,59,payment,149.56
142,104,38,payment,285.03
1,1,0,existence,2.92
45,1,44,payment,77.92
7,3,4,existence,16.07
3,2,1,payment,18.08
33,24,9,debt,83.82
24,10,14,payment,77.71
5,4,1,payment,19.29
125,98,27,payment,393.02
113,72,41,existence,357.8
53,47,6,debt,166.38
157,51,106,payment,267.35
124,66,58,payment,389.66
155,27,128,debt,341.65
16,5,11,debt,72.87
139,23,116,existence,205.91
120,104,16,debt,292.31
62,60,2,payment,196.26
117,50,67,payment,363.49
121,84,37,payment,293.59
78,58,20,existence,204.61
82,76,6,payment,240.87
55,46,9,payment,135.81
136,13,123,existence,197.64
102,91,11,existence,290.62
151,16,135,existence,371.69
45,16,29,debt,112.34
3,2,1,payment,24.09
84,35,49,payment,160.24
42,38,4,debt,125.39
45,35,10,debt,153.56
128,47,81,debt,296.02
44,15,29,payment,93.87
12,6,6,debt,58.08
55,35,20,existence,132.46
118,114,4,existence,411.28
31,17,14,payment,62.53
76,11,65,payment,203.22
139,57,82,existence,307.22
67,32,35,payment,151.4
77,46,31,debt,270.07
120,73,47,debt,331.19
109,94,15,existence,300.98
89,4,85,existence,225.27
2,1,1,debt,31.05
60,55,5,payment,197.2
148,14,134,payment,257.82
147,114,33,existence,306.24
147,101,46,existence,357.25
40,38,2,debt,116.76
150,149,1,payment,407.51
102,45,57,existence,279.65
142,16,126,payment,337.03
2,1,1,payment,9.22
86,21,65,debt,231.02
150,13,137,debt,265.89
112,86,26,existence,216.96
141,98,43,payment,439.83
23,14,9,payment,76.42
134,12,122,debt,207.25
151,55,96,existence,238.22
132,69,63,debt,303.96
143,127,16,existence,351.25
127,22,105,payment,253.83
104,28,76,payment,257.64
103,54,49,existence,224.98
149,21,128,payment,311.06
97,42,55,existence,286.25
110,76,34,existence,209.31
106,38,68,existence,199.88
91,11,80,payment,149.71
153,127,26,debt,553.63
48,18,30,existence,112.75
23,14,9,payment,47.53
67,37,30,existence,201.61
100,21,79,existence,266.69
81,13,68,existence,128.12
47,12,35,debt,112.77
61,49,12,payment,171.31
109,86,23,payment,234.55
149,30,119,existence,270.95
101,4,97,payment,147.84
107,55,52,existence,279.29
47,18,29,debt,90.09
120,21,99,existence,194.56
26,16,10,payment,83.85
24,17,7,payment,89.88
71,47,24,payment,221.55
65,55,10,debt,186.99
45,18,27,existence,114.42
1,1,0,debt,19.66
78,73,5,payment,195.14
141,63,78,payment,335.99
3,1,2,payment,20.07
148,75,73,existence,428.27
81,7,74,existence,203.05
80,62,18,payment,201.46
120,40,80,debt,262.59
74,69,5,payment,246.31
22,4,18,existence,52.44
18,14,4,debt,69.04
35,4,31,debt,61.22
111,78,33,debt,375.93
85,30,55,payment,208.21
15,6,9,existence,21.98
77,76,1,payment,218.25
145,57,88,debt,310.85
112,55,57,payment,244.57
28,9,19,payment,87.75
35,10,25,existence,55.53
55,22,33,debt,170.14
26,13,13,debt,65.29
13,9,4,debt,58.03
5,5,0,payment,25.62
50,2,48,existence,96.6
16,13,3,existence,35.68
116,53,63,existence,229.32
31,28,3,payment,108.4
122,82,40,debt,348.95
101,71,30,existence,224.66
29,22,7,existence,79.79
87,73,14,payment,174.83
18,9,9,debt,73.69
90,75,15,existence,272.31
92,6,86,debt,261.73
149,149,0,payment,493.56
41,5,36,existence,94.2
70,23,47,existence,133.53
32,24,8,existence,94.08
108,35,73,debt,305.8
15,9,6,payment,54.56
65,52,13,payment,195.55
41,18,23,existence,68.11
14,7,7,payment,47.51
4,4,0,existence,9.29
13,11,2,debt,63.95
95,18,77,debt,201.7
143,70,73,existence,442.64
134,107,27,debt,413.07
4,2,2,payment,16.1
137,57,80,existence,307.58
135,93,42,payment,398.95
140,121,19,existence,324.86
82,40,42,existence,164.42
76,29,47,debt,221.63
128,33,95,payment,355.47
113,22,91,debt,245.35
35,2,33,existence,50.01
121,87,34,payment,304.16
80,36,44,debt,181.44
136,99,37,existence,273.07
140,62,78,debt,384.25
12,9,3,existence,31.23
146,31,115,existence,388.9
9,8,1,payment,33.32
87,38,49,existence,171.56
11,7,4,debt,53.13
58,18,40,payment,109.07
70,62,8,existence,240.93
45,1,44,payment,108.74
98,9,89,debt,252.39
141,75,66,existence,438.21
8,8,0,existence,31.48
124,37,87,debt,256.82
50,2,48,existence,72.45
139,136,3,debt,326.56
63,33,30,existence,174.52
120,2,118,debt,280.18
24,16,8,payment,92.15
96,86,10,payment,326.51
55,18,37,existence,162.09
6,4,2,debt,45.69
60,52,8,payment,191.28
99,37,62,payment,169.38
44,25,19,debt,143.89
140,21,119,debt,362.52
127,73,54,debt,439.46
5,2,3,existence,11.31
85,15,70,existence,120.27
6,6,0,payment,29.54
109,46,63,existence,179.41
26,24,2,payment,85.01
103,103,0,debt,346.4
24,10,14,debt,59.37
114,2,112,debt,207.97
94,82,12,payment,312.97
26,16,10,existence,52.52
23,9,14,existence,41.31
35,22,13,payment,95.66
24,19,5,payment,70.72
32,28,4,existence,81.46
129,44,85,payment,249.25
53,26,27,existence,127.03
79,2,77,debt,162.22
105,92,13,debt,394.55
24,3,21,payment,54.65
5,2,3,existence,11.26
100,84,16,debt,335.58
79,33,46,payment,257.29
78,45,33,existence,196.31
109,66,43,existence,220.17
58,31,27,payment,181.28
102,71,31,payment,265.66
124,124,0,existence,398.68
49,20,29,existence,138.05
47,36,11,debt,152.01
12,2,10,payment,40.35
18,4,14,existence,37.44
27,2,25,existence,34.6
23,19,4,debt,70.08
33,7,26,debt,96.31
118,61,57,existence,291.42
6,1,5,payment,23.13
62,61,1,debt,194.35
70,2,68,existence,154.98
154,18,136,debt,225.41
147,73,74,payment,333.53
120,2,118,payment,289.53
95,55,40,existence,230.2
114,79,35,existence,243.96
61,61,0,payment,218.87
125,11,114,payment,217.51
55,15,40,payment,152
32,30,2,existence,96.28
33,30,3,debt,120.16
13,2,11,payment,26.37
81,73,8,debt,244.5
19,11,8,payment,43.21
37,35,2,payment,137.58
45,36,9,debt,120.28
52,44,8,existence,154.29
97,50,47,existence,229.43
122,11,111,payment,303.35
93,91,2,debt,279.41
5,3,2,debt,16.94
63,55,8,payment,170.65
44,23,21,payment,127.59
86,11,75,debt,150.65
40,22,18,debt,128.95
132,66,66,existence,269.45
91,36,55,existence,221.21
31,9,22,payment,60.45
12,10,2,existence,29.23
51,29,22,debt,127.93
141,72,69,debt,273.83
82,69,13,debt,325.06
97,46,51,debt,266.4
132,47,85,payment,307.11
83,81,2,existence,222.74
31,1,30,debt,83.44
26,26,0,debt,87.42
146,115,31,payment,466.88
72,59,13,debt,196
1,1,0,debt,31.04
84,25,59,debt,188.77
124,32,92,payment,245.88
14,10,4,debt,44.89
144,68,76,payment,322.99
62,42,20,debt,179.84
132,97,35,debt,385.33
106,6,100,existence,251.63
136,12,124,payment,238.22
47,45,2,payment,124.36
84,42,42,existence,158.76
109,76,33,payment,249.77
129,89,40,debt,329.66
77,28,49,debt,178.97
114,37,77,debt,238
120,100,20,existence,374.27
81,61,20,existence,188.75
156,14,142,existence,267.57
22,2,20,payment,34.54
37,27,10,existence,87.09
115,52,63,payment,238.68
146,136,10,existence,451.44
140,74,66,payment,311.89
14,10,4,existence,30.87
7,3,4,debt,42.16
70,25,45,debt,177.68
147,2,145,payment,244.82
23,16,7,payment,88.2
98,67,31,debt,280.93
126,49,77,existence,278.74
102,34,68,debt,277.75
129,47,82,existence,350.59
34,28,6,existence,67.35
43,40,3,debt,103.45
99,5,94,existence,188.87
103,2,101,existence,234.21
111,56,55,payment,286.4
124,117,7,debt,288.91
67,3,64,debt,134.26
120,106,14,existence,316.46
18,5,13,debt,75.54
119,29,90,payment,258.1
79,14,65,debt,137.36
65,1,64,debt,107.48
18,12,6,existence,42.05
26,2,24,payment,64.44
12,3,9,existence,17.26
145,69,76,debt,382.59
49,11,38,debt,80.4
146,136,10,payment,382.87
121,10,111,payment,222.64
8,7,1,debt,24.05
113,17,96,payment,249.65
93,64,29,existence,199.8
145,79,66,existence,343.46
83,23,60,existence,155.51
144,101,43,existence,349.53
105,35,70,existence,225.91
81,67,14,payment,170.58
50,24,26,debt,159.39
81,6,75,debt,120.22
62,20,42,debt,189.19
139,88,51,debt,361.13
97,96,1,payment,268.45
102,49,53,payment,201.46
146,90,56,existence,285.1
67,49,18,debt,224.84
39,16,23,payment,117.57
93,92,1,debt,288.72
45,2,43,existence,95.26
18,18,0,payment,69.51
66,27,39,payment,161.63
123,12,111,payment,230.67
142,125,17,existence,438.02
141,32,109,existence,208.51
147,89,58,existence,307.31
117,102,15,debt,307.82
41,22,19,debt,139.52
124,9,115,debt,224.67
5,3,2,payment,16.87
128,99,29,debt,326.39
19,6,13,debt,48.45
75,4,71,existence,145.87
63,4,59,debt,175.33
39,34,5,payment,117.51
92,6,86,debt,166.82
7,6,1,debt,30.49
92,56,36,existence,223.06
116,50,66,payment,303.07
148,135,13,existence,430.12
144,43,101,existence,298.98
65,33,32,existence,170.19
132,27,105,payment,341.94
26,15,11,existence,52.17
137,125,12,debt,492.34
111,18,93,payment,207.69
47,38,9,existence,110.32
87,2,85,payment,124.39
95,83,12,payment,276.44
77,48,29,debt,250.84
83,78,5,payment,237.05
131,115,16,payment,410.57
70,22,48,existence,185.23
87,67,20,existence,252.56
59,19,40,payment,169.98
56,50,6,debt,141.41
118,82,36,existence,352.01
39,32,7,debt,111.22
79,54,25,existence,242.04
125,62,63,debt,396.96
116,69,47,payment,298.6
148,9,139,existence,252.88
151,66,85,debt,371.79
67,58,9,payment,180.56
154,94,60,debt,415.01
120,94,26,payment,376.36
25,10,15,debt,52.67
143,11,132,existence,209.9
104,75,29,debt,345.17
73,37,36,debt,179.35
25,21,4,debt,88.9
124,99,25,payment,422
157,6,151,debt,346.82
135,40,95,payment,361.69
64,42,22,existence,149.26
136,34,102,existence,342.51
76,67,9,existence,258.42
67,45,22,payment,176.28
11,10,1,existence,30.8
45,5,40,payment,109.82
134,35,99,existence,239.77
64,15,49,payment,134.42
59,3,56,debt,142.75
9,5,4,debt,34.8
138,17,121,existence,313.15
33,26,7,existence,86.41
35,14,21,debt,77.52
1,1,0,existence,3.19
131,100,31,existence,324.42
14,3,11,payment,34.77
125,17,108,existence,196.44
104,2,102,debt,267.7
67,11,56,debt,124.65
47,2,45,payment,88.1
124,31,93,existence,238.14
139,21,118,payment,287.59
133,28,105,debt,310.82
92,63,29,payment,184.39
155,141,14,debt,432.22
65,60,5,payment,190.95
129,68,61,existence,253.53
80,31,49,debt,248.46
5,1,4,existence,12.95
141,38,103,debt,330.89
142,114,28,debt,365.61
84,15,69,payment,237.55
8,5,3,payment,26.76
41,34,7,payment,138.44
112,46,66,debt,232.91
30,16,14,existence,49.42
110,80,30,payment,329.73
156,84,72,debt,423.16
122,102,20,debt,370.74
11,9,2,payment,34.27
143,21,122,debt,289.29
3,3,0,existence,11.51
96,52,44,payment,199.25
97,33,64,payment,271.12
121,58,63,debt,270.32
79,11,68,existence,113.9
134,56,78,payment,284.18
114,39,75,debt,213.43
15,3,12,payment,32.24
111,82,29,debt,263.1
47,38,9,existence,136.92
54,10,44,payment,98.82
60,12,48,payment,109.67
105,55,50,debt,295.7
3,2,1,payment,15.06
72,36,36,debt,204.25
146,117,29,existence,313.39
7,2,5,payment,20.58
48,44,4,debt,111.78
12,6,6,debt,45.65
127,50,77,payment,372.37
56,30,26,existence,179.83
110,17,93,debt,266.48
60,34,26,existence,116.75
36,27,9,debt,129.46
55,17,38,debt,108.36
104,31,73,existence,156.57
106,41,65,payment,309.53
79,28,51,existence,143.67
11,8,3,payment,46.66
124,39,85,payment,229.03
76,51,25,existence,188.37
1,1,0,payment,15.57
61,42,19,debt,177.96
126,40,86,payment,280.83
13,9,4,debt,45.5
112,11,101,payment,178.85
44,12,32,debt,84.71
106,73,33,existence,262.15
46,6,40,payment,81.92
6,3,3,payment,20.57
48,44,4,existence,117.37
70,67,3,debt,212.86
149,1,148,existence,297.76
23,5,18,payment,61.77
99,13,86,payment,264.58
29,16,13,debt,91.65
128,86,42,payment,443.37
138,13,125,payment,228.53
136,59,77,debt,311.92
97,2,95,payment,136.65
119,85,34,payment,246.47
69,66,3,existence,147.42
50,49,1,payment,151.72
155,112,43,existence,365.12
127,27,100,debt,210.82
71,27,44,existence,183.15
38,32,6,payment,81.81
109,93,16,debt,271.31
59,49,10,payment,218.22
18,3,15,payment,47.9
102,92,10,existence,298.84
75,2,73,debt,115.96
44,44,0,payment,148.53
115,99,16,debt,357.38
101,94,7,debt,239.8
64,60,4,debt,171.95
146,116,30,payment,390.98
58,8,50,existence,133.12
68,44,24,debt,170.04
154,57,97,payment,281.29
148,78,70,debt,359.67
143,36,107,debt,386.02
150,129,21,payment,358.49
7,1,6,existence,14.88
98,88,10,debt,214.11
31,17,14,debt,104.96
30,3,27,existence,71.4
64,51,13,existence,199.06
67,17,50,existence,135.75
152,4,148,payment,339.8
82,44,38,existence,187.63
86,79,7,payment,203.65
78,55,23,existence,253.97
61,37,24,existence,163.37
138,23,115,existence,266.66
7,2,5,payment,29.1
20,15,5,payment,64.73
96,14,82,payment,179.48
147,59,88,payment,357.47
23,12,11,debt,80.83
72,2,70,existence,140.99
111,37,74,debt,193.15
17,16,1,debt,67.83
123,50,73,debt,227.66
61,58,3,existence,151.88
127,82,45,payment,314.03
3,2,1,debt,39.45
29,25,4,debt,100.31
1,1,0,existence,2.71
22,7,15,debt,43.82
23,9,14,payment,53.16
16,1,15,payment,50.07
132,113,19,existence,352.26
149,62,87,existence,412.95
50,43,7,existence,136.75
50,7,43,debt,92.95
40,3,37,existence,73.19
75,39,36,debt,237.4
50,10,40,payment,95.32
138,98,40,debt,427.99
136,60,76,payment,361.53
82,75,7,existence,213.1
130,99,31,payment,298.26
102,82,20,payment,200.52
24,24,0,debt,104.63
92,35,57,existence,168.46
71,35,36,existence,141.88
117,67,50,payment,334.92
57,39,18,existence,126.21
133,60,73,debt,341.03
74,32,42,existence,160.21
25,22,3,payment,83.16
148,116,32,payment,487.48
150,134,16,payment,473.38
43,21,22,payment,123.56
110,8,102,debt,173
77,11,66,debt,205.93
29,23,6,debt,108.1
92,75,17,payment,213.97
127,90,37,payment,408.83
97,92,5,payment,304.63
37,33,4,payment,87.39
151,36,115,payment,298.83
65,40,25,debt,155.18
143,34,109,existence,333.71
70,33,37,debt,181.71
77,19,58,existence,127.31
95,27,68,existence,230.79
140,51,89,existence,286.63
133,35,98,payment,281.93
110,7,103,debt,240.2
50,30,20,existence,106.43
55,22,33,existence,164.65
38,22,16,existence,94.96
74,56,18,existence,233.1
123,12,111,existence,281.86
92,8,84,debt,155.72
40,3,37,debt,77.67
85,30,55,existence,168.65
56,38,18,debt,152.49
76,22,54,debt,173.28
127,76,51,debt,275.71
144,127,17,payment,311.61
70,57,13,payment,253.93
82,15,67,existence,167.5
8,7,1,existence,19.5
108,36,72,payment,199.04
93,69,24,payment,279.83
98,81,17,debt,254.65
157,29,128,debt,330
124,53,71,debt,302.38
126,55,71,existence,217.33
6,4,2,debt,38.33
89,2,87,debt,228.1
13,13,0,existence,31
41,2,39,debt,85
5,3,2,existence,14.72
65,57,8,debt,185.26
140,15,125,existence,187.83
19,2,17,payment,33.63
96,64,32,existence,310.7
75,48,27,existence,199.86
32,17,15,debt,68.66
57,28,29,debt,165.33
32,16,16,existence,64.78
120,30,90,payment,350.69
35,26,9,debt,116.9
140,110,30,existence,479.37
128,7,121,existence,195.51
85,6,79,existence,125.12
139,51,88,existence,269.25
107,96,11,payment,322.48
125,100,25,existence,416
72,37,35,debt,199.62
96,70,26,debt,267.37
66,60,6,existence,162.37
67,67,0,payment,230.14
45,23,22,payment,152.23
19,3,16,debt,61.88
153,130,23,debt,458.06
52,18,34,payment,147.16
90,63,27,debt,285.32
86,83,3,payment,259.57
21,17,4,payment,80.35
85,74,11,debt,311.29
110,25,85,debt,244.26
147,33,114,debt,362.25
67,53,14,payment,165.92
101,54,47,debt,213.19
77,45,32,existence,195.52
141,117,24,payment,458.52
121,41,80,debt,230.14
65,49,16,debt,152.01
116,76,40,existence,348.38
125,72,53,debt,405.65
73,24,49,existence,141.14
53,31,22,payment,137.74
110,68,42,existence,335.85
37,8,29,existence,83.16
7,3,4,debt,29.29
48,21,27,existence,87.45
23,20,3,debt,81.22
112,100,12,debt,266.87
21,2,19,existence,43.46
59,36,23,payment,145.2
62,22,40,debt,171.48
29,13,16,payment,64.38
99,39,60,payment,245.18
66,37,29,existence,123.44
16,2,14,payment,42.23
141,79,62,payment,346.43
77,5,72,payment,124.73
152,20,132,payment,211.14
120,54,66,payment,246.43
71,63,8,existence,177.08
116,74,42,existence,366.26
81,12,69,debt,130.21
157,45,112,existence,288.43
67,64,3,existence,147.2
151,149,2,payment,526.61
32,20,12,existence,100.31
95,73,22,payment,225.95
152,99,53,debt,282.45
72,52,20,payment,240.61
77,24,53,existence,164.88
27,2,25,payment,54.21
18,15,3,debt,70.37
56,47,9,existence,210.18
77,47,30,existence,236.52
157,152,5,payment,586.38
82,60,22,existence,213.51
154,79,75,existence,412.74
115,8,107,debt,266.56
77,14,63,payment,130.94
49,2,47,payment,89.59
30,20,10,existence,78.94
98,77,21,payment,256.13
116,56,60,debt,237.42
140,9,131,payment,325.94
2,1,1,debt,25.41
128,1,127,payment,217.18
28,8,20,payment,75.15
33,31,2,existence,104
147,100,47,existence,427.01
29,25,4,payment,81.34
131,29,102,payment,302.23
124,75,49,payment,354.12
15,5,10,existence,33.53
84,51,33,existence,245.12
31,13,18,existence,48.85
65,40,25,payment,219.02
63,46,17,existence,164.64
98,45,53,debt,222.62
68,61,7,payment,185.99
107,19,88,existence,245.69
119,102,17,existence,306.76
76,3,73,debt,173.87
22,16,6,existence,51.17
48,6,42,payment,137.09
112,5,107,debt,161.01
112,75,37,debt,250.79
64,50,14,payment,230.74
119,48,71,debt,323.4
44,38,6,debt,152.59
151,51,100,debt,410.16
100,79,21,payment,312.64
119,91,28,existence,312.7
103,29,74,existence,192.57
58,3,55,debt,103.25
69,4,65,payment,132.76
64,35,29,debt,141.62
84,52,32,existence,171.82
11,2,9,existence,20.11
122,12,110,existence,285.87
11,7,4,payment,39.9
89,66,23,payment,196.68
108,49,59,payment,256.42
30,27,3,payment,125.19
84,27,57,existence,222.54
150,20,130,existence,363.48
15,3,12,debt,43.86
44,24,20,payment,121.98
1,1,0,payment,21.11
127,125,2,debt,349.68
118,113,5,debt,330.75
10,10,0,existence,34.97
79,13,66,existence,104.53
75,37,38,existence,204.56
124,20,104,payment,287.99
121,92,29,existence,385.27
71,35,36,existence,211.98
11,11,0,existence,29.93
23,11,12,debt,75.83
89,56,33,existence,248.18
86,3,83,payment,179.81
50,14,36,debt,154.98
24,12,12,existence,45.44
150,41,109,existence,402.58
144,41,103,payment,216.03
107,21,86,debt,173.98
78,62,16,existence,171.86
37,32,5,existence,134.09
50,23,27,payment,139.85
57,17,40,debt,132.51
116,92,24,debt,305.21
130,31,99,debt,290.92
23,14,9,existence,58.54
139,24,115,existence,317.76
39,37,2,payment,144.23
6,6,0,payment,26.55
39,35,4,existence,91.5
50,43,7,existence,104.27
10,8,2,payment,52.56
64,33,31,existence,186.69
30,8,22,debt,103.96
144,122,22,payment,431.9
111,12,99,debt,209.3
42,23,19,existence,106.79
92,60,32,existence,203.04
108,44,64,debt,266.39
153,65,88,debt,434.84
35,20,15,existence,87.07
128,30,98,payment,300.87
3,2,1,payment,18.38
41,23,18,payment,90.55
50,47,3,debt,110.79
121,61,60,debt,363.42
75,59,16,debt,219.85
48,16,32,payment,133.9
140,137,3,existence,333.05
91,58,33,existence,255.04
67,18,49,debt,194.91
63,16,47,debt,127.73
41,5,36,payment,89.86
148,21,127,existence,216.28
17,16,1,debt,67.73
121,18,103,debt,228.78
131,14,117,payment,271.08
71,9,62,existence,114.42
96,31,65,existence,168.63
129,48,81,debt,310.65
139,10,129,debt,272.31
137,66,71,debt,316.56
48,21,27,debt,144.43
98,66,32,existence,195.87
63,59,4,debt,185.75
81,47,34,debt,171.25
12,12,0,debt,63.54
130,83,47,payment,311.79
34,29,5,payment,110.57
67,43,24,payment,202.32
86,68,18,debt,259.33
65,54,11,existence,160.06
101,83,18,payment,288.03
144,86,58,payment,398.7
104,16,88,payment,210.32
129,30,99,debt,329.57
141,92,49,payment,289.03
76,29,47,existence,165.93
148,125,23,payment,480.87
9,3,6,existence,16.78
84,11,73,existence,167.31
114,10,104,payment,185.66
104,6,98,payment,273.93
56,10,46,debt,121.32
5,4,1,debt,34.13
72,61,11,debt,254.74
129,85,44,debt,370.01
96,39,57,payment,244.65
116,67,49,existence,270.28
119,117,2,payment,267.63
141,50,91,existence,229.2
7,1,6,payment,27.09
73,73,0,existence,191.37
45,41,4,existence,146.4
87,36,51,payment,197.89
69,60,9,payment,230.87
148,52,96,existence,293.28
92,92,0,existence,336.91
17,9,8,payment,50.43
4,3,1,payment,20.47
38,6,32,debt,87.68
58,38,20,debt,202.69
88,30,58,existence,135.69
148,52,96,debt,421.55
139,57,82,debt,260.31
52,26,26,debt,166.09
31,17,14,payment,112.8
15,10,5,debt,46.59
97,68,29,payment,249.24
124,40,84,payment,323.03
134,69,65,existence,323.47
22,10,12,existence,61.82
59,1,58,existence,82.33
101,62,39,payment,191.07
91,90,1,debt,317.84
53,36,17,debt,147.87
116,8,108,existence,292.2
80,20,60,existence,142.02
62,44,18,payment,210.09
56,1,55,payment,91.19
38,2,36,debt,80.09
23,22,1,payment,73.37
35,16,19,existence,100.89
121,111,10,debt,399.9
3,3,0,payment,17.44
54,9,45,payment,128.61
91,55,36,existence,289.12
88,54,34,existence,229.46
90,28,62,payment,223.15
104,4,100,debt,258.11
120,115,5,payment,417.72
71,44,27,debt,240.2
16,13,3,existence,53.52
149,17,132,debt,353.99
88,72,16,existence,204.4
138,17,121,existence,316.11
89,51,38,existence,250.98
55,19,36,existence,162.95
111,4,107,payment,142.93
134,59,75,debt,338.06
130,95,35,existence,359
48,41,7,debt,166.5
60,60,0,payment,182.21
127,63,64,existence,232.04
27,1,26,debt,52.74
29,8,21,payment,62.43
149,70,79,existence,235.53
54,37,17,existence,109.53
35,31,4,existence,124.54
114,114,0,payment,383.89
33,8,25,payment,70.99
126,106,20,payment,289.6
138,53,85,payment,259.25
57,7,50,payment,136.84
59,59,0,debt,138.89
129,38,91,existence,270.25
87,60,27,payment,231.64
28,18,10,debt,57.5
42,36,6,payment,132.34
45,3,42,payment,111.69
6,6,0,payment,32.46
91,46,45,existence,271.02
131,12,119,existence,198.63
60,45,15,existence,147.73
116,11,105,debt,240.45
68,55,13,payment,242.61
104,19,85,payment,299.28
129,91,38,debt,294.31
43,38,5,existence,117.11
31,9,22,existence,75.99
15,6,9,existence,36.8
61,4,57,debt,142.48
7,7,0,existence,24.49
99,75,24,existence,302.11
101,48,53,debt,218
109,61,48,payment,315.72
1,1,0,payment,13.46
130,90,40,existence,370.78
65,2,63,debt,140.66
77,4,73,debt,146.88
109,78,31,debt,275.13
29,29,0,payment,105.47
52,4,48,payment,95.48
122,2,120,debt,188.18
136,104,32,existence,259.62
66,13,53,existence,97.94
23,23,0,existence,69.86
102,66,36,existence,302.98
73,50,23,debt,242.12
152,135,17,payment,471.9
69,33,36,debt,180.73
87,4,83,payment,161.92
63,7,56,existence,142.47
5,2,3,existence,9.57
46,8,38,existence,85.79
22,2,20,debt,67.52
102,53,49,debt,349.91
68,24,44,payment,165.22
143,4,139,debt,324.54
22,9,13,existence,63.35
98,80,18,payment,201.5
26,20,6,debt,73.3
121,83,38,payment,345.59
86,76,10,existence,258.7
109,64,45,debt,192.65
68,42,26,debt,233.41
8,5,3,existence,24.84
67,7,60,payment,167.01
66,17,49,debt,182.03
130,77,53,existence,407.59
141,5,136,debt,282.04
123,28,95,payment,234.63
22,12,10,payment,69.7
47,21,26,existence,102.46
146,141,5,payment,456.62
82,36,46,existence,187.96
69,44,25,debt,193.29
137,133,4,debt,301.91
134,97,37,payment,307.22
39,8,31,existence,97.32
80,53,27,debt,256.18
54,1,53,existence,91.33
90,73,17,existence,278.86
117,16,101,debt,171.75
39,14,25,payment,80.14
84,4,80,existence,163.81
105,21,84,existence,227.69
92,30,62,payment,216.63
79,73,6,debt,294.77
40,16,24,existence,90.84
11,3,8,existence,18.49
47,35,12,debt,155.52
24,13,11,payment,63.26
92,38,54,payment,220.93
58,57,1,payment,186.83
81,43,38,payment,140.81
143,106,37,debt,361.73
26,18,8,existence,75.87
7,4,3,existence,13.27
20,1,19,payment,34.55
34,3,31,payment,79.58
49,3,46,payment,123.52
92,55,37,debt,240.91
111,36,75,debt,285.22
141,37,104,existence,267.52
138,14,124,debt,271.06
124,55,69,debt,258.44
74,28,46,existence,208.21
114,4,110,existence,144.68
72,14,58,debt,153.81
89,45,44,payment,247.81
78,46,32,payment,176.09
113,74,39,payment,342.8
26,4,22,existence,41.73
82,7,75,payment,219
136,39,97,existence,259.2
59,45,14,debt,168.32
155,75,80,debt,354.26
37,20,17,payment,113.66
101,48,53,payment,232.44
83,32,51,payment,202
131,46,85,existence,248.3
61,15,46,payment,117.13
3,2,1,existence,9.58
150,4,146,debt,314.78
67,67,0,debt,274.12
130,99,31,existence,277.86
101,44,57,debt,268.66
77,46,31,payment,262.32
93,65,28,existence,251.01
141,46,95,payment,283.97
70,56,14,existence,195.94
11,2,9,existence,18.19
153,87,66,existence,380.62
120,48,72,debt,384.06
132,17,115,debt,268.32
137,26,111,existence,364.46
92,67,25,payment,310.69
134,5,129,debt,320.4
154,114,40,payment,365.39
110,31,79,debt,208.48
93,63,30,payment,214.02
154,132,22,existence,326.34
10,9,1,debt,54.73
66,1,65,existence,146.82
108,28,80,debt,230.48
149,105,44,debt,424.08
42,30,12,payment,106.16
71,69,2,payment,215.85
153,121,32,payment,405.55
45,42,3,debt,154.48
58,46,12,debt,152.24
48,18,30,existence,135.32
7,1,6,existence,10.66
50,44,6,debt,162.62
48,33,15,debt,132.94
117,71,46,debt,285.12
20,11,9,debt,67.13
33,16,17,debt,99.19
53,7,46,payment,121.96
92,37,55,payment,223.51
154,83,71,existence,283.81
54,45,9,existence,167.49
45,40,5,payment,134.52
94,37,57,debt,206.85
69,54,15,debt,244.69
118,66,52,payment,247.41
61,10,51,existence,164.24
3,2,1,existence,7.54
30,25,5,payment,75.89
89,31,58,debt,254.03
3,3,0,debt,38.03
96,28,68,existence,243.01
25,7,18,debt,80.87
68,10,58,debt,152.55
25,15,10,debt,87.99
20,12,8,existence,53.05
72,31,41,payment,132.94
133,109,24,debt,413.52
83,64,19,payment,257.53
126,71,55,payment,311.49
59,11,48,existence,121.49
37,35,2,debt,125.01
29,27,2,debt,88.61
77,25,52,debt,194.85
30,10,20,payment,74.28
1,1,0,existence,2.87
120,27,93,existence,174.79
98,49,49,debt,251.78
13,3,10,debt,40
148,39,109,existence,401.27
149,19,130,payment,299.63
99,10,89,debt,173.99
132,5,127,existence,284.32
70,47,23,existence,184.67
124,56,68,debt,259.13
24,20,4,existence,67.66
81,39,42,payment,254.41
113,47,66,debt,275.96
31,19,12,existence,78.15
128,89,39,payment,248.01
103,94,9,existence,327.14
89,43,46,payment,156.85
135,56,79,payment,348.82
151,79,72,debt,339.11
89,23,66,payment,170.88
27,20,7,payment,75.69
133,37,96,payment,360.03
128,100,28,payment,399.36
77,53,24,existence,205.53
31,30,1,existence,93.54
132,98,34,existence,305.94
119,111,8,payment,423.35
102,9,93,payment,147.65
122,69,53,existence,250.25
50,38,12,existence,117.92
34,34,0,payment,122.83
97,22,75,debt,182.99
13,8,5,existence,22.7
33,2,31,payment,84.54
157,23,134,debt,362.92
56,1,55,debt,83.06
10,6,4,existence,21.79
56,56,0,payment,163.67
7,5,2,payment,33.92
115,70,45,existence,385.7
56,6,50,existence,94.12
91,88,3,debt,200.33
48,23,25,payment,121.89
139,60,79,payment,284.96
49,48,1,payment,150.43
119,103,16,existence,275.01
148,119,29,existence,515.22
91,52,39,existence,260.71
118,51,67,payment,253.76
118,104,14,existence,268.22
14,11,3,existence,36.03
66,61,5,debt,233.45
133,107,26,existence,332.48
29,10,19,existence,46.73
76,24,52,payment,187.94
91,34,57,existence,135.52
76,51,25,existence,201.48
88,61,27,existence,199.32
94,80,14,existence,300.44
41,30,11,payment,135.98
55,53,2,payment,203.44
102,28,74,debt,224.58
111,44,67,existence,207.21
20,13,7,debt,58.57
100,39,61,payment,248.64
48,17,31,existence,101.41
35,8,27,debt,109.09
46,2,44,payment,73.79
48,22,26,debt,155.48
110,109,1,existence,369.19
67,51,16,existence,201.67
138,137,1,payment,479.93
150,97,53,payment,421.66
14,3,11,debt,42.48
78,18,60,existence,164
61,42,19,debt,147.73
7,7,0,existence,21.8
72,56,16,debt,268.25
65,49,16,debt,176.29
157,146,11,debt,543.78
111,50,61,existence,317.17
55,15,40,debt,140.95
112,1,111,existence,268.52
130,47,83,payment,240.22
99,92,7,debt,327.98
27,13,14,payment,77.51
67,8,59,existence,166.94
118,24,94,payment,266.14
1,1,0,debt,16.51
139,119,20,payment,415.9
60,30,30,payment,152.37
11,9,2,debt,46.95
27,2,25,existence,58.03
152,101,51,payment,417.51
91,25,66,debt,204.96
75,14,61,existence,205.28
55,8,47,debt,133.28
141,101,40,payment,332.05
54,33,21,debt,160.21
64,55,9,existence,173.76
83,51,32,debt,191.5
5,4,1,debt,39.46
6,6,0,existence,21.84
58,31,27,debt,166.36
79,70,9,existence,187.6
130,93,37,debt,283.76
151,81,70,debt,323.06
1,1,0,existence,2.48
74,17,57,payment,210.5
123,49,74,debt,232.76
4,4,0,existence,9.71
116,79,37,existence,240.07
127,28,99,existence,200.3
38,22,16,existence,94.66
139,54,85,debt,324.14
24,4,20,debt,62.35
7,6,1,debt,42.28
139,126,13,debt,395.45
106,33,73,existence,179.83
84,58,26,payment,252.25
103,27,76,existence,265.27
28,17,11,existence,60.12
105,84,21,debt,307.95
148,14,134,debt,389.98
157,1,156,existence,379.95
155,85,70,debt,308.45
147,83,64,debt,469.83
62,38,24,existence,125.92
77,1,76,existence,157.69
123,77,46,payment,349.7
96,42,54,existence,261.94
1,1,0,payment,14.57
27,9,18,payment,58.36
113,112,1,existence,377.07
89,34,55,existence,147.27
105,53,52,payment,254.92
134,125,9,existence,284.38
19,19,0,debt,69.37
53,52,1,payment,199.23
9,5,4,debt,40.87
118,40,78,debt,220.14
121,41,80,debt,220.81
60,28,32,existence,176.56
114,76,38,payment,272.03
8,3,5,existence,17.59
51,40,11,debt,123.53
137,10,127,existence,301.11
110,57,53,existence,273.94
99,62,37,payment,279.72
99,38,61,debt,210.14
146,41,105,payment,347.5
104,39,65,existence,262.64
14,14,0,debt,42.12
98,66,32,existence,310.53
78,55,23,payment,217.78
156,57,99,existence,361.63
134,111,23,debt,498.84
95,76,19,debt,322.94
113,96,17,debt,343.54
150,93,57,payment,466.02
57,43,14,payment,147.97
149,95,54,payment,326.4
67,8,59,existence,170.04
14,13,1,payment,43.67
148,63,85,debt,321.82
33,26,7,existence,118.42
7,4,3,payment,35.3
54,4,50,debt,146.52
10,7,3,existence,25.18
118,61,57,debt,271.33
21,9,12,payment,66.66
137,80,57,debt,412.37
62,50,12,existence,137.18
96,81,15,debt,244.82
145,6,139,debt,333.68
88,40,48,debt,185.39
38,3,35,payment,79.96
92,65,27,debt,332.97
110,22,88,existence,233.9
115,108,7,payment,338.98
103,24,79,debt,254.52
129,45,84,debt,341.58
18,18,0,payment,67.6
155,29,126,existence,218.67
47,44,3,existence,140.66
26,9,17,existence,55.38
48,14,34,debt,138.97
62,56,6,debt,171.23
64,47,17,debt,187.25
5,5,0,debt,36.03
155,132,23,payment,389.44
156,7,149,payment,233.52
133,25,108,debt,236.17
73,63,10,debt,226.56
118,57,61,debt,344.63
153,18,135,payment,247.45
82,82,0,debt,280.41
42,7,35,payment,93.45
130,124,6,debt,416.55
155,141,14,existence,345.14
128,90,38,debt,366.48
145,85,60,existence,401.94
119,21,98,payment,218.6
140,114,26,payment,376.72
2,1,1,payment,14.13
109,95,14,debt,312.87
150,58,92,debt,251.95
4,2,2,existence,6.9
15,13,2,existence,32.43
47,9,38,existence,89.96
122,74,48,debt,439.23
103,9,94,debt,227.27
63,45,18,debt,191.73
48,23,25,debt,115.63
35,12,23,existence,82.2
52,51,1,existence,106.73
157,61,96,debt,475.67
114,27,87,payment,241.18
5,3,2,payment,26.76
29,2,27,debt,95.06
54,36,18,debt,137.33
11,1,10,existence,15.75
15,10,5,debt,55.82
45,4,41,payment,127.78
156,30,126,debt,279.85
54,1,53,payment,107.49
151,25,126,payment,301.58
47,43,4,existence,117.62
124,60,64,payment,257.13
43,37,6,existence,120.77
68,31,37,payment,171.37
147,67,80,debt,406.81
55,25,30,existence,150.43
11,8,3,payment,35.44
63,33,30,payment,119.39
143,41,102,payment,315.43
82,10,72,payment,167.71
17,15,2,debt,79.35
155,112,43,existence,438.42
130,121,9,debt,448.44
72,14,58,payment,183.8
41,4,37,payment,81.45
2,1,1,existence,4.54
44,18,26,payment,82.91
31,12,19,debt,95.22
103,10,93,debt,206.39
55,48,7,existence,184.02
25,11,14,existence,69.86
15,10,5,payment,46.01
65,48,17,debt,190.72
82,62,20,existence,248.21
51,46,5,existence,133.59
8,3,5,payment,27.95
11,3,8,payment,30.82
17,17,0,debt,53.05
4,1,3,debt,29.84
12,12,0,payment,45.58
149,97,52,debt,421.32
156,111,45,debt,537.88
81,9,72,payment,210.55
32,4,28,debt,87.54
74,1,73,debt,172.12
55,46,9,existence,130.46
4,3,1,debt,39.48
131,121,10,debt,286.69
145,113,32,payment,381.94
70,44,26,payment,167.25
143,129,14,existence,487.55
84,7,77,debt,191.28
148,118,30,existence,369.85
3,2,1,payment,18.34
6,6,0,existence,21.88
9,5,4,existence,17.93
31,21,10,existence,99.07
44,37,7,payment,114.47
1,1,0,existence,3.41
150,107,43,payment,395.41
125,109,16,debt,431.44
69,8,61,existence,175.95
89,45,44,existence,199.24
53,4,49,existence,67.94
148,144,4,payment,400.48
47,4,43,existence,74.78
118,95,23,debt,347.41
94,66,28,debt,295.92
50,40,10,debt,135.57
146,12,134,existence,294.94
130,75,55,debt,391.42
28,17,11,payment,94.73
39,36,3,payment,105.54
121,46,75,payment,239.64
108,39,69,payment,295.8
24,3,21,existence,31.04
126,54,72,existence,237.89
121,1,120,existence,257.92
76,9,67,debt,115.85
150,99,51,debt,391.77
38,14,24,debt,133.27
8,2,6,debt,29.57
151,36,115,existence,361.01
23,5,18,existence,56.74
130,121,9,payment,423.68
23,15,8,payment,55.56
55,24,31,existence,169.06
123,95,28,existence,275.04
55,4,51,payment,80.57
7,7,0,debt,26.56
60,18,42,payment,148.87
113,23,90,payment,289.08
3,2,1,payment,19.24
48,26,22,payment,146.7
31,13,18,debt,89.12
142,58,84,debt,366.01
133,36,97,payment,313.23
10,5,5,existence,31.12
47,44,3,debt,163.96
21,18,3,debt,79.89
101,45,56,payment,211.92
32,23,9,debt,93.74
25,23,2,payment,92.98
115,84,31,payment,252.35
133,123,10,payment,376.38
145,144,1,payment,312.13
84,58,26,payment,185.63
114,110,4,debt,285.64
69,58,11,existence,162.14
11,9,2,payment,41.42
76,22,54,debt,213.57
136,132,4,existence,356.9
51,6,45,payment,139.9
117,84,33,debt,323.64
88,76,12,debt,283.98
63,43,20,existence,145.07
114,67,47,existence,326.8
70,15,55,payment,119.3
55,7,48,payment,128.9
45,14,31,payment,119.45
79,63,16,payment,186.52
107,57,50,existence,205.45
16,2,14,payment,49.6
108,61,47,debt,280.63
34,19,15,existence,63.91
124,71,53,payment,255.74
58,6,52,debt,95.78
141,51,90,debt,344.58
49,6,43,debt,85.61
68,17,51,payment,167.84
89,84,5,existence,286.78
94,70,24,payment,182.86
121,41,80,debt,250.63
128,118,10,debt,442.85
157,133,24,existence,419.19
123,39,84,existence,283.68
80,71,9,debt,252.64
135,129,6,existence,399.37
116,29,87,debt,209.93
41,19,22,debt,132.25
24,2,22,existence,58.63
29,15,14,debt,93.13
76,46,30,existence,137.95
134,15,119,payment,316.03
9,2,7,debt,38.12
156,46,110,payment,301.7
43,36,7,payment,109.5
129,37,92,existence,234.47
12,10,2,debt,47.99
87,72,15,debt,195.46
44,44,0,existence,158.8
123,56,67,debt,308.7
27,19,8,debt,85.81
149,11,138,payment,382.4
111,102,9,existence,366.04
37,6,31,existence,78.88
120,75,45,payment,326.63
8,2,6,payment,25.75
55,39,16,debt,170.76
109,56,53,existence,284.78
120,77,43,payment,268.35
90,73,17,existence,316.17
18,12,6,existence,42.93
74,16,58,payment,186.51
57,39,18,payment,187.65
24,5,19,payment,72.6
92,62,30,payment,305.83
113,3,110,existence,137.44
67,28,39,debt,188.82
95,31,64,payment,188.18
79,3,76,existence,129.72
16,6,10,existence,33.44
92,82,10,existence,264.69
52,16,36,debt,162.49
21,3,18,payment,52.69
63,46,17,debt,212.51
18,15,3,debt,76.77
94,26,68,debt,174.38
11,7,4,existence,29.29
82,38,44,existence,177.33
153,91,62,payment,409.81
136,78,58,existence,327.32
92,68,24,existence,286.83
156,4,152,debt,233.18
95,92,3,debt,282.72
130,94,36,debt,378.37
9,9,0,existence,33.66
22,20,2,existence,68.96
18,16,2,payment,60.28
99,91,8,existence,295.69
95,19,76,payment,265.97
42,17,25,payment,77.46
139,3,136,existence,200.55
133,28,105,payment,341.35
143,39,104,debt,281.01
155,29,126,existence,285.71
106,69,37,existence,208.01
95,22,73,payment,245.96
101,56,45,existence,211.18
128,89,39,existence,322.06
113,11,102,existence,179.34
63,47,16,debt,138.87
71,18,53,payment,166.92
142,34,108,existence,364.02
91,28,63,existence,215.84
123,71,52,payment,287.22
147,7,140,existence,307.32
6,4,2,payment,21.68
86,27,59,debt,239.65
80,21,59,payment,205.3
154,4,150,payment,350.52
65,65,0,existence,187.59
87,86,1,existence,190.77
136,7,129,existence,217.11
51,27,24,payment,113.25
106,59,47,payment,303.89
127,65,62,payment,240.16
68,14,54,payment,159.88
21,1,20,payment,55.51
69,54,15,payment,210.32
10,8,2,payment,44.29
74,74,0,payment,229.64
57,54,3,existence,194.65
60,46,14,payment,172.45
9,4,5,payment,38.42
11,6,5,existence,34.41
59,6,53,existence,81.36
94,93,1,payment,256.56
133,32,101,payment,204.8
19,5,14,payment,54.57
36,24,12,debt,134.42
28,3,25,debt,63.32
54,33,21,existence,127.6
35,17,18,payment,103.69
39,23,16,existence,108.65
147,137,10,existence,440.68
10,2,8,existence,18.57
74,25,49,payment,148.66
47,33,14,payment,94.97
14,8,6,debt,44.65
109,99,10,payment,267.66
94,27,67,debt,156.42
83,62,21,payment,242.06
45,40,5,debt,147.64
86,82,4,payment,289.28
145,44,101,payment,247.94
79,7,72,debt,141.16
105,86,19,existence,223.54
108,81,27,existence,276.3
118,12,106,payment,191.61
107,41,66,existence,275.62
146,58,88,payment,236.24
83,10,73,payment,122.41
36,14,22,debt,107.54
14,13,1,existence,36.14
16,8,8,existence,34.01
80,11,69,existence,120.38
10,2,8,payment,26.21
45,26,19,existence,118.44
137,11,126,payment,275.28
149,136,13,existence,475.94
101,48,53,debt,263.87
150,27,123,existence,297.92
68,26,42,debt,141.39
88,81,7,existence,262.65
147,78,69,debt,274.4
44,34,10,payment,170.87
23,6,17,existence,59.72
139,80,59,payment,356.65
135,127,8,existence,305.74
151,31,120,payment,338.63
133,47,86,debt,357.18
73,73,0,existence,158.13
26,5,21,debt,77.29
146,89,57,payment,403.18
66,21,45,debt,125.9
88,37,51,payment,177.39
92,70,22,debt,273.42
5,4,1,payment,23.51
124,100,24,payment,298.56
62,33,29,debt,206.88
12,12,0,payment,40.92
80,48,32,debt,230.15
103,17,86,payment,217.36
114,29,85,existence,190.17
101,64,37,existence,250.02
42,15,27,debt,120.8
119,15,104,payment,311.64
32,20,12,debt,92.35
29,19,10,payment,100.9
154,102,52,payment,325.75
7,3,4,payment,32.65
109,28,81,existence,172.28
56,16,40,payment,133.76
150,6,144,existence,181.11
57,55,2,payment,156.46
128,98,30,existence,314.29
60,59,1,debt,193.9
8,3,5,debt,44.01
61,60,1,existence,184.01
62,39,23,debt,196.98
76,64,12,payment,227.27
131,112,19,existence,375.83
18,11,7,payment,69.58
50,45,5,existence,159.24
25,20,5,existence,69.23
91,87,4,existence,261.8
36,35,1,debt,133.45
4,1,3,payment,15.77
87,2,85,debt,171.35
49,43,6,payment,153.2
7,3,4,payment,33.94
27,1,26,debt,81.23
137,24,113,debt,233.96
44,9,35,debt,79.51
17,11,6,existence,43.73
127,124,3,debt,355.82
150,23,127,payment,367.25
79,33,46,debt,221.16
1,1,0,payment,13.83
134,29,105,payment,214.46
146,8,138,payment,256.4
99,49,50,debt,318.03
124,61,63,payment,231.83
134,108,26,debt,446.16
57,54,3,debt,172.22
77,41,36,payment,226.46
80,76,4,existence,217.31
118,112,6,payment,414.21
107,22,85,existence,288.78
60,36,24,payment,208.87
143,24,119,debt,330.64
137,135,2,existence,434.02
147,104,43,debt,441.41
34,24,10,existence,113.2
69,17,52,debt,179.69
44,24,20,existence,97.3
61,24,37,existence,142.53
157,96,61,debt,487.42
118,36,82,payment,207.65
1,1,0,payment,11.66
130,4,126,existence,228.61
80,36,44,payment,152.31
153,104,49,existence,473.71
76,21,55,debt,234.32
42,34,8,debt,140.83
48,6,42,debt,129.45
6,1,5,existence,15.04
115,27,88,payment,175.6
133,113,20,debt,362
106,94,12,debt,332.44
35,34,1,debt,127.32
50,18,32,existence,108.68
9,6,3,debt,35.15
116,42,74,existence,225.4
85,77,8,payment,244.46
89,54,35,existence,198.52
156,117,39,debt,469.93
12,4,8,debt,49.2
19,1,18,existence,47.42
113,48,65,debt,263.42
52,37,15,debt,134.66
76,59,17,payment,253.5
16,16,0,debt,61.38
131,24,107,payment,238.91
67,53,14,existence,243.91
71,4,67,debt,137.52
87,38,49,debt,224.42
151,48,103,existence,328.54
10,2,8,payment,30.16
118,49,69,debt,294.19
75,65,10,payment,163.13
154,125,29,payment,474.77
54,47,7,payment,150.17
9,8,1,debt,52.07
71,21,50,existence,167.45
8,8,0,payment,33.03
150,89,61,existence,267.15
1,1,0,debt,32.07
84,22,62,existence,122.73
3,1,2,existence,7.25
54,54,0,debt,149.41
72,17,55,payment,192.64
23,13,10,debt,68.43
46,9,37,payment,87.52
51,1,50,payment,97.84
52,12,40,debt,103.58
154,117,37,existence,334.17
70,55,15,debt,164.14
7,7,0,existence,15.61
121,112,9,existence,375.72
111,91,20,payment,267.65
92,47,45,payment,190.88
112,7,105,existence,153.83
150,1,149,existence,286.22
120,63,57,debt,265.87
127,114,13,payment,351.39
59,45,14,existence,192.89
22,12,10,existence,47.15
155,136,19,debt,324.59
37,12,25,debt,114.74
139,37,102,payment,281.2
17,3,14,debt,52.34
148,47,101,debt,244.53
110,80,30,debt,292.18
37,34,3,payment,112.24
47,41,6,payment,130.66
24,19,5,debt,72.29
1,1,0,existence,3.72
120,74,46,payment,335.94
92,19,73,existence,194.23
49,13,36,payment,110.2
74,45,29,payment,191.59
152,123,29,existence,338.33
59,8,51,payment,166.47
120,1,119,payment,200.88
103,54,49,payment,193.56
155,85,70,payment,358.76
42,40,2,debt,125.15
48,6,42,debt,120.29
136,33,103,existence,203.95
94,15,79,existence,166.72
12,2,10,existence,29.69
86,72,14,debt,189.33
10,8,2,debt,45.34
103,16,87,payment,260.38
47,37,10,existence,117.22
6,4,2,existence,12.95
62,40,22,debt,207.57
118,20,98,payment,228.72
135,60,75,existence,300.32
97,7,90,payment,187.92
92,30,62,debt,245.77
147,137,10,payment,453.66
130,10,120,existence,332.3
8,5,3,existence,17.83
9,6,3,existence,18.7
119,22,97,existence,257.71
65,35,30,payment,160.56
4,3,1,payment,15.78
43,28,15,existence,74.62
32,27,5,debt,129.19
100,46,54,debt,233.45
14,12,2,existence,41.57
136,95,41,debt,407.72
74,58,16,existence,137.49
142,119,23,debt,543.59
65,13,52,debt,175.68
81,78,3,existence,200.85
30,12,18,payment,68.37
44,42,2,existence,157.01
82,54,28,existence,189.98
1,1,0,existence,3.22
21,13,8,existence,35.63
44,26,18,debt,96.91
139,50,89,debt,356.66
42,7,35,payment,110.06
36,21,15,payment,94.46
50,4,46,existence,89.59
86,31,55,payment,158.58
51,34,17,debt,153.65
7,3,4,payment,32.61
65,29,36,debt,228.05
134,57,77,debt,249.75
43,10,33,existence,109.22
7,7,0,existence,22.43
3,3,0,payment,19.36
148,67,81,existence,228.23
119,43,76,existence,185.63
23,2,21,existence,51.65
118,97,21,existence,353.91
114,61,53,payment,364.03
126,67,59,debt,392.81
33,30,3,debt,104.97
115,87,28,payment,318.18
39,13,26,existence,67.17
145,49,96,payment,435.4
15,2,13,existence,27.62
22,7,15,payment,51.27
155,117,38,debt,315.67
12,1,11,debt,36.55
152,130,22,existence,489.6
7,2,5,payment,24.04
106,98,8,debt,328.05
108,61,47,debt,291.18
11,2,9,existence,26.76
56,47,9,existence,174.55
101,13,88,existence,237.33
74,65,9,payment,219.61
92,64,28,existence,292.21
153,97,56,debt,394.9
72,10,62,debt,159.6
39,3,36,debt,70.86
38,28,10,debt,116.03
24,17,7,payment,81.38
5,2,3,debt,32.45
35,9,26,existence,52.15
26,21,5,existence,62.95
100,62,38,existence,232.49
21,15,6,debt,95.86
80,21,59,payment,226.2
126,72,54,existence,335.14
11,2,9,existence,21.01
134,18,116,existence,349.52
54,9,45,debt,132.87
155,114,41,debt,464.65
136,8,128,debt,270.22
65,17,48,payment,168.78
20,16,4,payment,78.95
50,17,33,debt,126.45
150,12,138,payment,197.95
21,16,5,payment,80.64
69,69,0,existence,183.99
153,24,129,existence,212.45
39,4,35,debt,109.7
117,64,53,debt,327.13
150,51,99,debt,329.34
35,33,2,existence,118.22
150,112,38,existence,501.99
1,1,0,existence,2.36
50,42,8,debt,128.89
86,16,70,payment,227.19
100,77,23,existence,279.75
135,22,113,existence,240.16
8,1,7,existence,10.8
67,47,20,existence,180.01
52,50,2,payment,176.71
55,15,40,existence,127.25
48,46,2,payment,122.38
43,42,1,payment,105.18
33,21,12,existence,87.81
51,50,1,existence,136.41
115,11,104,debt,266.43
14,6,8,payment,35.95
9,2,7,existence,15.59
9,9,0,payment,25.95
119,7,112,payment,295.49
53,47,6,existence,178.58
106,29,77,existence,202.73
114,54,60,payment,260.38
88,51,37,payment,200.55
12,6,6,existence,18.65
140,109,31,debt,349.15
98,4,94,existence,158.4
60,2,58,debt,135.73
34,15,19,debt,104.47
43,32,11,payment,123.1
80,75,5,payment,196.32
95,73,22,debt,238.35
3,3,0,payment,18.92
122,64,58,existence,261.26
131,105,26,debt,386.31
12,7,5,payment,37.56
113,82,31,payment,255.4
31,7,24,existence,66.25
90,86,4,debt,303.7
132,110,22,existence,334.08
134,87,47,payment,346.32
142,131,11,payment,454.89
149,22,127,debt,273.35
48,14,34,existence,134.74
70,68,2,payment,198.85
84,66,18,existence,254.32
26,24,2,payment,87.57
90,46,44,existence,190.27
65,34,31,debt,159.7
6,4,2,payment,32.1
128,23,105,payment,206.55
54,51,3,existence,171.37
157,89,68,debt,418.86
111,17,94,debt,166.22
141,3,138,payment,268.69
92,5,87,debt,233.98
142,43,99,existence,368.27
71,51,20,existence,211.7
66,29,37,payment,185.45
148,89,59,payment,330.82
97,36,61,existence,165.19
79,8,71,existence,164.81
28,20,8,existence,52.59
157,76,81,existence,353.15
25,25,0,existence,71.74
17,1,16,existence,20.62
19,13,6,debt,74.75
64,62,2,debt,164.9
61,37,24,existence,158.78
139,48,91,debt,248.4
148,24,124,debt,350.65
142,131,11,payment,365.61
14,8,6,debt,58.63
11,1,10,debt,39.53
151,6,145,debt,403.27
41,15,26,debt,112.42
13,12,1,existence,41.16
11,2,9,existence,27.84
102,77,25,debt,283.61
156,132,24,existence,383.29
24,17,7,existence,61.82
18,10,8,debt,42.81
134,56,78,existence,354.84
108,104,4,payment,358.89
99,46,53,payment,242.18
106,65,41,debt,291.15
147,132,15,debt,529.46
3,1,2,existence,7.97
121,34,87,payment,224.48
53,4,49,existence,74.31
58,22,36,payment,170.97
100,76,24,debt,317.57
91,30,61,payment,195.71
77,46,31,existence,143.55
112,28,84,existence,163.38
130,78,52,existence,386.2
64,38,26,debt,212.52
69,54,15,debt,204.64
131,4,127,payment,202.73
59,5,54,payment,126.58
48,41,7,existence,129.49
146,93,53,existence,362.38
89,35,54,debt,187.51
150,113,37,payment,422.96
20,15,5,payment,79.45
54,9,45,existence,117.29
109,95,14,existence,360.28
136,135,1,existence,443.54
13,8,5,debt,45.2
135,44,91,debt,210.89
105,61,44,payment,230.38
64,9,55,existence,170.49
120,55,65,debt,298.87
83,47,36,payment,207.56
136,88,48,payment,235.93
148,128,20,existence,378.5
80,80,0,debt,257.47
11,9,2,debt,35.6
109,76,33,existence,225.88
93,89,4,debt,268.43
84,27,57,debt,224.22
39,10,29,existence,103.72
2,2,0,debt,17.22
31,17,14,payment,78.46
55,47,8,payment,173.08
111,25,86,payment,199.02
136,116,20,debt,404.55
94,51,43,existence,199.06
88,7,81,payment,217.14
121,11,110,existence,181.41
93,90,3,payment,298.56
148,55,93,existence,317.54
81,71,10,payment,240.06
136,65,71,debt,406.99
118,84,34,debt,306.01
28,11,17,payment,74.1
126,51,75,debt,393.17
149,22,127,debt,270.3
137,11,126,payment,238.17
106,103,3,payment,305.77
146,17,129,existence,266.51
76,37,39,payment,174.39
70,54,16,payment,229.51
5,5,0,existence,15.35
152,54,98,existence,357.79
95,55,40,existence,163.09
89,33,56,existence,159.06
84,54,30,payment,236.04
153,97,56,payment,485.83
22,5,17,debt,50.74
88,78,10,payment,302.38
123,108,15,payment,320.14
141,13,128,debt,204.83
147,142,5,existence,450.5
64,32,32,debt,121.8
30,23,7,debt,109.73
2,1,1,payment,21.83
27,17,10,debt,80.85
39,30,9,debt,131.75
42,2,40,existence,63.37
117,11,106,debt,314.65
32,22,10,existence,84.46
115,63,52,payment,247.57
47,10,37,existence,87.44
32,4,28,existence,50.17
86,23,63,debt,206.24
6,6,0,payment,31.31
133,51,82,debt,281.16
29,25,4,existence,75.39
82,16,66,debt,237.9
156,23,133,existence,286.18
120,76,44,debt,385.65
51,50,1,payment,133.43
81,36,45,debt,219.15
116,71,45,existence,334.78
142,74,68,payment,324.65
78,55,23,payment,192.67
20,6,14,existence,57.06
86,77,9,payment,258.79
30,21,9,debt,94.54
42,6,36,debt,105.69
74,63,11,existence,160.81
149,8,141,existence,213.73
139,96,43,existence,371.62
138,76,62,existence,287.83
87,53,34,debt,267.67
5,4,1,existence,15.79
63,23,40,debt,195.76
128,5,123,debt,265.6
31,22,9,debt,113.88
11,2,9,existence,24.8
157,6,151,debt,217.78
48,42,6,existence,168.59
80,40,40,debt,245.7
104,101,3,debt,343.78
57,9,48,payment,140.3
145,130,15,existence,367.99
121,73,48,debt,414.04
105,81,24,existence,288.42
147,93,54,payment,442.86
120,75,45,debt,276.18
133,48,85,payment,212.89
43,15,28,existence,93
35,20,15,payment,76.02
58,35,23,existence,151.52
12,3,9,debt,35.03
12,1,11,debt,42.08
89,65,24,existence,204.59
51,13,38,existence,103.34
1,1,0,existence,2.59
31,30,1,debt,81.84
103,7,96,payment,206.18
124,27,97,existence,296.12
12,11,1,payment,53.27
35,26,9,payment,123.54
95,15,80,payment,176.9
89,43,46,existence,209.09
88,50,38,debt,251.26
113,43,70,debt,221.31
123,74,49,existence,245.63
82,51,31,debt,220.63
95,58,37,debt,208.91
140,33,107,existence,219.35
30,25,5,payment,86.91
10,10,0,debt,46.44
96,30,66,payment,262.65
48,21,27,debt,103.37
8,4,4,payment,29.65
26,17,9,payment,71.99
81,61,20,debt,231.27
155,66,89,payment,420.59
1,1,0,payment,14.35
14,6,8,debt,62.97
13,6,7,payment,45.18
131,115,16,existence,342.54
34,11,23,debt,73.94
126,104,22,debt,280.95
133,73,60,payment,351.91
14,13,1,existence,45.45
79,32,47,payment,204.84
153,19,134,payment,295.57
99,66,33,payment,212.83
11,3,8,existence,21.38
41,18,23,existence,101.67
56,38,18,payment,120.24
122,22,100,payment,229.11
108,86,22,payment,296.5
151,147,4,payment,473.8
76,63,13,existence,222.72
95,19,76,debt,174.09
19,18,1,existence,48.19
52,46,6,payment,145
50,22,28,existence,117.18
29,2,27,existence,68.82
78,8,70,debt,195.65
101,39,62,existence,269.16
34,13,21,debt,96.67
5,1,4,existence,12.77
77,76,1,existence,228.95
75,14,61,debt,172.82
7,6,1,debt,29.3
154,23,131,existence,346
47,42,5,debt,169.63
70,43,27,payment,251.75
80,49,31,debt,223.97
53,4,49,existence,125.4
103,40,63,debt,222.89
53,25,28,existence,115.19
111,16,95,debt,293.27
27,15,12,existence,57.65
3,3,0,debt,32.32
106,62,44,payment,255.72
66,14,52,existence,149.79
33,9,24,payment,100.66
3,1,2,debt,32.36
110,36,74,existence,257.14
74,12,62,existence,178.78
137,83,54,payment,302.37
103,92,11,payment,326
152,18,134,existence,369.71
157,142,15,debt,415.53
54,9,45,payment,144.43
130,42,88,existence,266.68
145,57,88,debt,297.14
18,11,7,payment,70.2
56,44,12,payment,130.8
128,123,5,payment,269.69
2,1,1,existence,4.23
72,40,32,debt,175.09
75,16,59,payment,123.71
153,100,53,payment,402.51
61,18,43,existence,169.93
127,103,24,debt,324.71
47,44,3,existence,108.12
148,23,125,payment,220.35
129,58,71,payment,366.22
127,78,49,payment,407.88
86,11,75,existence,114.07
39,26,13,debt,125.28
54,21,33,payment,147.26
116,33,83,existence,266.42
105,104,1,payment,347.9
25,10,15,existence,43.91
103,80,23,existence,291.15
37,3,34,existence,92.19
139,94,45,existence,275.08
149,75,74,existence,358.9
89,73,16,debt,251.24
16,6,10,debt,66
107,38,69,existence,231.15
15,15,0,payment,67.44
51,5,46,existence,124.17
22,2,20,existence,28.26
88,76,12,existence,299.3
55,14,41,debt,151.62
33,6,27,payment,74.87
95,2,93,payment,165.24
18,18,0,payment,56.85
106,41,65,debt,195.03
113,87,26,existence,344.86
107,77,30,debt,247.5
57,4,53,existence,76.61
80,34,46,debt,131.49
72,61,11,existence,143.96
69,36,33,payment,157.07
12,3,9,existence,20.51
143,29,114,debt,339.09
122,33,89,existence,204.75
26,20,6,payment,94.68
150,130,20,existence,436.25
113,80,33,existence,367.88
106,19,87,existence,268.61
78,74,4,payment,260.36
48,10,38,payment,87.07
25,20,5,payment,73.6
2,2,0,existence,6.77
40,2,38,existence,101.53
61,18,43,existence,155.95
126,5,121,existence,245.83
140,97,43,payment,323.02
58,26,32,existence,160.38
19,8,11,debt,55.57
114,86,28,debt,401.19
6,1,5,debt,30.52
96,50,46,debt,238.32
105,78,27,existence,320.89
82,44,38,debt,239.41
1,1,0,payment,11.71
42,35,7,debt,146.77
41,26,15,payment,113.36
62,14,48,payment,165.95
147,136,11,existence,278.16
46,30,16,payment,107.35
80,32,48,debt,153.71
153,15,138,debt,308.48
31,4,27,existence,49.8
50,9,41,debt,131.32
141,134,7,debt,336.2
43,26,17,existence,95.78
129,72,57,payment,291.35
39,9,30,existence,102.02
64,61,3,existence,159.58
16,5,11,debt,58.36
150,70,80,existence,234.57
62,57,5,existence,177.6
142,79,63,payment,356.08
81,70,11,payment,247.34
136,132,4,payment,450.38
85,72,13,payment,273.08
53,24,29,payment,156.25
91,67,24,payment,252.37
16,5,11,debt,58.06
87,83,4,payment,201.08
11,3,8,debt,29.8
68,62,6,existence,176.48
119,72,47,existence,244.98
103,39,64,existence,213.19
67,48,19,existence,175.99
60,3,57,payment,119.38
141,36,105,existence,282.08
102,7,95,existence,239.15
93,12,81,existence,176.58
151,147,4,debt,458.81
60,15,45,existence,161.73
114,2,112,existence,258.74
61,49,12,payment,130.07
110,60,50,debt,266.52
92,53,39,debt,194.01
24,20,4,payment,61.11
137,79,58,payment,314.68
14,1,13,debt,51.63
119,58,61,debt,315.69
106,80,26,existence,260.11
148,95,53,debt,359.57
75,69,6,payment,246.35
38,38,0,payment,134.34
74,73,1,debt,228.86
46,34,12,payment,126.79
118,23,95,debt,252.76
109,46,63,payment,313.07
134,59,75,debt,329.32
8,5,3,debt,47.33
98,96,2,payment,345.55
90,89,1,payment,263.75
100,23,77,debt,153.62
130,91,39,payment,360.22
71,8,63,existence,122.72
56,49,7,debt,191.36
50,14,36,existence,87.01
44,19,25,payment,125.58
154,80,74,existence,493.1
156,45,111,payment,246.86
116,63,53,payment,274.23
77,31,46,debt,123.66
119,102,17,debt,353.4
109,28,81,debt,235.08
57,44,13,debt,229.84
149,35,114,debt,274.93
84,28,56,existence,149.05
4,4,0,existence,12.07
44,12,32,debt,131.25
34,17,17,debt,76.38
67,51,16,existence,140.56
17,6,11,existence,35.9
43,34,9,payment,128.44
39,15,24,payment,101.89
84,56,28,payment,229.8
43,13,30,debt,125.55
35,19,16,debt,91.04
113,13,100,existence,273.84
64,44,20,payment,142.43
39,30,9,payment,133.69
111,11,100,existence,263.54
118,48,70,existence,297.09
126,92,34,debt,407.63
44,14,30,payment,90.31
138,112,26,payment,375.81
131,59,72,existence,257.19
14,12,2,debt,55.42
68,28,40,debt,199.56
119,32,87,payment,325.62
29,18,11,debt,70.32
8,4,4,existence,18.46
12,9,3,debt,57.74
97,63,34,payment,301.33
84,35,49,existence,151.64
2,1,1,payment,11.77
107,69,38,existence,268.93
38,16,22,existence,62.27
19,7,12,debt,56.19
97,15,82,payment,164.82
96,39,57,debt,226.08
76,73,3,debt,176.52
151,140,11,existence,436.74
148,104,44,debt,447.09
1,1,0,existence,2.9
45,12,33,existence,97.72
60,1,59,payment,131.7
72,25,47,payment,163.57
36,19,17,existence,67.71
53,22,31,existence,83.11
146,51,95,existence,403.26
114,95,19,debt,280.93
138,74,64,existence,408.17
82,62,20,payment,241.4
120,78,42,existence,331.05
84,41,43,payment,263.11
138,2,136,debt,213.89
106,22,84,debt,222.89
157,91,66,payment,312.15
65,18,47,debt,122.61
108,66,42,debt,234.36
86,42,44,payment,199.77
37,29,8,existence,100.79
40,18,22,payment,108.62
2,1,1,debt,13.38
121,75,46,debt,367.27
104,98,6,existence,302.69
93,40,53,payment,178.59
78,31,47,payment,225.2
105,79,26,payment,239.34
28,17,11,existence,74.47
85,42,43,existence,157.36
87,59,28,existence,206.24
152,105,47,debt,494.97
126,72,54,payment,317.28
20,9,11,payment,48.73
71,40,31,existence,176.78
90,20,70,debt,238.14
120,110,10,existence,280.67
148,133,15,payment,388.15
67,27,40,existence,186.07
30,28,2,debt,126.87
49,18,31,existence,120.81
59,58,1,payment,145.39
34,9,25,debt,72.67
80,44,36,debt,188.78
118,47,71,debt,338.45
70,4,66,debt,171.27
89,75,14,debt,291.64
47,3,44,debt,128.69
54,44,10,existence,193.41
142,84,58,payment,407.36
49,38,11,payment,111.42
28,13,15,debt,82.79
21,15,6,existence,56.33
123,51,72,debt,279.58
7,1,6,payment,33.54
126,49,77,debt,305.55
32,9,23,payment,79.2
129,89,40,debt,339.76
2,2,0,payment,13
69,11,58,existence,115.56
39,17,22,debt,120.79
84,18,66,payment,195.5
6,4,2,debt,38.96
139,66,73,debt,287.89
12,6,6,existence,33.64
125,1,124,payment,250.48
84,7,77,payment,190.75
146,28,118,existence,372.52
94,4,90,debt,215.61
55,23,32,debt,171.9
143,52,91,existence,297.99
84,25,59,payment,235.34
58,32,26,debt,131.24
36,13,23,payment,99.34
151,150,1,payment,416.54
95,31,64,payment,259.09
146,53,93,debt,376.06
40,14,26,debt,97.77
39,1,38,debt,95.79
2,1,1,existence,3.99
112,67,45,existence,202.83
57,38,19,existence,132.53
39,23,16,debt,106.4
68,62,6,payment,195.87
26,15,11,debt,66.52
13,3,10,existence,17.61
35,16,19,payment,85.11
141,74,67,payment,280.75
136,24,112,debt,316.6
58,17,41,payment,154.56
18,7,11,payment,53.75
74,7,67,existence,142.76
7,4,3,existence,13.83
105,73,32,existence,201.52
153,77,76,debt,387.4
47,21,26,debt,142.97
31,11,20,debt,98.77
64,32,32,payment,147.16
58,36,22,debt,158.97
9,6,3,payment,42.67
113,92,21,debt,312.39
96,51,45,existence,227.99
143,24,119,existence,292.24
31,2,29,existence,48.85
50,47,3,debt,114.53
139,90,49,existence,358.16
106,61,45,payment,217.59
78,4,74,payment,158.84
147,21,126,existence,204.66
49,17,32,debt,116.2
114,25,89,debt,315.96
83,72,11,payment,250.91
152,83,69,existence,312.7
105,62,43,debt,323.71
13,2,11,existence,28.74
145,60,85,payment,324.86
157,20,137,payment,379.86
50,13,37,existence,133.65
95,15,80,existence,246.48
121,80,41,existence,374.35
30,22,8,existence,56.73
143,58,85,debt,305.35
21,10,11,payment,58.77
52,28,24,payment,116.97
107,8,99,debt,171.58
69,6,63,payment,169.54
45,4,41,debt,125.85
136,33,103,payment,338.48
10,5,5,debt,56.02
2,2,0,payment,18.91
104,13,91,existence,206.73
118,67,51,payment,255.14
52,10,42,existence,102.7
125,41,84,payment,215.8
141,133,8,debt,415.21
54,32,22,existence,108.03
70,25,45,existence,183.19
71,21,50,existence,134.42
127,106,21,debt,455.81
109,23,86,payment,281.08
120,16,104,existence,218.68
96,75,21,payment,199.31
102,55,47,debt,294.67
79,50,29,payment,219.91
57,27,30,existence,178.15
24,24,0,existence,59.92
67,38,29,existence,170.23
86,48,38,payment,277.8
134,99,35,payment,282.73
143,18,125,payment,251.87
129,84,45,payment,305.11
76,62,14,debt,269.28
141,134,7,existence,462.49
83,26,57,payment,142.91
119,107,12,existence,312.58
143,23,120,existence,271.81
124,11,113,payment,308.69
83,3,80,debt,178.21
117,95,22,payment,395.16
94,41,53,existence,143.01
100,88,12,debt,337.49
151,78,73,payment,375.33
90,75,15,existence,234.07
121,6,115,debt,219.69
152,133,19,payment,385.98
79,41,38,debt,260.37
26,7,19,existence,42.76
94,20,74,debt,262.45
40,19,21,existence,98.48
56,21,35,debt,165.72
86,34,52,debt,260.06
116,104,12,existence,326.36
113,96,17,existence,252.02
81,21,60,debt,219.5
65,47,18,payment,224.69
11,7,4,payment,29.37
150,103,47,debt,377.26
75,3,72,debt,113.33
60,45,15,payment,162.13
54,14,40,payment,156.29
103,98,5,debt,316.59
94,65,29,payment,311.22
146,139,7,payment,421.7
12,7,5,payment,34.47
54,16,38,payment,102.04
96,91,5,debt,354.93
134,42,92,debt,300.88
144,57,87,existence,338.79
100,51,49,payment,283.39
76,65,11,debt,226.4
45,11,34,existence,78.5
17,1,16,payment,33.06
53,24,29,payment,168.48
114,112,2,debt,397.58
25,18,7,existence,64.69
147,76,71,debt,388.79
13,5,8,existence,23.29
121,121,0,existence,258.05
25,16,9,existence,78.16
153,57,96,payment,432.33
155,17,138,existence,273.66
94,32,62,debt,274.84
3,3,0,debt,20.07
134,3,131,payment,323.39
6,5,1,debt,41.29
136,56,80,existence,232.32
82,76,6,debt,272.6
3,3,0,existence,10.05
122,2,120,debt,216.66
107,77,30,existence,249.83
99,9,90,existence,226.61
98,96,2,existence,253.2
84,14,70,debt,157.84
15,10,5,debt,40.79
143,128,15,payment,438.81
139,37,102,existence,297.71
78,21,57,existence,219.21
122,97,25,debt,367.71
66,62,4,existence,161.72
87,44,43,payment,220.63
74,73,1,debt,223.99
154,101,53,debt,379.87
56,35,21,debt,155.97
53,5,48,debt,108.33
147,130,17,existence,520.72
97,1,96,payment,144.18
48,22,26,debt,98.43
46,10,36,payment,87.66
62,32,30,existence,168.18
17,6,11,debt,52.86
25,1,24,existence,33.85
28,3,25,existence,70.25
46,17,29,existence,118.37
127,123,4,payment,441.63
21,4,17,debt,61.22
104,50,54,debt,179.55
144,76,68,payment,290.97
8,3,5,existence,14.82
129,19,110,existence,276.07
7,3,4,payment,18.18
46,41,5,existence,145.8
20,8,12,payment,53.82
48,16,32,debt,125.39
29,3,26,existence,73.48
54,5,49,existence,106.49
136,10,126,debt,317.68
137,70,67,payment,287.96
5,5,0,existence,18.54
88,48,40,payment,262.91
123,106,17,payment,384.18
72,33,39,existence,122.56
36,8,28,debt,98.18
111,103,8,existence,345.11
68,58,10,payment,204.09
139,19,120,payment,352.07
24,23,1,payment,79.36
1,1,0,existence,2.09
25,23,2,payment,70.45
153,45,108,existence,309.72
84,6,78,existence,186.96
75,45,30,existence,178.44
124,90,34,debt,322.22
143,6,137,existence,254.32
96,82,14,payment,252.95
40,35,5,debt,118.82
100,58,42,payment,228.97
24,21,3,debt,77.13
148,95,53,existence,358.44
136,76,60,existence,298.32
35,12,23,existence,102.61
136,89,47,debt,358.01
61,24,37,debt,152.63
63,26,37,payment,193.56
75,13,62,debt,163.15
34,15,19,payment,81.5
155,8,147,debt,321.6
30,13,17,existence,67.55
93,27,66,payment,230.74
125,67,58,debt,279.2
64,52,12,existence,135.02
105,75,30,existence,215.69
60,59,1,debt,196.23
142,56,86,payment,305.15
106,41,65,existence,208.13
72,69,3,debt,214.42
9,9,0,payment,49.16
35,7,28,payment,68.42
40,8,32,existence,96.35
102,62,40,debt,239.65
75,15,60,debt,215.24
113,110,3,payment,350.88
19,7,12,debt,64.61
114,69,45,payment,216.43
101,98,3,payment,253.31
44,43,1,payment,108.93
49,24,25,existence,83.89
73,59,14,existence,225.55
121,51,70,payment,315.26
118,80,38,debt,260.71
79,55,24,debt,261.12
5,4,1,debt,18.67
95,92,3,existence,316.08
137,117,20,existence,343.26
14,14,0,existence,39.98
45,5,40,payment,127.32
4,3,1,existence,11.7
1,1,0,debt,24.96
51,43,8,payment,162.58
115,91,24,debt,289.15
60,13,47,debt,137.74
36,29,7,debt,136.09
17,16,1,existence,60.56
135,133,2,payment,382.38
95,94,1,debt,301.9
148,45,103,payment,358.06
89,25,64,debt,176.78
120,13,107,debt,208.67
52,40,12,debt,114.99
125,39,86,payment,226.33
82,3,79,existence,128
115,109,6,payment,397.24
120,115,5,debt,327.7
10,8,2,payment,43.2
1,1,0,existence,3.04
75,72,3,existence,236.87
15,8,7,payment,53.39
59,11,48,existence,139.14
98,68,30,debt,269.43
86,60,26,debt,197.51
2,1,1,payment,10.47
101,34,67,existence,256.43
114,26,88,payment,206.45
150,28,122,payment,242.67
146,28,118,debt,363.38
22,4,18,payment,36.09
67,9,58,debt,143.7
130,99,31,payment,353.17
69,32,37,debt,133.78
39,23,16,debt,115.1
78,22,56,existence,166.63
103,40,63,payment,295.71
29,4,25,existence,37.94
2,1,1,existence,3.67
123,70,53,existence,285.09
80,40,40,existence,165.06
123,34,89,payment,195.52
25,21,4,payment,78.83
113,47,66,payment,301.7
133,75,58,debt,381.25
26,8,18,payment,55.85
10,5,5,payment,38.01
63,51,12,debt,137.5
142,138,4,payment,470.27
96,6,90,payment,250.02
117,42,75,debt,244.12
26,20,6,debt,65.08
34,13,21,payment,88.62
2,2,0,existence,5.81
1,1,0,payment,21.67
156,59,97,debt,452.38
10,9,1,debt,48.49
61,45,16,existence,194.62
71,32,39,payment,188.72
15,10,5,debt,57.66
78,20,58,payment,220.79
131,7,124,debt,252.92
49,28,21,existence,100.95
113,18,95,debt,191.7
120,41,79,payment,250.59
3,1,2,existence,5.25
89,17,72,debt,244.25
128,90,38,existence,393.98
111,54,57,debt,201.04
77,62,15,payment,228.98
44,18,26,debt,125.75
28,10,18,debt,67.6
147,29,118,debt,278.49
23,10,13,debt,68.94
24,7,17,existence,50.15
34,22,12,payment,80.62
88,39,49,debt,279.8
147,26,121,payment,387.99
17,15,2,existence,43.08
65,2,63,existence,90.93
50,49,1,debt,175.86
56,36,20,payment,146.37
20,4,16,debt,49.19
104,70,34,payment,278.64
127,96,31,debt,421.44
81,12,69,payment,182.25
26,18,8,existence,61.28
23,19,4,existence,75
56,7,49,debt,119.76
132,5,127,existence,221.94
95,43,52,existence,247.94
67,2,65,debt,139.64
144,103,41,payment,517.82
9,8,1,existence,26.3
95,58,37,existence,270.92
42,4,38,debt,93.41
126,72,54,existence,327
44,33,11,payment,131.35
139,121,18,debt,446.62
59,9,50,existence,159.58
147,37,110,existence,385.24
76,24,52,payment,145.02
11,7,4,payment,28.64
44,26,18,existence,132.53
102,26,76,debt,236.21
149,93,56,payment,388.62
124,24,100,debt,350.75
71,48,23,payment,205.29
81,72,9,debt,313.41
150,66,84,existence,262.97
127,79,48,payment,329.63
132,60,72,existence,299.4
111,70,41,payment,267.54
105,90,15,payment,259.48
64,30,34,existence,125.46
122,6,116,payment,240.31
20,15,5,debt,78.15
89,48,41,existence,192.07
55,39,16,existence,178.99
68,24,44,debt,195.47
135,83,52,existence,260.59
118,95,23,existence,361.79
108,72,36,payment,277.73
71,62,9,existence,168.18
108,46,62,debt,235.78
105,25,80,payment,273.82
11,1,10,debt,27.31
100,31,69,payment,236.83
30,27,3,existence,73.27
153,116,37,payment,497.42
94,74,20,payment,279.19
123,26,97,existence,243.94
47,28,19,debt,170.78
77,77,0,payment,256.7
11,2,9,existence,23.04
148,122,26,existence,343.33
52,6,46,payment,104.4
45,3,42,payment,106.01
128,5,123,payment,337.48
100,91,9,payment,323.88
154,154,0,existence,406.92
58,52,6,existence,129.73
33,6,27,debt,66.12
102,61,41,existence,234.37
120,80,40,existence,283.32
71,63,8,existence,242.62
76,17,59,debt,213.3
152,71,81,debt,418.34
72,69,3,existence,201.67
54,16,38,existence,85.18
87,66,21,existence,236
129,98,31,debt,314.68
2,2,0,debt,22.24
99,32,67,debt,215.59
149,64,85,existence,387.64
96,38,58,existence,241.12
146,91,55,existence,459.8
65,37,28,debt,203.96
148,8,140,existence,265.79
2,1,1,payment,15.75
57,9,48,debt,92.74
93,15,78,payment,141.44
148,97,51,payment,343.43
111,37,74,debt,210.35
57,43,14,payment,187.57
127,80,47,existence,319.23
25,11,14,existence,38.58
119,71,48,existence,269
105,5,100,debt,153
89,19,70,existence,181.81
43,21,22,payment,107.79
90,62,28,debt,221.25
121,37,84,payment,220.97
47,25,22,existence,109.5
87,73,14,existence,192.95
139,3,136,existence,184.66
137,102,35,existence,329.88
92,88,4,payment,276.85
106,25,81,payment,187.37
32,22,10,existence,79.75
91,73,18,payment,249.57
154,130,24,existence,368.34
109,102,7,payment,362.58
82,8,74,existence,216.39
71,53,18,debt,160.97
133,54,79,existence,367.92
148,33,115,existence,280.95
33,23,10,existence,85.6
93,48,45,payment,187.77
42,11,31,debt,136.26
78,22,56,debt,181.11
16,13,3,debt,54.88
125,64,61,payment,239.6
40,11,29,existence,108.16
129,94,35,existence,332.46
113,56,57,existence,250.53
102,99,3,existence,276.9
79,44,35,debt,248.11
81,21,60,debt,147.67
13,4,9,existence,28.93
93,58,35,payment,279.68
57,12,45,payment,148.28
152,79,73,payment,345.53
34,22,12,payment,118.2
74,14,60,payment,168.93
60,43,17,payment,130.04
57,27,30,payment,144.3
79,64,15,debt,196.87
126,18,108,payment,329.34
20,18,2,payment,77.1
110,75,35,existence,231.95
112,53,59,debt,259.75
60,14,46,existence,107.46
38,20,18,existence,114.74
31,29,2,existence,83.66
56,52,4,existence,174.09
133,99,34,existence,295.78
38,34,4,payment,96.45
70,24,46,payment,158.27
124,117,7,debt,283.78
62,60,2,existence,190.48
151,131,20,debt,358.58
102,73,29,debt,221.74
155,44,111,debt,298.61
113,68,45,payment,297.45
94,93,1,existence,334.97
127,112,15,existence,352.19
127,82,45,existence,354.73
148,121,27,debt,380.86
83,4,79,debt,215.47
26,22,4,existence,79.5
75,2,73,existence,179.2
20,10,10,existence,47.57
147,83,64,payment,246.31
20,19,1,existence,68.75
7,2,5,payment,19.3
146,79,67,payment,369.81
64,50,14,debt,193.42
41,24,17,payment,96.33
155,155,0,payment,487.04
28,6,22,existence,62.19
81,25,56,existence,139.53
92,12,80,debt,263.98
157,6,151,debt,415.48
46,21,25,debt,133.15
106,76,30,existence,282.73
149,62,87,debt,478.75
94,51,43,payment,182.95
77,12,65,payment,124.12
38,27,11,debt,115.26
30,20,10,existence,67.38
100,45,55,debt,230.52
10,4,6,payment,31.35
87,44,43,existence,201.66
77,35,42,payment,179.8
113,9,104,payment,188.78
112,77,35,payment,236.27
124,88,36,payment,263.72
64,58,6,payment,189.83
20,2,18,payment,68.35
54,4,50,payment,103.87
143,7,136,payment,252.41
34,34,0,payment,137.7
65,4,61,existence,89.43
59,7,52,payment,138.39
102,96,6,debt,254.64
111,111,0,debt,258.9
35,32,3,existence,71.12
133,96,37,debt,401.91
132,86,46,existence,298.66
79,14,65,payment,150.09
123,45,78,debt,335.64
34,17,17,existence,101.83
12,11,1,payment,51.03
102,23,79,debt,261.72
133,82,51,debt,446.56
133,11,122,debt,265.79
89,65,24,debt,226.68
82,11,71,existence,142.56
48,44,4,debt,161.09
140,8,132,existence,168.4
117,100,17,debt,410.5
70,21,49,payment,180.73
122,31,91,payment,328.21
74,61,13,existence,247.35
68,62,6,debt,171.19
125,21,104,debt,204.06
49,49,0,debt,119.23
26,8,18,existence,47.89
57,24,33,existence,124.21
32,31,1,payment,128.59
107,38,69,debt,191.49
149,101,48,existence,306.76
43,30,13,existence,117.93
108,34,74,debt,271.09
135,53,82,payment,277.88
60,28,32,existence,147.33
100,27,73,payment,178.84
32,25,7,debt,72.39
35,16,19,payment,74.85
114,27,87,existence,231.64
129,118,11,payment,426.61
101,56,45,existence,268.54
127,33,94,debt,360.03
61,31,30,debt,191.86
53,40,13,existence,119.82
30,16,14,payment,88.26
53,15,38,debt,134.66
43,25,18,debt,142.37
78,13,65,existence,167.83
61,61,0,payment,168.94
65,50,15,debt,202.63
102,33,69,debt,195.4
96,84,12,payment,286.32
31,7,24,payment,73.64
23,12,11,payment,81
121,25,96,debt,313.98
59,55,4,debt,215.41
102,28,74,debt,181.31
78,16,62,debt,136.94
155,140,15,debt,367.86
118,66,52,existence,320.37
120,17,103,payment,186.42
67,45,22,existence,189.88
140,102,38,payment,313.4
29,15,14,payment,90.34
104,48,56,existence,196.24
12,5,7,debt,42.44
41,19,22,debt,113.57
52,24,28,debt,137.01
138,114,24,debt,280.71
144,122,22,payment,401.33
138,105,33,existence,368.26
72,52,20,existence,234.46
21,6,15,debt,74.24
105,19,86,existence,196.07
101,75,26,existence,283.64
140,80,60,existence,448.14
128,85,43,existence,269.93
17,17,0,payment,56.37
136,120,16,existence,399.29
143,140,3,debt,445.87
27,10,17,debt,88.25
128,64,64,debt,243.07
44,38,6,payment,116.47
109,44,65,existence,180.53
57,22,35,debt,107.83
121,54,67,payment,206.47
80,18,62,existence,205.04
45,24,21,payment,115.44
100,8,92,existence,165.78
104,88,16,debt,324.16
6,2,4,debt,22.63
147,41,106,existence,313.72
123,30,93,payment,214.4
87,7,80,payment,130.42
57,25,32,debt,117.56
94,44,50,debt,218.8
18,12,6,payment,49.53
2,2,0,payment,18.31
101,78,23,payment,270.42
103,23,80,payment,167.98
13,9,4,payment,40.56
44,25,19,payment,119.17
58,52,6,existence,171.05
52,44,8,debt,178.74
73,69,4,payment,216.31
12,6,6,debt,49.23
11,6,5,existence,33.74
3,3,0,payment,21.07
53,13,40,debt,102.03
70,2,68,existence,154.09
117,14,103,debt,206.39
82,28,54,payment,236.39
20,9,11,payment,60.69
23,23,0,payment,84.72
51,35,16,debt,137.28
96,50,46,debt,239.99
56,32,24,existence,125.37
62,62,0,debt,252.45
47,33,14,payment,144.38
18,9,9,existence,32.79
14,9,5,payment,41.61
119,45,74,debt,302.3
64,15,49,payment,142.85
144,41,103,payment,370.73
52,39,13,payment,148.21
118,62,56,payment,265.82
43,42,1,payment,150.83
133,25,108,payment,320.64
112,78,34,debt,205.29
118,14,104,payment,279.53
129,79,50,debt,402.11
155,52,103,debt,278.44
10,10,0,debt,60.95
87,25,62,payment,218.09
129,25,104,existence,207.76
17,7,10,debt,52.28
63,38,25,payment,149.96
7,2,5,payment,22.68
6,2,4,existence,12.17
125,37,88,existence,253.65
55,23,32,existence,86.07
123,56,67,payment,267.52
101,18,83,existence,206.13
39,10,29,payment,77.53
41,16,25,existence,108.24
55,50,5,existence,207.19
15,14,1,existence,47.9
84,46,38,debt,287.17
119,118,1,existence,434.78
46,25,21,payment,120.19
22,21,1,debt,86.5
28,3,25,existence,63.61
79,39,40,existence,157.57
6,3,3,debt,41.81
111,86,25,debt,403.29
12,12,0,existence,35.43
113,63,50,existence,216.01
157,136,21,payment,543.49
64,16,48,existence,165.13
110,5,105,existence,147.37
45,15,30,debt,100.03
155,60,95,existence,275.03
28,17,11,existence,59.52
2,2,0,payment,16.29
108,52,56,existence,228.03
129,124,5,payment,418.7
130,32,98,debt,246.82
61,23,38,payment,156.17
115,56,59,debt,246.09
9,6,3,payment,46.55
94,79,15,debt,295.65
112,94,18,existence,256.74
43,34,9,payment,97.5
11,9,2,payment,48.39
89,64,25,debt,190.59
63,17,46,payment,141.99
58,46,12,payment,147.31
73,24,49,debt,226.39
19,14,5,payment,64.63
94,2,92,payment,127.09
93,69,24,debt,212.55
124,73,51,existence,288.36
87,55,32,payment,254.29
41,20,21,payment,79.34
135,64,71,debt,352.63
5,4,1,debt,22.66
59,17,42,payment,174.73
89,24,65,existence,236.93
146,124,22,debt,472.28
10,8,2,payment,38.23
65,26,39,payment,175.03
87,73,14,existence,282.77
52,32,20,payment,142.17
41,37,4,payment,110.72
46,4,42,debt,137.89
156,99,57,debt,287.25
111,48,63,debt,340.58
4,4,0,existence,12.85
47,7,40,existence,92.22
133,108,25,payment,391.94
97,37,60,payment,263.08
60,25,35,debt,160.68
64,32,32,debt,170.31
60,46,14,payment,178.49
35,33,2,existence,81.56
66,3,63,existence,88.98
86,9,77,existence,124.74
99,76,23,existence,212.08
104,70,34,debt,245.98
144,119,25,debt,489.82
27,1,26,existence,64.1
66,17,49,payment,179.14
12,5,7,existence,19
82,29,53,payment,235.35
99,93,6,debt,303.71
68,53,15,debt,186.27
30,24,6,payment,97.31
115,39,76,existence,218.44
119,69,50,debt,262.08
41,15,26,debt,126.41
137,41,96,payment,370.64
136,59,77,debt,315.38
5,5,0,payment,29.78
22,13,9,payment,73.33
13,9,4,payment,55.63
54,45,9,debt,179.32
63,52,11,existence,210.49
118,71,47,existence,367.95
92,49,43,debt,308.82
62,16,46,existence,126.51
91,50,41,debt,197.52
102,42,60,payment,246.99
18,1,17,existence,41.51
28,25,3,existence,70.43
57,54,3,existence,151.69
3,1,2,payment,22.53
62,9,53,payment,165.15
142,99,43,existence,303.04
23,17,6,existence,73.63
123,69,54,payment,265.44
1,1,0,payment,14.59
16,7,9,existence,29.41
24,24,0,existence,70.57
100,65,35,debt,197.15
141,70,71,payment,256.33
52,48,4,payment,130.89
126,119,7,payment,304.51
91,56,35,existence,198.32
147,15,132,payment,258.14
11,11,0,existence,29.29
73,33,40,debt,160.82
120,31,89,payment,281.55
24,15,9,debt,83.81
151,146,5,payment,444.13
98,75,23,debt,301.52
122,106,16,existence,407.13
79,60,19,existence,183.56
22,10,12,payment,64.39
131,39,92,debt,261.06
68,25,43,existence,159.5
149,75,74,debt,478.51
20,18,2,payment,80.03
138,89,49,debt,383.85
44,36,8,payment,127.83
99,79,20,payment,248.59
45,4,41,payment,130.08
111,83,28,existence,279.21
43,18,25,debt,78.8
124,15,109,debt,289.72
1,1,0,payment,14.19
115,89,26,debt,311.93
57,50,7,existence,128.05
136,2,134,debt,336.04
124,27,97,existence,265.17
111,92,19,existence,303.42
69,14,55,payment,144.9
157,133,24,debt,486.26
102,102,0,payment,331.65
82,69,13,debt,207.53
70,27,43,existence,116.41
35,24,11,existence,101.59
148,49,99,payment,299.51
94,64,30,payment,343.94
27,7,20,payment,83.12
155,49,106,debt,236.45
23,13,10,existence,54.14
141,124,17,debt,494.46
66,35,31,existence,149.56
137,95,42,existence,303.6
4,3,1,existence,9.33
137,77,60,debt,294.48
129,84,45,existence,339.01
80,11,69,existence,105.33
51,7,44,debt,100.97
27,6,21,debt,93.12
139,99,40,debt,306.19
87,6,81,existence,214.77
11,2,9,payment,41.42
76,43,33,debt,187.2
123,46,77,debt,218.11
155,113,42,payment,472.42
17,13,4,existence,36.66
2,2,0,payment,12.12
117,97,20,debt,393.85
4,1,3,debt,27.34
75,14,61,existence,185.78
70,64,6,existence,185.8
70,52,18,existence,231.13
90,46,44,payment,185.83
90,66,24,debt,259.09
23,8,15,payment,81.24
61,8,53,existence,107.7
46,43,3,payment,111.68
36,31,5,debt,95.93
87,77,10,existence,229.74
96,68,28,debt,228.33
6,4,2,existence,15.12
22,5,17,debt,75.65
111,57,54,debt,334.63
149,73,76,existence,389.38
77,63,14,existence,206.02
57,41,16,debt,166.41
36,5,31,payment,66.97
8,8,0,payment,26.26
124,79,45,existence,302.28
44,20,24,existence,80.21
113,12,101,payment,282.15
117,3,114,debt,312.32
6,2,4,existence,12.98
156,107,49,existence,340.4
44,17,27,existence,127.73
133,33,100,existence,200.34
42,6,36,debt,97.44
55,43,12,existence,164.17
20,4,16,debt,45.76
105,13,92,payment,265.94
79,14,65,payment,147.63
100,32,68,existence,234.61
117,69,48,debt,289.15
3,3,0,payment,14.29
1,1,0,payment,20.22
140,98,42,existence,443.1
34,22,12,payment,116.73
3,3,0,debt,27.07
65,61,4,existence,200.09
104,56,48,debt,284.05
120,29,91,existence,263.59
49,3,46,debt,133.06
11,4,7,payment,36.64
157,113,44,payment,375.04
63,45,18,payment,214.52
139,69,70,payment,296.33
100,51,49,payment,211.59
134,94,40,debt,375.75
15,6,9,payment,46.47
73,42,31,existence,148.13
32,24,8,existence,77.13
56,16,40,payment,124.67
47,44,3,payment,149.69
99,69,30,debt,287.26
2,2,0,payment,20.75
147,133,14,debt,325.1
4,2,2,payment,22.79
6,6,0,existence,20.9
126,83,43,debt,279.65
58,49,9,debt,208.86
86,11,75,payment,174.03
44,32,12,existence,142.88
109,75,34,debt,220.82
21,3,18,debt,69.63
21,18,3,payment,86.11
123,6,117,debt,323.54
71,67,4,existence,244.26
76,12,64,payment,133.79
48,40,8,existence,111.87
63,58,5,payment,179.93
39,31,8,debt,118
110,20,90,payment,199.77
58,4,54,existence,85.47
82,67,15,payment,187.43
49,29,20,existence,125.02
110,4,106,debt,167.84
138,56,82,debt,352.2
37,32,5,existence,84.99
25,6,19,existence,47.21
69,38,31,debt,237.83
76,55,21,payment,201.07
143,58,85,existence,334.02
101,81,20,existence,328.55
28,24,4,existence,76.78
134,71,63,payment,370.68
14,5,9,existence,36.28
139,52,87,payment,415.82
35,6,29,payment,72.57
43,30,13,debt,107.71
133,13,120,payment,233.34
6,1,5,debt,31.84
99,99,0,existence,214.79
25,8,17,payment,57.24
2,1,1,existence,4.2
91,49,42,debt,240.74
113,88,25,debt,316.49
53,4,49,existence,116.4
116,12,104,payment,212.49
131,106,25,payment,390.88
2,1,1,debt,31.41
68,2,66,payment,109.57
52,18,34,existence,103.28
139,123,16,existence,402.11
157,113,44,payment,424.54
26,2,24,debt,92.39
22,15,7,payment,73.54
23,21,2,existence,52.9
78,2,76,debt,145.2
48,9,39,existence,87.3
89,61,28,existence,170.65
28,24,4,debt,94.36
106,94,12,existence,273.35
1,1,0,debt,17.03
156,72,84,debt,395.7
104,85,19,existence,231.05
50,10,40,payment,79.07
18,4,14,debt,69.67
17,15,2,debt,63.84
128,28,100,payment,193.78
5,2,3,existence,13.48
105,90,15,existence,215.79
105,68,37,payment,253.52
116,66,50,debt,363.68
94,65,29,existence,268.07
45,37,8,existence,158.46
76,39,37,existence,142.32
14,8,6,debt,39.19
86,38,48,debt,228.74
51,40,11,existence,102.77
155,92,63,payment,395.75
53,44,9,existence,170.84
38,35,3,existence,106.79
138,94,44,debt,396.19
70,52,18,payment,171.77
93,87,6,debt,228.77
77,31,46,existence,235.15
82,34,48,existence,172.57
25,9,16,existence,48.9
150,118,32,existence,305.58
39,8,31,debt,90.16
102,93,9,debt,355.38
72,10,62,debt,200.94
84,74,10,payment,294.11
23,5,18,debt,52.91
82,75,7,existence,247.14
61,59,2,payment,187.84
138,36,102,payment,283.6
68,9,59,existence,117.77
143,134,9,existence,487.36
120,120,0,payment,321.53
47,14,33,payment,133.63
93,28,65,existence,205.51
77,74,3,debt,272.5
121,7,114,debt,276.34
29,19,10,payment,112.6
127,42,85,existence,323.26
103,71,32,debt,326.29
53,43,10,debt,152.6
70,7,63,payment,190.14
97,57,40,debt,258.32
113,22,91,existence,299.53
117,49,68,debt,269.86
71,68,3,existence,196.42
41,32,9,payment,102.07
69,65,4,debt,238.79
100,15,85,payment,212.39
84,8,76,debt,190.64
132,80,52,payment,364.49
68,27,41,existence,116.55
17,17,0,payment,55.19
88,60,28,payment,310.15
31,9,22,debt,69.15
19,11,8,existence,31.59
47,29,18,payment,94.6
50,3,47,debt,109.48
71,69,2,payment,188.54
105,91,14,existence,221.94
71,33,38,debt,171.09
51,8,43,existence,107.79
50,39,11,existence,163.38
137,110,27,debt,366.26
34,7,27,payment,97.3
67,27,40,payment,167.3
94,65,29,debt,232.21
132,56,76,existence,365.07
112,28,84,existence,280.04
14,1,13,existence,26.07
102,64,38,payment,254.8
61,38,23,existence,179.82
51,4,47,debt,127.31
45,14,31,debt,138.98
78,2,76,debt,159.74
111,67,44,payment,306.96
106,105,1,payment,308.38
89,11,78,payment,228.05
112,103,9,debt,312.08
120,119,1,payment,272.23
39,37,2,payment,134.37
88,75,13,debt,320.57
67,22,45,debt,159.86
50,37,13,existence,160.1
65,33,32,payment,147.15
73,64,9,payment,237.04
104,100,4,existence,341.97
56,46,10,payment,186.15
136,98,38,payment,301.46
99,54,45,payment,243.11
136,98,38,debt,339.8
55,32,23,payment,169.99
143,129,14,debt,327.46
2,1,1,existence,6.23
153,117,36,payment,319.54
152,35,117,payment,286.74
103,8,95,payment,221.17
46,41,5,debt,160.58
77,19,58,debt,137.04
105,101,4,existence,294.14
71,21,50,payment,151.06
146,99,47,payment,316.31
84,25,59,debt,144.31
112,88,24,debt,254.39
72,37,35,payment,186.6
55,22,33,payment,173.96
55,13,42,debt,110.79
144,19,125,debt,397.69
85,19,66,existence,199.63
5,1,4,existence,7.37
109,9,100,existence,206.94
129,129,0,existence,392.96
151,75,76,existence,432.16
128,106,22,payment,367.13
51,46,5,debt,148.61
93,86,7,existence,267.01
14,11,3,payment,33.83
125,27,98,payment,206.62
1,1,0,payment,15.9
59,17,42,debt,158.97
156,61,95,payment,303.14
28,16,12,debt,64.08
2,1,1,payment,20.26
81,38,43,payment,146.11
44,23,21,existence,131.12
15,12,3,payment,49.48
52,1,51,existence,85.23
23,17,6,existence,42.31
37,37,0,payment,145.25
73,36,37,debt,204.89
23,16,7,payment,62.32
49,36,13,payment,121.92
21,7,14,existence,38.72
41,26,15,existence,118.51
35,16,19,payment,85.03
125,51,74,debt,309.69
29,5,24,payment,74.7
85,17,68,debt,179.51
91,13,78,payment,198.34
77,10,67,debt,185.31
147,23,124,existence,243.26
99,35,64,debt,258.02
47,31,16,payment,131.03
78,44,34,payment,214.7
119,2,117,debt,157.71
54,13,41,existence,90.1
5,4,1,debt,17.18
137,115,22,existence,278.06
86,20,66,payment,207.23
87,14,73,existence,132.8
90,19,71,debt,241.15
54,9,45,payment,105.66
147,119,28,debt,351.99
61,9,52,debt,106.25
79,28,51,payment,213.29
8,3,5,debt,45.86
23,13,10,existence,57.27
18,3,15,existence,40.28
109,46,63,payment,228.51
148,84,64,payment,380.51
39,37,2,debt,108.31
42,31,11,existence,110.89
111,47,64,existence,304.18
34,5,29,payment,92.02
127,2,125,existence,223.4
49,34,15,existence,144.89
152,77,75,existence,329.51
60,28,32,existence,154.54
153,94,59,payment,515.69
57,3,54,existence,70.04
122,110,12,payment,277.51
16,2,14,existence,26.39
37,32,5,payment,102.26
30,14,16,payment,70.34
25,7,18,debt,78.66
148,139,9,existence,345.57
10,5,5,debt,45.73
139,48,91,debt,355.13
125,4,121,existence,223.93
124,71,53,existence,246.34
44,19,25,debt,98.66
117,63,54,payment,353.1
58,4,54,existence,86.92
136,45,91,existence,271.68
115,34,81,existence,303.88
102,4,98,existence,134.57
147,40,107,debt,310.74
60,35,25,debt,183.09
47,18,29,payment,133.59
16,8,8,debt,60.11
104,67,37,existence,238.15
34,30,4,existence,81.57
44,14,30,existence,85.43
17,17,0,payment,66.43
44,13,31,debt,87.55
122,92,30,payment,223.31
41,19,22,payment,111.8
43,1,42,existence,57.46
140,38,102,payment,373.16
123,56,67,payment,331.19
6,1,5,payment,22.71
7,1,6,payment,23.39
130,58,72,existence,223.45
36,22,14,payment,102.43
94,78,16,existence,223.33
130,37,93,existence,345.97
142,79,63,payment,443.73
44,28,16,payment,134.65
87,9,78,payment,130.06
33,29,4,existence,103.09
133,33,100,payment,279.26
112,23,89,debt,313.87
125,83,42,debt,319.87
65,25,40,existence,156.84
120,13,107,existence,184.56
105,12,93,payment,159.86
82,75,7,debt,255.77
140,112,28,debt,317.79
13,5,8,existence,19.53
14,12,2,debt,65.99
86,7,79,existence,199.26
145,99,46,debt,388.45
131,93,38,debt,431
25,9,16,existence,44.81
80,61,19,debt,184.53
19,9,10,payment,63.94
104,73,31,existence,249.13
130,5,125,debt,229.5
99,72,27,existence,307.41
5,5,0,debt,31.45
29,18,11,existence,78.93
90,31,59,debt,187.85
55,21,34,debt,144.44
113,54,59,existence,241.74
12,4,8,payment,40.45
61,17,44,payment,138.62
73,65,8,existence,203.13
110,84,26,debt,390.72
145,107,38,debt,410.54
131,84,47,existence,315.16
144,42,102,payment,285.02
85,46,39,existence,212.17
107,12,95,existence,275.8
3,1,2,existence,8.06
35,4,31,existence,46.92
20,7,13,existence,36.9
74,50,24,existence,190.56
24,4,20,payment,60.24
74,40,34,payment,214.86
23,7,16,payment,61
3,2,1,debt,33.96
26,25,1,existence,82.17
18,6,12,existence,50.11
59,14,45,debt,176.18
21,20,1,existence,46.93
126,94,32,debt,424.48
124,117,7,existence,397.14
142,79,63,payment,438.88
96,29,67,existence,263.17
108,47,61,existence,269.58
128,100,28,debt,366.15
36,18,18,debt,108.22
81,21,60,payment,227.05
112,99,13,payment,267.9
74,26,48,payment,119.97
115,51,64,debt,324.8
126,98,28,existence,264.36
4,4,0,debt,22.55
91,31,60,existence,158.29
104,8,96,payment,241.51
151,18,133,payment,220.44
13,8,5,existence,37.8
135,116,19,debt,410.8
34,16,18,existence,91.2
146,128,18,payment,374.98
40,15,25,debt,112.18
70,38,32,debt,161.98
105,80,25,existence,265.01
49,38,11,existence,147.73
52,20,32,existence,83.41
137,80,57,payment,329.85
134,22,112,payment,193.82
51,39,12,existence,116.96
135,103,32,debt,379.92
84,81,3,debt,237.15
2,2,0,payment,19.44
33,19,14,payment,106.21
58,44,14,debt,217.22
15,8,7,existence,36.04
121,11,110,existence,260.26
27,18,9,payment,77.81
131,44,87,existence,353.53
125,63,62,debt,320.77
17,9,8,debt,69.66
89,2,87,payment,173.33
19,13,6,existence,38.15
17,15,2,payment,59.24
15,11,4,debt,67.73
49,24,25,payment,100.38
89,22,67,existence,155.11
85,51,34,debt,262.96
119,85,34,payment,359.54
42,27,15,existence,126.29
72,50,22,payment,182.84
58,8,50,existence,151.67
134,57,77,debt,260.39
59,50,9,payment,162.64
122,88,34,existence,292.2
102,82,20,debt,343.68
98,25,73,debt,212.2
70,70,0,debt,175.51
32,1,31,debt,90.65
58,2,56,debt,154.51
14,10,4,existence,40.91
75,13,62,debt,122.42
46,5,41,payment,103.39
12,5,7,debt,48.42
109,59,50,existence,245.79
19,6,13,payment,44.07
1,1,0,existence,2.69
86,29,57,debt,237.14
51,20,31,payment,112.94
68,9,59,existence,152.82
113,82,31,existence,296.04
20,10,10,debt,75.01
78,26,52,existence,122.36
148,96,52,payment,327.08
56,38,18,debt,178.13
80,69,11,debt,249.14
14,9,5,payment,45.34
41,12,29,debt,117.92
112,68,44,existence,336.47
6,2,4,existence,13.27
103,87,16,debt,314.21
72,63,9,existence,195.73
57,5,52,existence,79.27
88,32,56,existence,145.75
119,74,45,payment,310.6
36,17,19,debt,107.72
106,99,7,payment,266.16
83,83,0,existence,210.42
111,97,14,debt,367.28
8,2,6,payment,27.75
57,7,50,existence,125.3
38,30,8,existence,105.63
32,32,0,debt,148.06
152,122,30,existence,384.2
38,9,29,debt,102.14
122,120,2,existence,349.32
19,1,18,debt,36
52,37,15,debt,142.87
7,1,6,debt,41.96
115,81,34,existence,279.58
101,30,71,payment,174.06
149,91,58,payment,407.74
129,119,10,debt,342.97
101,22,79,existence,266.62
125,66,59,debt,423.28
134,75,59,payment,307.98
154,119,35,payment,458.84
73,40,33,payment,229.8
57,46,11,payment,141.11
60,21,39,existence,93.82
124,85,39,existence,313.88
70,33,37,existence,161.9
104,61,43,payment,337.04
72,43,29,payment,172.74
13,11,2,existence,39.69
15,5,10,payment,35.78
89,44,45,existence,172.58
113,31,82,payment,328.15
20,14,6,payment,76.94
12,11,1,existence,43.39
9,2,7,existence,19.07
77,47,30,existence,210.88
43,23,20,existence,131.48
151,5,146,existence,320.23
148,118,30,payment,481.62
122,46,76,debt,316.66
89,14,75,payment,161.95
103,52,51,payment,249.44
101,63,38,payment,220.59
39,37,2,existence,123.86
37,10,27,payment,85.72
123,52,71,payment,362.38
4,2,2,existence,7.76
108,82,26,payment,254.81
112,33,79,debt,206.5
111,2,109,existence,272.65
141,126,15,existence,345.77
51,12,39,payment,138.01
12,2,10,existence,31.66
121,23,98,payment,240.21
15,9,6,existence,28.1
1,1,0,debt,25.79
114,24,90,payment,272.08
8,5,3,debt,34.3
60,45,15,existence,196.66
38,36,2,payment,141.95
56,5,51,existence,129.58
72,3,69,existence,99.22
77,77,0,debt,262.5
124,7,117,payment,182.96
68,8,60,existence,88.32
31,13,18,debt,77.41
69,50,19,payment,199.34
86,1,85,payment,183.36
17,15,2,payment,54.32
135,60,75,existence,387.74
99,71,28,debt,307.46
10,9,1,debt,55.9
91,24,67,existence,219.11
108,104,4,existence,305.76
130,12,118,existence,257.06
103,2,101,payment,225.68
73,10,63,payment,168.87
49,28,21,payment,139.52
10,2,8,debt,50.73
86,69,17,existence,180.6
11,8,3,payment,42.05
48,15,33,existence,118.75
100,58,42,existence,284.96
69,58,11,debt,226.24
34,27,7,payment,110.12
23,3,20,payment,47.98
102,37,65,debt,195.84
67,26,41,debt,184.35
5,4,1,payment,21.72
102,8,94,existence,195.62
142,4,138,debt,191.8
34,12,22,debt,90.1
144,138,6,payment,453.71
114,111,3,existence,346.84
27,25,2,debt,109.81
58,45,13,existence,204.16
10,8,2,existence,25.74
7,2,5,debt,43.5
100,10,90,payment,132.97
83,4,79,debt,148.01
45,18,27,existence,72.9
20,15,5,payment,67.72
140,83,57,debt,378.53
145,130,15,debt,400.96
123,36,87,payment,351.2
76,12,64,existence,125.69
102,100,2,existence,278.33
84,67,17,debt,304.73
127,67,60,debt,336.99
20,13,7,payment,48.21
119,42,77,payment,321.24
32,24,8,existence,87.18
145,38,107,existence,375.38
19,12,7,payment,55.11
47,28,19,existence,131.91
128,115,13,debt,428.48
106,12,94,existence,184.85
38,1,37,debt,79.09
135,36,99,payment,353.89
88,11,77,existence,168.47
17,6,11,payment,49.22
154,147,7,payment,469.6
152,26,126,existence,389.63
33,32,1,existence,98.47
104,79,25,payment,245.89
101,50,51,payment,283.08
98,86,12,debt,328.54
144,100,44,payment,394
58,25,33,existence,96.32
17,5,12,payment,40.07
118,41,77,payment,237.35
126,75,51,payment,277.9
145,50,95,debt,285.58
114,31,83,existence,179.25
77,3,74,payment,110.36
31,19,12,payment,79.21
98,94,4,payment,232.84
139,135,4,payment,504.06
108,32,76,existence,305.69
45,15,30,existence,85.39
49,9,40,payment,86.99
34,31,3,payment,96.88
137,128,9,debt,516.9
151,149,2,existence,459.18
110,13,97,debt,301.09
19,4,15,payment,42.12
62,2,60,debt,111.18
118,93,25,debt,410.66
136,95,41,debt,448.07
115,59,56,existence,337.39
125,86,39,payment,454.4
67,35,32,debt,179.36
34,1,33,existence,71.88
12,11,1,debt,64.83
18,11,7,debt,70.08
82,27,55,payment,201.37
101,19,82,debt,245.3
19,11,8,debt,58.62
58,49,9,payment,194.77
78,40,38,existence,197.8
107,70,37,debt,243.02
69,8,61,payment,130.28
15,2,13,debt,35.07
1,1,0,debt,27.66
114,68,46,existence,282.76
10,6,4,existence,28.04
73,68,5,existence,177.23
80,67,13,debt,269.96
7,5,2,payment,34.07
54,41,13,payment,135.63
70,15,55,debt,157.95
46,35,11,payment,154.82
131,58,73,existence,407.94
32,24,8,debt,106.63
107,12,95,existence,253.19
22,15,7,existence,41.63
92,35,57,existence,229.89
61,40,21,payment,174.1
120,37,83,debt,309.32
133,29,104,existence,283.98
28,6,22,payment,63.87
39,19,20,debt,122.1
55,40,15,payment,125.81
88,53,35,payment,257.65
140,5,135,debt,273.97
48,1,47,payment,110.47
23,15,8,existence,42.86
126,61,65,payment,339.04
136,104,32,debt,387.7
81,70,11,existence,228.76
81,55,26,debt,244.32
123,57,66,existence,303.87
21,14,7,existence,40.28
115,47,68,existence,245.87
28,15,13,payment,79.25
140,126,14,payment,388.19
66,14,52,existence,155.92
127,20,107,payment,191.89
155,138,17,payment,316.23
76,28,48,debt,122.59
44,24,20,payment,122.87
94,30,64,debt,294.25
124,67,57,debt,320.89
27,13,14,existence,67.81
3,1,2,debt,21.13
104,32,72,payment,262.99
121,113,8,debt,329.21
54,42,12,existence,134.18
35,10,25,debt,83
39,18,21,payment,70.48
61,12,49,payment,173.93
135,96,39,existence,297.42
101,59,42,payment,247.58
129,15,114,payment,236.44
43,24,19,payment,108.31
21,7,14,payment,58.97
125,93,32,debt,382.62
53,23,30,debt,154.81
28,3,25,payment,60.78
146,131,15,existence,400.48
143,30,113,existence,289.16
116,66,50,payment,261.63
131,6,125,existence,321.45
11,1,10,debt,30.89
57,42,15,payment,188.39
15,14,1,existence,47.39
11,2,9,existence,29.85
105,71,34,existence,228.66
54,12,42,debt,130.54
148,111,37,existence,362.61
147,133,14,payment,393.39
89,43,46,debt,254.98
34,32,2,payment,89.08
102,28,74,existence,140.78
97,38,59,payment,190.23
72,27,45,debt,142.59
69,25,44,payment,135.59
59,51,8,existence,174.29
22,10,12,debt,74.67
73,53,20,debt,203.53
107,25,82,payment,230.81
129,101,28,payment,274.68
134,27,107,payment,334.02
111,66,45,debt,274.19
145,59,86,debt,340.42
70,32,38,existence,202.82
18,9,9,existence,40.08
18,12,6,payment,62.08
74,40,34,existence,143.68
17,15,2,payment,58.51
62,9,53,payment,161.81
145,46,99,existence,235.16
32,19,13,debt,96.98
122,76,46,debt,282.73
117,61,56,existence,325.84
60,38,22,debt,170.94
93,67,26,debt,307.89
21,9,12,existence,35.73
146,109,37,payment,390.81
95,37,58,payment,167.84
57,1,56,payment,127.87
67,66,1,payment,202.97
138,39,99,payment,222.4
22,19,3,debt,79.77
137,59,78,payment,410.01
39,33,6,payment,108.71
30,26,4,debt,87.01
145,64,81,debt,307.6
34,6,28,payment,97.46
89,53,36,existence,259.79
111,21,90,existence,268.95
110,96,14,payment,375.75
103,11,92,payment,235.79
29,10,19,debt,76.01
112,86,26,existence,192.69
83,35,48,existence,218.34
51,4,47,payment,128.17
113,90,23,debt,412.41
7,3,4,payment,24.37
141,64,77,debt,438.36
141,29,112,debt,222.74
86,20,66,existence,219.53
113,57,56,existence,312.69
126,120,6,payment,380.56
122,48,74,debt,247.82
30,29,1,debt,115.56
71,49,22,existence,203.1
120,54,66,payment,375.49
3,3,0,existence,9.01
143,8,135,payment,256.26
24,2,22,existence,42.7
31,23,8,payment,70.98
71,46,25,payment,215.82
17,12,5,payment,64.84
57,48,9,payment,148.65
6,2,4,payment,18.33
108,17,91,existence,253.15
138,75,63,payment,375.68
138,91,47,debt,380.66
26,23,3,debt,62.62
72,46,26,debt,170.92
56,3,53,debt,101.1
1,1,0,existence,2.68
78,34,44,existence,130.27
65,6,59,existence,113.99
23,23,0,payment,99.75
69,29,40,existence,187.4
71,18,53,debt,215.79
98,39,59,existence,188.94
100,24,76,debt,277.2
144,64,80,payment,368.81
132,98,34,debt,344.05
111,90,21,debt,297.76
29,26,3,existence,74.69
44,5,39,payment,123.08
135,62,73,payment,275.64
68,43,25,existence,155.36
33,17,16,debt,81.41
58,5,53,debt,129.03
152,27,125,payment,296.38
13,5,8,payment,44.05
152,143,9,payment,363.98
139,128,11,existence,332.57
124,30,94,debt,355.21
86,15,71,debt,210.7
52,34,18,debt,108.49
84,17,67,payment,231.02
59,52,7,existence,155.22
98,49,49,payment,200.85
124,51,73,debt,311.17
126,79,47,debt,399.56
144,78,66,existence,326.45
28,22,6,debt,97.55
152,112,40,debt,361.69
43,18,25,existence,107.9
123,24,99,payment,324.71
10,5,5,existence,22.03
102,70,32,payment,245.14
4,4,0,payment,27.53
46,42,4,payment,137.63
128,104,24,existence,359.25
77,65,12,debt,240.91
111,73,38,payment,314.85
23,23,0,existence,55.66
61,22,39,payment,150.81
134,69,65,debt,286.95
114,5,109,payment,176.9
38,11,27,payment,102.88
19,4,15,debt,54.21
71,30,41,existence,126.48
85,69,16,payment,242.55
128,41,87,payment,300.2
129,48,81,payment,351.44
25,10,15,debt,49.92
70,7,63,debt,160.39
68,40,28,payment,231.16
28,5,23,debt,82.64
132,34,98,existence,263.21
96,31,65,debt,290.44
63,26,37,existence,95.48
148,68,80,existence,415.55
48,2,46,debt,107.56
25,6,19,debt,47.77
145,59,86,debt,324.51
156,83,73,payment,437.25
115,67,48,payment,250.76
137,31,106,existence,308.27
39,31,8,debt,136.61
109,84,25,payment,271.67
2,2,0,existence,6.37
21,6,15,existence,32.6
157,147,10,debt,419.17
35,28,7,existence,120.4
9,2,7,existence,14.57
2,1,1,payment,21.24
100,73,27,debt,261.43
142,39,103,payment,304.87
19,7,12,payment,50.59
96,17,79,payment,150.54
123,22,101,debt,284.53
62,57,5,existence,166.42
134,66,68,debt,360.8
113,40,73,payment,308.69
86,33,53,existence,147.98
95,53,42,debt,235.9
36,32,4,debt,108.3
154,39,115,payment,220.48
122,50,72,existence,229.47
74,19,55,debt,153.24
62,11,51,debt,107.45
152,46,106,existence,304.62
29,11,18,payment,64.96
154,30,124,existence,380.27
38,19,19,payment,109.29
146,61,85,debt,238.1
101,19,82,debt,263.21
55,33,22,payment,184.65
142,81,61,existence,357.7
74,24,50,payment,154.76
4,4,0,payment,23.54
81,6,75,existence,197.76
120,61,59,payment,239.81
103,93,10,payment,324.23
94,36,58,payment,260.1
13,4,9,existence,32.01
34,7,27,existence,67.85
75,2,73,payment,148.01
136,100,36,payment,303.3
3,1,2,payment,14.36
59,52,7,existence,109.4
54,52,2,payment,167.7
125,109,16,debt,392.24
148,105,43,debt,424.86
63,24,39,payment,177.36
78,34,44,debt,187.14
35,16,19,existence,105.68
132,2,130,existence,170.5
5,1,4,payment,25.02
153,132,21,payment,357.35
84,29,55,existence,190.2
111,41,70,debt,285.03
108,11,97,debt,284
108,43,65,debt,183.86
108,31,77,debt,273.5
67,7,60,existence,103.25
4,2,2,existence,9.72
29,1,28,existence,44.47
28,24,4,existence,73.57
147,64,83,existence,360.79
72,47,25,payment,167.43
76,16,60,existence,182.98
92,8,84,existence,217.9
106,64,42,debt,285.11
117,115,2,debt,282
103,45,58,existence,220.17
54,46,8,existence,164.86
149,62,87,debt,416.56
21,2,19,payment,49.46
17,1,16,payment,53
16,14,2,existence,54.16
134,81,53,debt,320.11
98,94,4,payment,316.01
40,18,22,payment,82.17
61,28,33,payment,142.89
16,7,9,debt,42.86
104,77,27,payment,361.01
145,54,91,existence,338.72
67,38,29,debt,227.44
59,18,41,existence,140
29,11,18,existence,54.9
58,50,8,payment,183.77
30,22,8,debt,89.26
31,29,2,payment,101.51
27,2,25,existence,55.96
6,1,5,existence,15.56
38,3,35,existence,72.84
59,32,27,payment,132.64
123,34,89,existence,288.96
114,79,35,existence,291.13
125,2,123,payment,303.57
75,9,66,payment,110.43
14,5,9,debt,62.81
150,2,148,debt,390.23
156,141,15,existence,342.72
144,13,131,existence,322.18
57,45,12,debt,200.6
45,34,11,debt,177.33
154,51,103,payment,293.29
100,50,50,payment,307.98
110,16,94,existence,158.98
4,2,2,payment,17.95
57,47,10,debt,169.69
17,6,11,existence,41.87
62,56,6,payment,154.42
156,9,147,payment,276.4
33,3,30,existence,80.77
42,28,14,debt,132.41
144,142,2,debt,424.76
60,47,13,debt,195.87
35,6,29,existence,92.73
15,15,0,existence,49.15
89,74,15,existence,226.73
84,84,0,debt,245.77
66,22,44,existence,182.23
6,5,1,debt,31.24
47,46,1,payment,133.95
60,50,10,existence,174.04
36,30,6,debt,111.41
7,7,0,debt,43.23
116,103,13,payment,397.62
18,2,16,existence,40.1
14,8,6,payment,42.58
133,48,85,debt,253.88
112,35,77,payment,188.13
67,5,62,debt,166.52
7,1,6,payment,26.06
93,82,11,existence,288.34
17,11,6,debt,51.89
47,42,5,debt,164.57
94,64,30,existence,239.84
84,57,27,debt,279.6
50,34,16,payment,145.64
119,77,42,debt,357.66
18,12,6,debt,69.89
7,1,6,payment,26.93
92,79,13,payment,282.46
29,26,3,debt,99.98
107,20,87,debt,277.06
70,16,54,existence,98.62
92,65,27,payment,254.44
5,4,1,payment,18.51
48,44,4,payment,143.41
155,83,72,debt,351.89
54,53,1,payment,173.55
123,115,8,debt,460.6
103,28,75,payment,297.51
54,26,28,payment,154.7
49,34,15,payment,134.31
108,92,16,debt,233.34
99,15,84,debt,203.7
75,3,72,existence,129.79
20,3,17,existence,52.98
98,60,38,payment,216.66
24,18,6,debt,76.83
106,67,39,existence,336.02
137,135,2,payment,364.56
154,91,63,debt,441.59
112,96,16,debt,335.5
28,28,0,payment,81.54
73,57,16,debt,196.34
70,12,58,existence,181.44
122,18,104,existence,239.85
39,28,11,debt,159.69
135,79,56,debt,379.19
107,66,41,payment,295
78,22,56,payment,209.39
54,37,17,debt,169.69
23,19,4,debt,81.79
104,21,83,debt,194.43
44,34,10,debt,173.51
6,3,3,debt,20.57
109,12,97,existence,195.75
123,35,88,payment,339.14
132,116,16,existence,350.39
81,3,78,debt,213.79
77,8,69,debt,211.91
35,2,33,payment,56.79
20,16,4,debt,66.74
132,111,21,existence,405.22
44,4,40,debt,120.87
9,8,1,payment,39.28
137,113,24,existence,301.85
7,3,4,debt,32
26,25,1,existence,85.32
68,9,59,existence,165.19
35,19,16,payment,113.07
4,1,3,existence,7.05
120,71,49,payment,374.68
29,17,12,debt,82.6
151,43,108,debt,253.84
136,89,47,payment,444.73
31,11,20,debt,95.01
147,47,100,debt,263.64
115,17,98,existence,237.25
82,68,14,debt,232.21
137,40,97,payment,217.2
110,50,60,existence,252.67
13,5,8,debt,61.26
52,35,17,payment,131.42
129,99,30,debt,310.87
104,17,87,existence,142.57
130,9,121,existence,219.08
129,9,120,payment,330.65
114,75,39,debt,287.63
23,1,22,debt,71.15
60,33,27,existence,178.35
81,17,64,debt,138.09
101,47,54,debt,283.61
100,50,50,payment,221.4
156,49,107,existence,298.45
47,25,22,debt,133.43
117,48,69,payment,215.96
134,83,51,debt,387.1
114,66,48,payment,348.91
142,125,17,existence,512.24
134,85,49,existence,302.14
44,25,19,debt,130.55
44,19,25,debt,120.04
3,2,1,payment,21.52
145,48,97,existence,398.19
112,99,13,debt,322.71
83,20,63,debt,233.39
79,6,73,existence,161.39
113,111,2,existence,374.91
122,7,115,payment,185.77
65,64,1,existence,218.92
17,3,14,debt,59.35
64,14,50,debt,115.21
126,74,52,existence,296.36
42,1,41,debt,101.45
145,10,135,debt,225.84
16,2,14,debt,37.88
74,71,3,payment,199.64
7,6,1,existence,18.49
71,29,42,existence,176.89
121,20,101,payment,257.58
72,55,17,payment,214.15
111,49,62,debt,250.08
99,38,61,payment,259.63
77,67,10,debt,247.52
56,40,16,payment,173.45
94,88,6,existence,285.93
53,51,2,payment,107.83
143,27,116,debt,225.27
149,77,72,payment,385.69
148,66,82,debt,367.12
68,17,51,payment,163.54
35,14,21,existence,65.59
103,54,49,existence,322.97
36,7,29,existence,96.53
33,30,3,existence,104.78
13,1,12,existence,26
151,131,20,debt,324.01
85,69,16,debt,285.27
115,30,85,existence,194.7
146,105,41,existence,289.39
121,71,50,debt,343.36
72,26,46,payment,145.84
20,6,14,payment,57.27
138,104,34,existence,457.6
141,131,10,payment,376.15
125,114,11,payment,309.3
145,29,116,payment,220.4
45,4,41,debt,87.01
84,37,47,payment,232.1
147,115,32,debt,415.26
4,3,1,existence,9.94
75,41,34,payment,229.35
9,5,4,debt,46.62
155,3,152,existence,192.9
53,29,24,debt,153.54
104,16,88,existence,241.8
95,70,25,payment,335.08
8,2,6,payment,22.29
137,11,126,debt,239.44
126,59,67,debt,301.55
43,1,42,debt,103.13
37,1,36,existence,74.79
8,4,4,existence,14.65
109,90,19,debt,254.36
66,32,34,debt,153.11
14,11,3,existence,40.37
79,30,49,existence,197.78
157,69,88,existence,295.68
39,36,3,payment,120.08
1,1,0,debt,30.56
121,66,55,existence,355.88
82,13,69,existence,160.06
74,32,42,existence,158.12
134,79,55,debt,281.69
96,6,90,debt,222.35
108,107,1,payment,315.68
98,94,4,existence,292.22
28,14,14,payment,65.99
119,97,22,existence,332.9
63,29,34,payment,110.76
46,16,30,existence,129.48
38,34,4,existence,90.96
130,64,66,debt,271.95
20,16,4,debt,68.49
35,4,31,debt,78.65
114,32,82,payment,253.23
83,51,32,debt,207.91
84,8,76,existence,124.18
43,4,39,payment,76.79
27,25,2,payment,113.85
66,30,36,debt,183
50,4,46,debt,122.17
67,18,49,debt,127.3
54,44,10,payment,175.2
74,45,29,payment,179.17
127,40,87,existence,338.05
124,92,32,payment,375.85
16,5,11,payment,36.19
153,19,134,payment,324.7
18,11,7,payment,47.23
21,9,12,payment,67.54
14,3,11,payment,37.07
129,82,47,existence,291.59
99,57,42,payment,242.61
36,4,32,payment,73.24
115,57,58,debt,380
12,8,4,payment,47.64
75,63,12,payment,207.14
125,83,42,payment,284.97
114,92,22,debt,353.91
72,25,47,payment,206.85
109,37,72,payment,315.03
140,18,122,debt,393.42
147,44,103,existence,357.21
17,5,12,existence,32.06
124,40,84,debt,238.69
4,2,2,debt,29.4
36,2,34,existence,47.86
45,6,39,debt,94.82
150,106,44,payment,314.68
77,25,52,payment,129.39
104,58,46,payment,271.83
147,90,57,debt,481.77
49,5,44,existence,117.58
151,87,64,existence,384.52
157,152,5,payment,496.34
11,5,6,payment,40.03
76,52,24,existence,171.2
41,24,17,debt,111.36
133,130,3,debt,349.16
136,99,37,payment,326.35
28,17,11,existence,70.67
143,115,28,payment,394.19
28,23,5,existence,50.79
92,28,64,existence,183.45
138,107,31,debt,407.32
83,10,73,debt,190.8
157,102,55,existence,356.13
57,20,37,existence,128.93
48,27,21,debt,126.12
86,63,23,existence,177.03
150,60,90,debt,390.35
24,3,21,existence,33.19
107,104,3,existence,255.75
40,17,23,payment,109.6
83,66,17,payment,237.49
143,35,108,payment,357.98
129,66,63,existence,316.28
103,87,16,debt,250.79
118,79,39,debt,399.76
121,42,79,payment,326.68
81,9,72,existence,120.3
77,4,73,debt,131.48
50,18,32,existence,142.54
37,1,36,debt,90.49
122,43,79,payment,335.92
118,61,57,debt,304.58
52,50,2,existence,131
25,21,4,existence,81.91
50,14,36,debt,159.45
19,10,9,debt,47.19
76,39,37,debt,159.81
28,26,2,payment,99.69
73,49,24,existence,220.74
64,57,7,debt,245.44
13,11,2,payment,37.53
85,42,43,existence,250.61
97,9,88,existence,217.9
49,17,32,debt,160.16
46,23,23,existence,104.2
115,26,89,payment,185.05
107,73,34,existence,198
139,86,53,debt,347.93
152,137,15,payment,542.69
39,21,18,debt,94.66
152,67,85,existence,321.26
2,2,0,payment,21.68
50,11,39,existence,83.02
84,15,69,debt,184.41
96,75,21,debt,289.95
7,2,5,existence,14.24
150,6,144,existence,236.13
129,75,54,debt,420.18
50,48,2,debt,181.51
95,22,73,existence,219.8
88,54,34,debt,177.4
72,32,40,debt,122.96
132,30,102,debt,363.19
43,21,22,existence,130.2
30,27,3,payment,90.71
73,65,8,debt,281.48
44,36,8,debt,105.1
75,59,16,existence,197.87
146,59,87,debt,349.34
51,7,44,payment,140.99
1,1,0,existence,2.9
45,21,24,payment,135.75
75,67,8,debt,171.3
62,2,60,payment,87.02
39,16,23,payment,122.09
131,65,66,debt,361.97
140,88,52,existence,433.85
21,12,9,payment,50.58
64,63,1,debt,222.95
100,53,47,payment,248.76
16,8,8,payment,40.85
25,24,1,existence,77.12
33,6,27,existence,53.15
117,114,3,debt,289.97
54,34,20,debt,158.13
121,4,117,payment,182.99
62,23,39,debt,145.38
60,35,25,payment,192.81
128,85,43,debt,367.93
87,37,50,payment,247.98
98,57,41,debt,223.08
72,37,35,debt,209.48
91,17,74,existence,210.72
89,65,24,existence,286.36
154,118,36,payment,371.4
57,56,1,existence,185.48
44,27,17,payment,109.94
51,20,31,existence,89.85
24,18,6,existence,77.63
107,12,95,existence,229.79
140,116,24,debt,422.38
104,54,50,payment,198.21
66,56,10,payment,176.48
141,119,22,debt,427.57
74,52,22,payment,229.28
20,12,8,debt,59.89
121,117,4,existence,363.43
64,56,8,payment,158.59
101,66,35,existence,252.49
58,48,10,existence,134.49
81,32,49,existence,162.5
3,2,1,debt,33.89
105,22,83,existence,218.69
24,13,11,payment,78.08
87,11,76,existence,208.1
9,1,8,payment,32.03
11,5,6,payment,49.12
128,24,104,debt,346.5
117,10,107,payment,207.3
134,56,78,debt,347.17
123,79,44,existence,297.52
139,109,30,existence,455.39
132,78,54,debt,335.95
156,26,130,debt,409.98
62,10,52,payment,118.23
155,68,87,debt,463.06
3,2,1,debt,13.34
155,90,65,payment,450.59
82,28,54,payment,157.27
16,4,12,existence,32.78
46,24,22,payment,83.03
27,25,2,debt,104.67
10,7,3,payment,42.67
3,3,0,payment,13.46
22,9,13,payment,75.21
155,87,68,existence,385.51
87,3,84,debt,205.6
83,19,64,payment,194.06
156,1,155,debt,319.66
85,18,67,existence,223.03
8,1,7,payment,28.82
127,90,37,debt,410.36
67,25,42,debt,182.23
88,30,58,debt,267.98
86,37,49,existence,239.1
101,75,26,existence,231.72
117,103,14,debt,292.92
32,30,2,debt,107.03
39,21,18,payment,98.94
27,14,13,existence,56.13
92,87,5,existence,338.95
20,16,4,debt,86.62
101,70,31,payment,245.97
9,7,2,payment,33.82
87,78,9,payment,236.91
49,6,43,debt,91.95
41,26,15,existence,122.88
124,27,97,payment,309.14
79,55,24,debt,275.59
117,70,47,payment,239.1
8,5,3,payment,38.46
113,54,59,debt,332.19
12,1,11,existence,30.05
27,24,3,debt,102.28
112,80,32,debt,294.63
20,11,9,existence,43.18
55,35,20,payment,134.4
151,77,74,payment,350.76
108,90,18,existence,302.65
73,14,59,existence,129.93
92,86,6,debt,271.24
1,1,0,existence,3.56
92,17,75,payment,147.34
4,1,3,debt,37.72
97,50,47,debt,210.16
140,7,133,payment,281.34
97,83,14,payment,301.67
133,61,72,debt,316.63
94,68,26,existence,275.94
15,6,9,payment,37.68
111,76,35,existence,282.58
152,46,106,existence,320
144,53,91,payment,301.88
61,61,0,debt,176.8
117,109,8,existence,316.14
24,3,21,debt,54.63
51,41,10,payment,168
98,75,23,existence,191.01
117,63,54,existence,287.53
63,61,2,payment,222.34
93,27,66,debt,237.29
43,5,38,existence,62.2
82,38,44,debt,200.19
24,20,4,debt,75.31
87,5,82,payment,121.02
2,1,1,debt,19.49
101,5,96,existence,162.47
151,83,68,existence,290.66
108,42,66,existence,198.34
40,3,37,existence,87.73
61,15,46,payment,158.09
33,28,5,payment,107.9
66,9,57,payment,98.58
115,1,114,payment,247.47
73,27,46,payment,158.81
39,25,14,existence,67.69
23,10,13,debt,84.72
112,76,36,debt,282.13
120,23,97,existence,171.03
49,45,4,payment,149.74
31,16,15,payment,66.64
20,15,5,payment,60.33
143,61,82,debt,326.58
43,11,32,payment,115.93
152,89,63,payment,462.75
122,93,29,existence,314.75
142,73,69,payment,381.5
34,31,3,debt,109.2
40,23,17,existence,128.87
134,67,67,debt,370.53
49,14,35,debt,127.72
35,25,10,payment,123.91
23,21,2,debt,76.78
27,24,3,existence,67.19
58,12,46,payment,131.64
128,122,6,existence,273.85
132,43,89,debt,293.06
5,2,3,payment,20.95
94,54,40,debt,232.69
1,1,0,existence,3.25
86,33,53,payment,151.4
118,87,31,debt,382.33
87,70,17,existence,229.67
60,14,46,payment,160.22
7,4,3,debt,35.68
73,10,63,existence,190.01
133,30,103,payment,209.08
2,2,0,existence,7.15
111,59,52,existence,268.36
40,37,3,existence,87.63
97,13,84,debt,171.52
39,26,13,payment,103.24
38,30,8,payment,129.74
33,12,21,debt,85.73
117,61,56,payment,279.08
86,58,28,debt,196.77
85,20,65,existence,162.59
107,54,53,payment,320.84
20,16,4,payment,48.49
53,16,37,payment,114.72
126,21,105,payment,185.48
16,5,11,payment,54.35
88,42,46,payment,191.24
97,40,57,existence,198.9
146,43,103,payment,403.21
3,3,0,debt,23.64
47,7,40,existence,118.68
136,43,93,existence,323.02
117,79,38,debt,267.77
135,87,48,debt,300.8
28,1,27,debt,61.86
112,111,1,existence,279.84
132,108,24,existence,338.04
51,11,40,existence,95.79
30,16,14,payment,78.93
122,17,105,payment,265.97
149,2,147,debt,322.07
74,59,15,debt,184.4
150,5,145,debt,301.58
32,25,7,payment,90.81
87,30,57,debt,274.41
57,41,16,payment,199.65
10,3,7,payment,33.07
84,2,82,debt,200.03
43,5,38,debt,121.96
156,5,151,debt,292.41
139,54,85,existence,229.42
64,51,13,debt,183.29
44,8,36,payment,116.69
124,38,86,existence,297
125,109,16,existence,388.65
3,3,0,existence,10.86
47,27,20,existence,107.96
60,42,18,payment,206.66
38,31,7,existence,101.1
98,98,0,existence,221
84,78,6,existence,240.13
145,97,48,debt,474.3
88,3,85,payment,152.94
131,104,27,debt,300.02
38,10,28,debt,114.8
31,22,9,payment,73.78
29,11,18,debt,93.32
99,71,28,debt,227.98
144,107,37,debt,382.8
116,59,57,existence,197.7
106,90,16,existence,274
105,1,104,existence,126.27
138,93,45,payment,369.85
98,13,85,debt,205.29
22,6,16,existence,59.16
138,107,31,payment,455.66
114,19,95,debt,298.26
126,96,30,existence,355.63
16,15,1,debt,55.16
18,1,17,debt,48.52
70,2,68,payment,131.17
45,41,4,payment,155.82
121,42,79,existence,197.07
153,101,52,debt,330.3
117,75,42,payment,315.4
52,8,44,debt,112.69
138,41,97,existence,211.71
31,22,9,existence,80.88
119,32,87,payment,228.59
75,23,52,payment,173.56
90,7,83,debt,235.36
69,53,16,existence,158.31
130,103,27,existence,325.78
11,5,6,debt,35.25
126,95,31,payment,289
76,21,55,existence,180.84
40,8,32,payment,98.15
102,64,38,payment,230.05
25,16,9,payment,83.99
93,34,59,payment,250.98
109,33,76,payment,186.17
89,61,28,existence,248.09
11,3,8,existence,17.74
91,53,38,payment,292.74
112,42,70,payment,236.41
112,50,62,existence,188.53
111,55,56,payment,190.73
104,6,98,existence,208.68
89,49,40,debt,225.38
85,53,32,payment,270.57
113,20,93,existence,174.06
41,7,34,payment,89.62
108,27,81,debt,242.88
7,4,3,existence,13.5
122,43,79,debt,284.75
154,11,143,payment,348.97
99,59,40,debt,241.01
109,12,97,payment,182.44
141,8,133,debt,325.58
18,17,1,payment,75.48
33,33,0,debt,144.04
121,10,111,debt,213.88
85,71,14,payment,302.5
33,30,3,payment,93.89
17,14,3,existence,55.52
135,93,42,debt,372.37
65,44,21,existence,159.75
21,5,16,existence,37.54
76,69,7,debt,259.76
26,15,11,debt,98.09
113,84,29,existence,322.7
77,9,68,existence,174.79
115,15,100,payment,268.69
67,55,12,existence,155.09
89,67,22,debt,255.27
44,19,25,debt,136.64
113,28,85,existence,233.51
46,22,24,existence,111.23
12,4,8,payment,37.74
32,1,31,payment,65.91
88,1,87,debt,240.36
69,11,58,debt,174.66
156,147,9,payment,406.62
14,9,5,existence,24.35
70,1,69,existence,131.61
91,59,32,debt,320.19
104,85,19,payment,296.64
119,69,50,existence,383.13
76,6,70,debt,141.83
157,142,15,payment,419.61
47,35,12,payment,121.86
78,23,55,debt,169.36
74,50,24,debt,202.94
145,101,44,debt,405.62
132,102,30,existence,361.41
63,54,9,payment,177.1
5,3,2,payment,24.24
90,11,79,existence,148.87
112,69,43,existence,376.79
82,6,76,payment,176.27
126,93,33,payment,375.77
28,27,1,payment,92.38
157,103,54,payment,469.52
71,18,53,payment,112.17
3,3,0,existence,10.73
108,85,23,payment,318.63
143,18,125,debt,203.93
61,53,8,debt,192.19
67,67,0,payment,211.71
128,102,26,debt,450.91
107,105,2,payment,276.2
77,22,55,existence,140.58
25,2,23,existence,58.11
121,10,111,existence,178.86
143,12,131,existence,342.3
3,2,1,payment,19.12
100,56,44,existence,264.72
135,66,69,existence,298.55
57,19,38,debt,168.25
37,3,34,debt,106.97
60,43,17,debt,182.18
145,19,126,debt,371.42
92,35,57,existence,219.58
101,28,73,existence,228.79
13,4,9,debt,59.89
14,12,2,payment,54.09
39,5,34,existence,100.68
33,27,6,payment,111.67
129,65,64,debt,346.44
114,45,69,existence,304.3
89,32,57,existence,150.84
101,58,43,existence,212.05
108,61,47,existence,199.25
148,102,46,payment,367.23
37,37,0,debt,140.74
47,32,15,debt,120.34
123,79,44,existence,263.26
34,20,14,debt,80.46
61,57,4,payment,167.16
83,50,33,debt,278.72
109,9,100,existence,182.33
124,116,8,debt,395.7
24,21,3,payment,69.63
23,8,15,debt,53.51
4,4,0,debt,42.22
60,15,45,debt,121.05
150,34,116,debt,255.59
126,27,99,existence,254.17
14,6,8,existence,35.25
88,37,51,existence,190.5
8,2,6,payment,26.07
115,109,6,payment,329.2
138,87,51,debt,397.33
150,149,1,existence,403.59
149,33,116,payment,282.3
59,7,52,debt,143.03
41,33,8,existence,124.48
90,11,79,debt,151.94
64,60,4,debt,157.97
110,91,19,payment,261.17
35,26,9,debt,88.54
132,85,47,existence,257.4
120,44,76,payment,202.85
129,107,22,existence,399.27
157,111,46,debt,440.81
133,74,59,payment,227.71
83,14,69,debt,177.12
92,38,54,payment,246.73
21,20,1,existence,66.1
3,1,2,payment,19.18
129,16,113,debt,192.07
21,4,17,debt,45.63
68,26,42,payment,206.8
28,1,27,debt,71.44
59,56,3,debt,199.35
76,13,63,existence,119.47
154,2,152,payment,283.08
154,57,97,existence,426.71
156,98,58,debt,495.35
8,6,2,existence,15.39
18,3,15,debt,51.7
85,84,1,payment,277.85
142,1,141,debt,328.07
111,88,23,debt,395.27
19,11,8,payment,63.1
79,65,14,payment,289.6
96,24,72,payment,196.46
6,4,2,existence,14.06
61,47,14,payment,202.03
98,96,2,existence,304.94
66,62,4,debt,235.23
90,33,57,payment,257.63
63,35,28,existence,111.66
15,3,12,debt,37.58
80,60,20,debt,282.47
112,27,85,payment,301.89
153,46,107,existence,250.39
83,83,0,payment,296.65
13,5,8,debt,43.65
114,54,60,payment,329.44
72,37,35,debt,181.44
135,109,26,debt,443.15
137,55,82,debt,228.93
34,33,1,debt,120.59
12,10,2,debt,61.67
81,54,27,existence,193.07
142,85,57,payment,426.98
119,19,100,payment,190.04
84,52,32,payment,226.88
12,6,6,existence,23.98
41,20,21,existence,116.49
84,70,14,debt,222.56
2,1,1,existence,5.15
55,42,13,payment,156.54
17,16,1,debt,70.07
40,39,1,debt,121.02
97,39,58,debt,276.3
11,8,3,payment,43.43
80,69,11,payment,210.59
84,66,18,existence,223.71
20,8,12,debt,58.34
63,12,51,payment,185.18
59,4,55,payment,131.87
141,35,106,debt,354.47
130,72,58,payment,315.53
102,63,39,payment,260.17
33,18,15,debt,89.69
116,113,3,debt,325.85
110,65,45,existence,282.36
157,71,86,payment,289.16
64,14,50,existence,108.26
12,12,0,existence,29.6
97,95,2,payment,314.87
142,97,45,existence,377.93
115,111,4,debt,359.07
103,75,28,existence,330.67
30,17,13,existence,66.03
11,1,10,debt,53.24
88,85,3,debt,287.38
143,113,30,existence,371.48
14,3,11,existence,26.95
141,99,42,payment,365.35
142,142,0,debt,408.27
42,3,39,payment,79.91
98,57,41,debt,311.34
139,73,66,debt,342.46
151,85,66,payment,340.92
131,80,51,existence,301.62
105,84,21,existence,274.16
149,147,2,debt,477.21
89,83,6,existence,258.38
17,7,10,payment,51.32
78,68,10,payment,168.48
32,23,9,payment,75.6
9,8,1,payment,34.68
66,57,9,payment,160.12
25,9,16,payment,59.28
87,3,84,existence,129.48
74,72,2,debt,197.16
152,114,38,payment,427.23
128,73,55,payment,395.61
86,73,13,existence,259.95
74,59,15,debt,232.6
48,15,33,existence,133.68
2,1,1,existence,5.05
121,109,12,payment,432.7
38,36,2,debt,155.93
117,52,65,debt,229.35
85,17,68,debt,182.65
124,15,109,payment,196.03
27,6,21,debt,85.75
152,57,95,payment,392.14
1,1,0,existence,3.81
23,19,4,existence,51.98
52,40,12,existence,174.45
47,41,6,existence,118.17
13,12,1,debt,52.36
104,67,37,existence,230.68
71,25,46,existence,126.7
94,66,28,payment,205.89
68,8,60,debt,98.83
149,77,72,debt,430.05
20,20,0,existence,50.83
16,4,12,payment,36.12
58,41,17,existence,187.75
130,55,75,debt,302.83
135,113,22,existence,329.56
42,40,2,debt,115.85
60,8,52,existence,145.08
61,8,53,debt,103.83
121,9,112,debt,196.31
26,22,4,existence,58.08
127,23,104,existence,276.26
57,49,8,debt,172.84
59,45,14,existence,162.66
136,118,18,payment,379.53
67,54,13,debt,245.05
85,75,10,debt,283.23
69,51,18,debt,208.63
19,10,9,existence,48.82
93,16,77,debt,217.66
142,32,110,existence,259.97
45,34,11,payment,115.91
4,4,0,payment,22.82
29,25,4,payment,99.53
115,103,12,payment,402.26
113,90,23,debt,397.06
34,9,25,debt,103.33
59,40,19,payment,192.2
116,93,23,payment,307.73
111,105,6,existence,372.58
2,1,1,debt,22.49
10,5,5,payment,26.42
100,58,42,payment,317.91
52,46,6,payment,135.74
70,12,58,payment,129.1
100,61,39,debt,290.49
134,54,80,debt,348.46
100,43,57,existence,293.08
56,35,21,existence,154.8
49,1,48,existence,108.89
118,116,2,existence,269.74
56,26,30,existence,137.47
8,8,0,payment,38.33
77,42,35,debt,246.05
105,29,76,payment,229.65
65,21,44,existence,119.5
115,107,8,existence,359.6
147,145,2,debt,533.83
33,20,13,payment,97.33
95,31,64,payment,273.37
55,4,51,debt,166.33
132,128,4,debt,318.63
55,15,40,payment,104.93
156,47,109,payment,233.2
8,3,5,existence,19.59
95,71,24,debt,219.02
139,117,22,debt,368.97
132,125,7,debt,311.47
79,40,39,debt,211.87
118,78,40,debt,273.87
152,152,0,debt,352.05
4,4,0,payment,30.08
47,15,32,debt,110.69
59,42,17,debt,120.44
11,6,5,debt,47.77
150,48,102,payment,331.53
87,4,83,existence,118.24
79,63,16,debt,237.39
63,22,41,debt,169.6
149,122,27,debt,535.73
41,34,7,payment,118
14,13,1,payment,54.95
131,129,2,payment,371.64
95,55,40,payment,172.56
13,8,5,payment,54.61
3,3,0,debt,16.5
42,23,19,debt,82.53
88,8,80,existence,144.12
29,27,2,payment,79.23
35,13,22,debt,101.87
76,76,0,existence,174.93
18,9,9,debt,47.66
136,95,41,debt,364.66
2,1,1,debt,34.45
14,7,7,payment,49.33
65,52,13,existence,223.96
58,6,52,existence,118.11
96,28,68,existence,171.77
107,3,104,existence,167.62
50,34,16,debt,173.01
39,15,24,debt,116.49
117,28,89,existence,169.21
80,23,57,existence,211.83
155,39,116,existence,288.66
18,10,8,debt,60.78
95,76,19,existence,279.96
124,114,10,debt,361.27
26,25,1,payment,78.7
27,7,20,payment,78.75
77,40,37,existence,240.43
23,21,2,payment,91.28
154,112,42,debt,443.39
96,18,78,debt,264.09
13,9,4,payment,38.72
81,76,5,payment,222.85
42,12,30,debt,94.76
34,33,1,debt,99.97
104,88,16,payment,256.82
142,63,79,debt,358.32
80,19,61,debt,177.36
138,47,91,payment,272.81
87,4,83,existence,205.42
134,117,17,payment,435.56
47,21,26,existence,107.6
91,36,55,payment,147.99
129,32,97,debt,255.35
124,60,64,payment,265.15
55,22,33,payment,112.3
155,146,9,payment,403.18
102,73,29,debt,247.67
144,72,72,payment,435.42
117,7,110,existence,296.74
144,113,31,existence,449.93
143,117,26,existence,315.63
94,15,79,debt,166.67
11,9,2,payment,37.57
85,42,43,debt,244.51
31,2,29,payment,66.6
127,12,115,debt,311.28
132,118,14,existence,408.09
76,40,36,payment,159.65
35,3,32,payment,60.5
64,19,45,existence,123.41
125,15,110,debt,297.67
113,47,66,existence,233.34
98,92,6,debt,279.04
68,49,19,payment,175.87
147,67,80,payment,286.98
61,2,59,existence,95.45
54,18,36,debt,121.43
120,28,92,existence,277.91
145,96,49,payment,435.12
39,13,26,existence,61.81
76,25,51,existence,144.23
75,15,60,payment,210.14
155,2,153,existence,253.89
55,23,32,debt,172.32
86,30,56,existence,229.08
10,4,6,payment,34.25
125,24,101,payment,216.74
145,99,46,debt,402.91
7,2,5,existence,16.03
156,17,139,existence,212.58
132,29,103,existence,332.62
124,84,40,payment,374.8
147,83,64,existence,384.98
87,71,16,debt,219.68
88,66,22,existence,305.13
67,18,49,debt,170.45
43,12,31,payment,113.25
83,35,48,debt,200.86
129,106,23,existence,378.57
90,6,84,existence,224.06
114,73,41,debt,342.51
47,35,12,debt,105.89
45,5,40,debt,118.81
153,52,101,debt,437.72
4,2,2,existence,10.44
75,65,10,payment,190.52
51,12,39,payment,96.55
121,70,51,existence,313.45
43,31,12,payment,89.78
36,5,31,debt,98.4
121,20,101,payment,225.14
87,8,79,debt,200.38
96,75,21,debt,257.12
134,60,74,payment,391.79
37,11,26,payment,86.51
66,38,28,existence,218.59
118,62,56,payment,280.79
102,41,61,debt,271.64
48,23,25,debt,137.49
145,82,63,existence,417.62
83,26,57,existence,196.32
128,38,90,payment,345.52
132,85,47,existence,378.72
35,27,8,existence,96.63
133,101,32,existence,325.59
71,49,22,payment,179.06
6,1,5,payment,21.18
48,34,14,existence,153.68
131,127,4,existence,415.94
84,1,83,debt,202.33
97,68,29,debt,253.36
42,20,22,payment,135.48
142,62,80,existence,411.37
113,56,57,debt,322.7
110,7,103,payment,266.94
60,12,48,debt,119.1
149,95,54,debt,424.14
40,2,38,debt,72.82
101,19,82,payment,185.15
109,58,51,debt,319.01
7,6,1,debt,35.64
6,3,3,existence,12.8
143,28,115,existence,324.34
52,48,4,existence,179.87
126,110,16,existence,263.9
58,36,22,payment,207.1
124,43,81,payment,297.58
40,33,7,existence,86.29
143,21,122,payment,347.81
81,38,43,payment,195.85
127,95,32,debt,464.66
131,51,80,debt,331.84
105,90,15,payment,257.34
114,91,23,payment,258.89
153,125,28,payment,362.02
73,26,47,payment,196.13
81,23,58,payment,132.6
148,19,129,existence,253.42
141,70,71,payment,448.94
74,58,16,payment,215.32
105,22,83,payment,297.1
73,49,24,existence,217.92
126,109,17,payment,393.32
114,94,20,debt,278.97
124,4,120,existence,287.89
11,4,7,existence,26.38
70,63,7,existence,237.26
145,37,108,debt,267.16
59,49,10,existence,132.75
157,64,93,existence,416.74
3,1,2,existence,5.44
117,82,35,existence,299.68
103,81,22,debt,280.21
50,43,7,debt,133.96
121,92,29,payment,278.26
71,65,6,payment,226.02
102,56,46,payment,244.15
151,12,139,debt,301.35
140,36,104,existence,207.1
145,100,45,payment,464.76
11,7,4,debt,38.4
58,56,2,existence,130.21
20,1,19,debt,46.67
107,32,75,existence,255.01
48,37,11,existence,147.96
9,2,7,existence,23.98
139,16,123,existence,235.59
30,3,27,payment,49.81
93,82,11,existence,249.48
102,48,54,payment,316.96
81,64,17,debt,269.73
125,44,81,existence,186.82
12,5,7,existence,33
44,39,5,existence,93.45
97,20,77,payment,184.57
72,36,36,payment,187.46
29,22,7,payment,68.89
152,24,128,debt,355.93
103,26,77,debt,251.94
81,29,52,payment,200.71
84,52,32,existence,173.07
147,46,101,payment,279.47
72,31,41,existence,151.01
2,1,1,payment,11.12
24,20,4,debt,86.52
152,60,92,existence,413.84
21,12,9,debt,65.03
86,83,3,existence,168.77
82,15,67,debt,156.49
11,8,3,debt,44.44
36,28,8,debt,110.01
52,26,26,existence,165.66
7,5,2,existence,23.33
48,40,8,debt,159.74
70,45,25,debt,190.23
57,46,11,existence,133.96
52,29,23,existence,118.25
50,29,21,payment,109.56
133,62,71,payment,296.25
81,8,73,debt,221.59
77,15,62,existence,168.35
110,79,31,debt,300.76
44,22,22,payment,95.04
46,24,22,debt,92.44
59,8,51,payment,157.66
112,75,37,payment,312.12
1,1,0,payment,11.33
92,35,57,existence,235.65
17,4,13,existence,40.01
10,7,3,debt,46.71
72,19,53,debt,174.17
11,4,7,debt,45.24
64,61,3,debt,210.72
73,67,6,debt,251.33
22,16,6,payment,62.19
62,4,58,payment,120.81
92,69,23,debt,257.83
107,14,93,payment,194.71
20,5,15,payment,62.99
83,6,77,payment,134.04
63,51,12,existence,174.05
80,37,43,debt,194.6
47,21,26,existence,119.76
76,36,40,debt,192.93
39,4,35,payment,79.95
68,4,64,debt,119.79
85,53,32,debt,280.56
71,53,18,debt,242.5
83,72,11,debt,192.63
39,26,13,existence,83.11
86,9,77,existence,129.18
47,11,36,payment,81.46
55,51,4,existence,136.4
5,1,4,debt,19.5
126,87,39,existence,387.08
119,86,33,existence,269.56
92,48,44,debt,258.29
107,40,67,debt,272.08
49,16,33,existence,129.99
131,93,38,existence,259.95
18,10,8,debt,66.52
111,43,68,payment,336.22
29,17,12,debt,102.49
125,110,15,debt,465.84
46,45,1,payment,128.27
149,99,50,existence,456.11
134,5,129,existence,173.37
13,1,12,payment,33.17
111,7,104,payment,173.02
133,17,116,debt,265.27
37,11,26,debt,121.33
88,83,5,debt,242.61
137,40,97,existence,350.63
77,12,65,debt,199.73
21,2,19,payment,61.99
110,62,48,debt,210.91
74,30,44,payment,169.33
155,150,5,payment,398.5
135,105,30,existence,297.71
113,19,94,debt,279.08
53,50,3,debt,159.86
31,30,1,payment,90.29
122,73,49,existence,334.25
65,26,39,payment,185.75
45,27,18,debt,111.11
70,47,23,payment,172.84
110,18,92,existence,230.34
110,34,76,existence,237.39
46,21,25,existence,126.7
79,43,36,debt,192.35
46,39,7,existence,124.67
88,50,38,existence,196.02
32,8,24,debt,108.85
5,1,4,debt,29.15
55,22,33,debt,162.27
132,39,93,payment,327.51
51,24,27,debt,145.01
26,21,5,existence,73.35
31,3,28,existence,74.66
120,4,116,payment,307.87
67,26,41,payment,196.28
136,92,44,debt,430.21
127,83,44,existence,304.4
1,1,0,payment,12.79
31,24,7,debt,96.84
154,26,128,existence,332.14
111,53,58,payment,212.58
83,2,81,debt,150.62
100,53,47,payment,318.46
27,20,7,payment,83.84
62,7,55,existence,103.91
77,3,74,debt,104.43
142,116,26,debt,329.33
138,68,70,payment,270.12
71,68,3,payment,228.67
104,90,14,existence,242.81
43,28,15,debt,96.71
68,51,17,payment,205.88
80,57,23,payment,203.07
28,9,19,debt,72.48
36,32,4,debt,143.08
73,67,6,payment,224.94
80,64,16,payment,217.31
70,62,8,existence,243.61
33,25,8,debt,126.76
22,4,18,debt,82.81
88,9,79,existence,175.29
70,7,63,existence,173.91
74,3,71,existence,103.98
117,7,110,debt,217.13
6,3,3,existence,14.51
97,73,24,existence,240.66
120,103,17,payment,366.64
26,3,23,payment,64.27
8,4,4,debt,35.59
56,52,4,payment,196.12
69,54,15,existence,119.19
103,55,48,payment,274.52
57,4,53,existence,94.86
34,27,7,debt,82.1
121,12,109,payment,217.27
148,108,40,debt,355.32
63,48,15,debt,222.34
2,1,1,debt,13.17
51,26,25,debt,116.14
81,58,23,existence,158.07
68,22,46,payment,128.02
14,7,7,existence,29.56
118,18,100,debt,326.25
27,5,22,payment,72.44
33,20,13,payment,104.47
54,2,52,debt,88.72
119,9,110,payment,183.6
30,18,12,existence,66.48
22,3,19,debt,76.67
123,76,47,existence,381.94
91,72,19,existence,184.94
53,23,30,existence,148.19
33,13,20,payment,90.39
40,10,30,debt,68.29
58,6,52,payment,120.05
95,49,46,payment,266.35
121,62,59,debt,233.89
51,28,23,existence,162.21
73,61,12,debt,188.6
10,2,8,existence,23.41
148,110,38,debt,488.11
65,7,58,existence,131.03
82,31,51,payment,192.91
50,3,47,payment,78.52
64,44,20,existence,189.62
91,10,81,existence,144.71
140,38,102,existence,363.01
95,59,36,debt,178.76
151,45,106,payment,378.81
114,73,41,existence,268.51
128,105,23,existence,329.94
29,11,18,existence,51.25
84,61,23,debt,269.29
75,25,50,payment,183.23
120,72,48,debt,267.74
67,9,58,existence,123.41
87,65,22,debt,265.84
126,41,85,debt,226.85
33,20,13,debt,97.24
41,6,35,existence,72.4
98,39,59,debt,282.8
20,7,13,debt,73.86
24,5,19,debt,69.38
51,24,27,payment,110.92
19,13,6,payment,48.43
130,10,120,existence,227.3
45,23,22,existence,96.88
75,38,37,debt,233.4
139,91,48,existence,333.88
82,43,39,existence,164.01
64,56,8,debt,163.26
150,124,26,payment,385.26
59,52,7,payment,203.23
91,60,31,debt,229.05
22,16,6,debt,79.29
72,67,5,payment,173.96
118,6,112,payment,166.46
57,48,9,payment,142.48
54,28,26,payment,135.93
62,7,55,payment,105.13
77,56,21,debt,235.7
27,13,14,existence,57.95
102,73,29,existence,236.99
148,87,61,existence,351.18
54,20,34,payment,134.47
47,12,35,payment,93.59
41,17,24,existence,97.98
79,26,53,debt,153.05
122,67,55,existence,252.73
36,10,26,debt,73.47
34,26,8,existence,104.61
97,18,79,existence,159.81
78,52,26,debt,174.25
5,3,2,existence,10.37
153,54,99,debt,286.55
85,23,62,existence,239.97
50,20,30,payment,135.33
60,48,12,existence,158.65
18,8,10,payment,44.38
143,83,60,payment,397.13
10,1,9,payment,26.32
137,49,88,debt,321.3
1,1,0,existence,2.91
110,83,27,payment,338.48
57,43,14,payment,148.74
14,13,1,payment,65.71
147,50,97,payment,331.09
71,34,37,existence,157.98
90,12,78,debt,259.76
65,8,57,existence,133.23
65,14,51,existence,85.84
66,56,10,debt,174.97
1,1,0,existence,2.95
58,51,7,debt,151.85
92,49,43,payment,262.01
23,17,6,payment,74.73
2,1,1,debt,11.79
20,1,19,existence,34.06
66,13,53,debt,168.17
133,28,105,payment,316.22
34,26,8,debt,90.04
17,14,3,debt,70.22
10,2,8,payment,39.93
140,95,45,debt,313.12
42,24,18,payment,104.97
139,87,52,existence,411.18
107,36,71,debt,195.29
118,111,7,existence,426.15
8,8,0,payment,37.41
35,29,6,debt,107.52
116,32,84,existence,247.98
110,50,60,payment,317.71
67,26,41,payment,146.58
138,39,99,debt,362.12
57,17,40,payment,102.04
117,22,95,debt,189.55
115,82,33,payment,225.92
122,26,96,debt,210.68
35,19,16,debt,118.98
151,118,33,payment,491.22
11,3,8,payment,37.83
55,34,21,debt,202.15
76,29,47,payment,203.84
27,9,18,existence,77.48
86,36,50,debt,285.48
80,59,21,payment,209.28
93,42,51,payment,207.99
146,131,15,payment,433.51
11,10,1,debt,62.52
61,29,32,existence,123.89
106,98,8,payment,311.35
55,22,33,payment,120.29
69,41,28,existence,160.98
104,52,52,payment,338.34
67,53,14,existence,235.24
52,34,18,payment,124.37
37,31,6,payment,126.92
128,66,62,existence,217.75
2,1,1,payment,10.3
133,74,59,payment,320.19
116,28,88,existence,244.87
125,26,99,payment,309.43
7,2,5,payment,26.69
16,2,14,debt,37.65
88,54,34,payment,269.85
33,26,7,payment,99.92
140,131,9,debt,443.92
78,70,8,payment,215.41
22,22,0,existence,60.93
6,3,3,existence,9.74
101,101,0,existence,286.39
104,16,88,debt,211.98
66,17,49,payment,177.42
38,6,32,payment,91.08
70,30,40,payment,174
13,11,2,payment,44.34
37,23,14,payment,105.05
14,11,3,existence,37.6
110,103,7,debt,374.22
65,31,34,payment,132.2
107,99,8,debt,346.82
100,67,33,payment,279.65
96,59,37,payment,201.26
38,2,36,payment,72.61
96,50,46,payment,278.94
19,18,1,existence,52.68
45,24,21,payment,91.81
99,34,65,existence,173.64
13,12,1,existence,38.07
55,32,23,payment,119.35
73,41,32,debt,200.7
73,6,67,debt,126.39
47,9,38,payment,108.54
119,83,36,existence,313.12
114,88,26,existence,261.77
80,78,2,existence,264.9
75,65,10,existence,218.13
137,56,81,payment,377.44
120,76,44,debt,273.58
70,45,25,payment,164.45
2,2,0,payment,22.85
9,5,4,existence,23.44
100,70,30,debt,286.85
83,50,33,payment,267.49
99,98,1,existence,213.73
134,38,96,existence,296.55
44,20,24,payment,101.86
30,17,13,debt,83.67
131,14,117,debt,243.37
93,72,21,debt,311.74
31,9,22,payment,57.81
136,50,86,payment,228.15
84,6,78,existence,188.66
47,41,6,existence,132.29
143,36,107,payment,271.82
120,11,109,existence,223.55
20,14,6,existence,45.81
129,57,72,debt,273.63
129,32,97,payment,360.43
31,5,26,existence,45.62
150,107,43,payment,354.89
142,13,129,debt,315.7
86,3,83,debt,139.4
97,45,52,existence,235.37
34,27,7,existence,87.5
88,31,57,debt,221.44
19,15,4,payment,57.29
14,2,12,payment,42.99
148,44,104,debt,357.65
57,41,16,debt,172.37
68,25,43,existence,165.46
7,3,4,existence,19.12
138,29,109,existence,362.07
39,38,1,existence,90.94
138,84,54,debt,324.23
89,45,44,debt,252.99
70,43,27,debt,184.65
13,1,12,payment,41.98
99,66,33,debt,306.55
151,148,3,debt,449.25
108,108,0,debt,347.12
102,31,71,existence,157.95
145,55,90,debt,290
2,2,0,existence,5.96
59,35,24,payment,133.34
128,10,118,debt,351.13
151,56,95,existence,277.32
83,56,27,payment,227.79
59,40,19,debt,179.76
56,21,35,payment,158.8
44,14,30,debt,112.69
89,21,68,existence,153.84
113,110,3,debt,250.65
52,1,51,existence,72.85
83,54,29,debt,185.58
8,8,0,existence,24
48,15,33,payment,100.92
41,4,37,existence,65.17
49,17,32,payment,92.99
153,45,108,debt,364
90,81,9,debt,320.61
26,18,8,payment,75.01
51,4,47,debt,130.92
71,69,2,existence,225.01
21,21,0,debt,84.5
81,43,38,payment,210.32
59,51,8,payment,151.18
55,7,48,existence,87.09
125,55,70,existence,366.75
49,21,28,existence,134.77
60,3,57,existence,140.93
8,2,6,payment,33.27
9,2,7,payment,30.39
57,11,46,debt,102.44
15,12,3,payment,50.75
103,45,58,existence,165.79
12,6,6,debt,50.67
14,5,9,debt,51.93
111,32,79,debt,188.54
150,82,68,payment,303.55
124,40,84,debt,250.95
117,12,105,debt,278.25
86,34,52,debt,160.38
86,3,83,existence,193.3
107,6,101,existence,244.55
4,2,2,debt,31.8
103,21,82,payment,290.53
119,76,43,payment,266.88
157,130,27,existence,521.51
7,7,0,payment,30.67
16,16,0,payment,49.87
125,85,40,payment,331.38
89,16,73,existence,213.45
132,25,107,existence,239.22
1,1,0,payment,19.02
73,29,44,debt,203.49
96,62,34,existence,240.26
9,8,1,payment,32.51
94,57,37,payment,263.35
57,14,43,debt,119.52
150,87,63,debt,480
117,73,44,debt,344.24
92,77,15,debt,270.46
64,13,51,existence,141.32
82,32,50,debt,181.79
86,18,68,debt,147.85
134,14,120,debt,372.13
3,2,1,payment,16.55
143,137,6,payment,385.84
43,1,42,payment,79.92
104,7,97,existence,181.63
49,9,40,payment,121.4
22,15,7,existence,46.36
142,3,139,payment,368.05
10,9,1,debt,35.71
150,36,114,payment,263.38
8,8,0,debt,39.1
64,56,8,existence,201.69
128,72,56,existence,358.7
78,48,30,payment,199.78
145,96,49,debt,359.73
8,4,4,payment,19.51
90,74,16,debt,273.42
78,10,68,debt,148.72
45,29,16,debt,108.6
128,111,17,payment,346.48
47,46,1,debt,132.65
92,73,19,payment,254.95
54,31,23,existence,162.79
154,72,82,debt,326.65
25,16,9,debt,76.74
114,96,18,payment,312.92
31,23,8,existence,107.74
54,49,5,payment,117.25
104,40,64,existence,232.97
68,38,30,payment,156.02
50,2,48,debt,80.08
151,52,99,debt,254.53
15,2,13,payment,26.04
20,2,18,debt,51.05
155,98,57,debt,433.06
147,145,2,existence,416.68
72,16,56,existence,170.82
89,37,52,existence,199.39
48,22,26,existence,102.9
61,46,15,payment,151.53
154,104,50,existence,518.28
58,50,8,payment,186.84
24,3,21,debt,73.89
46,14,32,debt,115.52
140,73,67,payment,323.58
63,38,25,existence,167.7
50,35,15,existence,153.55
49,46,3,existence,131.39
13,6,7,payment,36.46
68,15,53,payment,166.63
134,128,6,existence,326.28
94,6,88,payment,155.52
130,99,31,payment,376.47
157,66,91,payment,262.99
75,29,46,payment,215.29
85,17,68,payment,193.32
16,10,6,payment,59.7
87,8,79,payment,121.21
140,36,104,existence,340.02
6,2,4,payment,20.31
7,7,0,debt,31.53
46,18,28,debt,117.93
20,3,17,existence,30.88
96,46,50,existence,252.61
18,3,15,debt,51.74
102,71,31,payment,227.38
57,2,55,debt,145.38
150,134,16,payment,379.1
40,26,14,payment,135.24
13,7,6,debt,49.08
36,22,14,existence,101.2
33,14,19,payment,103.4
21,4,17,existence,52.26
8,4,4,payment,30.81
119,38,81,existence,280.77
17,5,12,payment,47.22
119,76,43,debt,358.91
5,2,3,payment,28
93,29,64,debt,248.49
155,39,116,payment,377.28
25,5,20,debt,67.39
107,42,65,payment,228.14
100,78,22,debt,352.03
74,42,32,existence,155
43,9,34,payment,111.42
42,27,15,payment,109.34
123,42,81,debt,337.45
43,11,32,debt,118.25
31,18,13,existence,83.11
94,64,30,payment,316.43
46,14,32,debt,93.07
98,65,33,debt,261.55
63,36,27,debt,123.29
103,57,46,payment,330.72
153,119,34,payment,506.39
97,22,75,existence,174.73
91,62,29,existence,251.45
129,1,128,existence,180.69
112,84,28,debt,290.73
19,11,8,existence,58.11
91,59,32,existence,186.08
42,10,32,payment,106.78
127,46,81,debt,227.67
74,54,20,payment,192.39
129,20,109,existence,305.8
73,73,0,payment,160.89
83,6,77,payment,130.25
153,13,140,payment,343.45
27,17,10,existence,75.8
15,2,13,payment,36.62
99,72,27,debt,335.21
13,10,3,debt,51.39
114,74,40,existence,223.36
40,33,7,payment,127.51
153,101,52,existence,428.3
82,16,66,payment,232.24
58,49,9,payment,166.54
53,5,48,payment,124.91
51,5,46,debt,102.93
7,7,0,payment,32.09
10,7,3,debt,31.14
15,4,11,payment,30.59
106,50,56,payment,259.08
76,56,20,debt,248.73
123,99,24,debt,386.64
110,106,4,debt,368.97
129,128,1,existence,455.5
25,14,11,payment,96.41
130,123,7,debt,342.56
38,25,13,payment,123.97
46,10,36,debt,133.04
116,50,66,debt,208.37
41,23,18,debt,130.48
36,6,30,payment,84.28
22,10,12,payment,64.13
37,9,28,payment,108.15
46,10,36,existence,95.68
34,4,30,debt,80.81
111,10,101,existence,148.97
130,39,91,existence,264.81
71,22,49,debt,212.23
109,6,103,payment,235.82
102,99,3,existence,255.35
66,1,65,payment,111.14
41,13,28,existence,80.64
77,54,23,existence,158.35
104,88,16,debt,360.31
42,42,0,existence,101.23
33,8,25,debt,80.07
114,90,24,existence,334.23
83,30,53,payment,182.43
54,51,3,payment,197.52
43,18,25,debt,112.55
48,43,5,debt,184.38
109,101,8,debt,304.92
64,14,50,debt,188.32
36,36,0,existence,116.72
63,16,47,debt,128.28
137,25,112,existence,359.83
99,7,92,debt,167.49
124,32,92,existence,185.37
20,12,8,existence,55.12
57,28,29,payment,171.08
80,52,28,payment,223.75
136,90,46,payment,367.09
25,13,12,debt,84.8
14,4,10,payment,46.31
22,1,21,existence,35.36
134,90,44,debt,383.14
140,107,33,debt,457.49
66,30,36,payment,151.42
96,1,95,existence,192.39
71,24,47,debt,181.99
121,61,60,existence,279.59
142,125,17,existence,492.12
75,31,44,debt,151.4
113,2,111,debt,250.98
132,97,35,debt,327.54
132,50,82,existence,263.31
126,16,110,existence,297.76
68,32,36,existence,108.59
52,17,35,payment,132.41
113,52,61,payment,312.58
87,72,15,payment,203.2
102,2,100,existence,224.18
118,46,72,payment,314.6
86,72,14,payment,244.77
97,2,95,payment,221.58
36,32,4,payment,128.72
13,6,7,payment,55.43
32,18,14,debt,83.49
121,62,59,payment,228.95
101,81,20,existence,277.15
132,114,18,existence,303.73
11,11,0,payment,44.59
55,33,22,payment,134.87
90,8,82,existence,148.01
120,37,83,existence,285.16
74,19,55,payment,207.16
87,49,38,payment,246.25
2,2,0,payment,15.27
52,6,46,payment,75.86
91,15,76,existence,202.97
89,83,6,existence,216.09
152,78,74,payment,398.55
31,29,2,existence,91.46
107,15,92,existence,212.28
76,70,6,debt,185.69
15,15,0,payment,60.02
22,4,18,debt,58.1
81,43,38,payment,250.87
74,2,72,debt,141.51
116,35,81,payment,322.04
3,1,2,debt,22.66
81,58,23,payment,279.07
21,18,3,debt,77.22
79,21,58,payment,180.61
26,25,1,payment,81.14
100,89,11,existence,275.16
125,120,5,payment,321.78
85,22,63,payment,200.02
37,15,22,debt,105
127,17,110,debt,230.75
66,29,37,debt,146.93
8,7,1,existence,27.52
25,22,3,debt,76.38
79,18,61,payment,174.27
22,9,13,existence,44.05
37,10,27,existence,61.9
101,75,26,existence,279.35
6,3,3,existence,14.37
89,81,8,payment,272.28
77,2,75,debt,204.31
57,37,20,payment,150.43
40,33,7,debt,104.14
98,62,36,existence,201.8
126,70,56,existence,385.34
95,15,80,existence,229.06
13,12,1,payment,46.7
66,61,5,existence,172.91
116,53,63,existence,343.06
58,39,19,payment,166.69
136,81,55,debt,272.09
86,41,45,payment,203.42
156,21,135,existence,368.02
32,7,25,existence,53.54
37,36,1,existence,107.24
81,38,43,existence,195.94
88,11,77,debt,223.62
122,20,102,debt,191.45
90,33,57,existence,177.13
152,106,46,payment,435.01
22,13,9,debt,57.82
123,36,87,debt,259
105,21,84,debt,283.1
19,13,6,payment,66.96
124,49,75,payment,298.74
80,16,64,debt,146.46
148,23,125,debt,237.36
91,87,4,existence,228.53
19,10,9,existence,47.52
27,8,19,payment,69.34
87,79,8,payment,202.27
83,54,29,payment,216.27
112,88,24,payment,258.77
38,28,10,payment,113.56
88,37,51,payment,163.49
112,99,13,existence,234.16
120,60,60,debt,388.33
102,49,53,debt,180.47
74,53,21,payment,154.46
53,48,5,debt,157.43
131,21,110,payment,218.97
23,8,15,payment,64.21
84,39,45,payment,255.01
60,27,33,debt,194.66
99,68,31,debt,283.65
3,3,0,payment,26.25
125,21,104,payment,237.33
24,22,2,payment,75.73
109,71,38,existence,294.15
92,42,50,payment,183.74
78,31,47,debt,155.15
3,1,2,existence,5.2
48,29,19,existence,88.93
156,107,49,existence,376.05
39,23,16,existence,82.45
111,14,97,payment,156.79
59,46,13,existence,116.1
24,20,4,payment,92.37
13,10,3,existence,38.91
118,56,62,existence,333.38
87,54,33,debt,222.42
78,50,28,existence,160.01
115,60,55,existence,274.29
50,33,17,payment,179.67
129,92,37,payment,370.11
114,65,49,debt,334.06
51,3,48,existence,65.36
57,44,13,debt,172.81
64,31,33,debt,171.63
120,98,22,payment,393.7
48,33,15,debt,146.56
22,22,0,payment,73
129,95,34,debt,437.1
111,7,104,payment,295.11
80,71,9,payment,223.49
46,35,11,debt,132.19
100,41,59,payment,248.7
27,12,15,payment,71.44
71,61,10,payment,245.65
90,75,15,payment,305.82
140,122,18,debt,453.25
139,93,46,existence,359.5
8,4,4,debt,49.87
34,31,3,debt,99.87
45,3,42,debt,97.52
80,24,56,debt,164.34
108,44,64,payment,222.75
7,7,0,payment,36.9
139,58,81,payment,296.34
76,36,40,debt,180.93
126,63,63,debt,365.76
97,22,75,existence,211.81
34,28,6,existence,101.68
118,59,59,debt,343.12
139,68,71,debt,378.55
34,18,16,existence,70.6
106,6,100,existence,183.65
30,1,29,payment,88.91
95,58,37,payment,199.28
120,31,89,existence,202.01
135,78,57,payment,293.83
122,4,118,payment,266.16
46,40,6,existence,107.63
129,60,69,payment,364.63
47,13,34,payment,100.57
78,77,1,debt,280.64
74,63,11,payment,228.91
106,68,38,debt,331.37
34,7,27,debt,82.66
80,80,0,payment,273.46
84,81,3,debt,252.27
81,61,20,existence,228.4
72,43,29,debt,222.26
93,37,56,payment,254.61
80,17,63,payment,165.6
59,30,29,debt,188.73
82,11,71,existence,182.86
89,14,75,debt,206.38
157,143,14,debt,445.29
56,3,53,debt,107.92
27,23,4,payment,81.83
9,8,1,debt,49.01
71,49,22,existence,182.24
71,47,24,existence,169.83
105,51,54,existence,207.71
17,11,6,existence,43.93
3,1,2,payment,17.64
36,9,27,existence,73.94
41,1,40,debt,84.52
118,114,4,payment,394.65
10,10,0,payment,30.72
149,17,132,existence,331.43
110,16,94,existence,180.82
84,79,5,existence,164.97
3,3,0,existence,8.7
33,24,9,payment,100.19
115,16,99,payment,284.55
2,1,1,debt,29.19
146,43,103,payment,226.91
120,57,63,debt,339.25
143,51,92,payment,215.86
44,16,28,existence,110.94
1,1,0,debt,25.22
94,1,93,payment,129.86
82,9,73,debt,148.56
119,109,10,payment,322.66
94,33,61,debt,295.29
11,11,0,debt,50.48
41,8,33,existence,72.37
143,122,21,payment,386.52
128,125,3,debt,481.67
8,8,0,existence,26.13
156,103,53,payment,390.71
103,32,71,debt,251.43
108,84,24,existence,323.84
107,29,78,debt,277.5
76,41,35,existence,145.96
118,22,96,payment,278.01
34,18,16,existence,64.89
36,1,35,payment,60.93
88,51,37,payment,214.17
120,12,108,existence,249.88
37,23,14,existence,77.11
108,13,95,debt,205.94
2,1,1,payment,14.8
17,2,15,existence,39.63
150,2,148,debt,309.91
38,34,4,payment,123.28
60,28,32,payment,120.65
75,5,70,payment,121.76
40,36,4,existence,122.52
139,126,13,existence,302.22
22,1,21,existence,32.26
23,17,6,debt,85.56
91,76,15,payment,201.56
69,22,47,debt,211.22
59,19,40,debt,189.35
155,92,63,existence,442.82
35,20,15,payment,98.7
71,22,49,debt,134.54
96,80,16,payment,312.41
90,21,69,debt,141.39
15,11,4,debt,65.61
62,41,21,payment,143.99
48,29,19,payment,101.81
124,64,60,debt,241.09
36,28,8,existence,86.77
37,21,16,payment,80.53
92,12,80,debt,227
31,27,4,debt,123.09
114,49,65,payment,242.22
38,32,6,payment,131.82
99,54,45,debt,276.13
9,5,4,payment,34.17
146,32,114,debt,376.52
75,9,66,payment,118.92
99,80,19,existence,276.52
64,60,4,payment,176.55
134,66,68,debt,350.74
58,3,55,payment,103.81
112,41,71,debt,323.91
93,36,57,debt,265.44
122,117,5,debt,282.5
149,11,138,payment,326.31
30,2,28,payment,73.32
42,2,40,existence,89.96
78,52,26,payment,219.69
152,55,97,payment,265.63
86,2,84,payment,217.05
122,7,115,existence,311.63
57,30,27,debt,151.38
1,1,0,existence,2.51
111,24,87,payment,219.84
53,28,25,debt,128.3
14,12,2,existence,46.38
73,12,61,payment,177.34
138,20,118,payment,307.77
114,24,90,existence,181.21
98,70,28,payment,185.04
150,101,49,existence,388.18
114,87,27,existence,328.9
39,2,37,payment,55.53
154,13,141,debt,339.49
125,6,119,debt,303.48
6,5,1,existence,18.06
103,102,1,debt,371.07
96,88,8,existence,351.42
130,67,63,debt,359.25
79,6,73,debt,139.24
115,22,93,payment,277.71
63,40,23,payment,131.53
53,1,52,existence,109.26
141,87,54,existence,379.56
133,95,38,payment,348.07
124,20,104,debt,213.72
74,9,65,debt,196.46
3,1,2,existence,6.63
43,12,31,payment,92.31
40,24,16,existence,106.14
76,73,3,existence,164.84
83,49,34,debt,204.87
115,70,45,payment,270.85
57,49,8,existence,189.58
68,16,52,payment,176.71
55,24,31,existence,126.44
125,46,79,debt,291.3
120,33,87,debt,301.56
140,85,55,existence,451.42
147,136,11,existence,438.08
69,42,27,payment,152.31
143,64,79,payment,273.56
105,91,14,payment,324.89
79,9,70,payment,165.14
38,15,23,debt,113.2
51,4,47,payment,132.81
40,18,22,debt,102.77
57,11,46,debt,167
150,67,83,debt,299.32
79,78,1,existence,237.14
65,7,58,debt,138.16
111,111,0,existence,256.6
82,35,47,payment,177.11
58,19,39,existence,141.8
130,112,18,payment,333.15
107,35,72,payment,288.88
85,34,51,existence,169.79
46,13,33,debt,127.12
131,103,28,existence,258.71
26,15,11,debt,69.52
86,17,69,existence,121.26
24,1,23,debt,68.48
65,52,13,payment,192.04
78,54,24,payment,164.11
148,63,85,debt,280.65
108,22,86,debt,199.73
92,86,6,existence,229.27
136,9,127,payment,175.89
27,26,1,existence,89.59
110,56,54,debt,259.73
77,58,19,payment,274.79
109,24,85,existence,280.16
8,6,2,existence,25.64
142,105,37,payment,477.76
133,86,47,existence,290.91
51,26,25,existence,98.32
106,77,29,existence,218.98
50,17,33,payment,161.07
61,46,15,debt,197.54
71,27,44,existence,185.35
17,15,2,existence,53.33
144,128,16,payment,466.57
8,7,1,payment,29.85
66,3,63,debt,95.58
45,14,31,payment,81.57
75,75,0,payment,228.37
125,106,19,debt,357.2
21,5,16,payment,55.11
16,7,9,existence,23.85
96,17,79,payment,161.24
7,6,1,debt,45.41
153,89,64,payment,481.17
124,87,37,debt,363.8
20,4,16,payment,65.28
136,43,93,payment,278.88
152,134,18,existence,502.93
25,3,22,existence,32.38
72,14,58,existence,129.99
105,13,92,payment,161.57
115,82,33,existence,356.92
108,4,104,debt,184.51
128,108,20,existence,412.66
5,1,4,payment,21.42
88,30,58,existence,148.01
5,4,1,debt,27.79
97,18,79,existence,218.37
37,4,33,existence,67.21
9,7,2,payment,34.85
72,9,63,existence,171.04
153,5,148,payment,402.61
70,33,37,existence,127.81
78,55,23,existence,232.84
45,36,9,debt,167.94
48,11,37,debt,142.62
77,38,39,existence,167.95
113,73,40,debt,366.88
119,114,5,debt,285.15
64,36,28,existence,146.55
67,12,55,existence,106.36
82,1,81,existence,159.33
130,109,21,payment,313.03
124,71,53,payment,303.61
137,89,48,existence,283.42
144,124,20,existence,270.76
96,8,88,payment,153.99
102,12,90,payment,254.37
111,82,29,debt,313.39
19,4,15,debt,53.48
23,12,11,debt,78.74
36,6,30,existence,75.49
15,15,0,existence,53.77
111,63,48,payment,210.29
22,6,16,payment,67.6
26,15,11,debt,92.04
55,33,22,debt,116.61
45,29,16,existence,141.96
102,29,73,debt,279
125,2,123,debt,189.63
19,17,2,payment,82.08
119,59,60,debt,250.98
93,78,15,debt,227.19
153,151,2,payment,556.08
42,6,36,debt,108.81
49,17,32,payment,86.73
25,16,9,debt,92.07
144,127,17,payment,403.84
92,59,33,debt,210.79
123,38,85,payment,310.73
19,11,8,existence,48.88
59,48,11,payment,124.71
3,3,0,existence,9.34
39,38,1,payment,115.46
72,9,63,payment,168.73
155,9,146,payment,338.17
92,16,76,existence,197.31
20,7,13,debt,61.94
10,10,0,payment,48.79
141,27,114,existence,209.35
129,75,54,existence,251.3
33,12,21,payment,81.58
107,42,65,payment,197.88
62,55,7,existence,159.9
61,9,52,existence,136.51
2,2,0,debt,19.91
4,1,3,payment,16.57
30,25,5,existence,75.91
63,56,7,payment,160.16
115,16,99,existence,196.26
54,33,21,existence,151.41
144,144,0,existence,559.27
5,4,1,debt,31.91
33,18,15,payment,83.6
59,23,36,debt,126.77
144,66,78,existence,225.33
10,4,6,existence,26.09
107,95,12,payment,301.68
100,70,30,payment,256.04
10,6,4,existence,26.22
7,7,0,payment,39.61
142,39,103,debt,226.09
58,51,7,existence,162.71
83,1,82,existence,171.26
57,49,8,payment,223.07
112,86,26,payment,265.35
71,13,58,payment,142.08
99,34,65,payment,240.44
141,119,22,payment,402.68
124,30,94,payment,341.99
134,54,80,payment,345.03
30,25,5,debt,92.95
93,70,23,existence,261.35
70,28,42,debt,167.45
17,12,5,payment,75.39
146,47,99,debt,435.1
147,35,112,existence,280.43
45,30,15,debt,141.06
36,4,32,debt,90.52
35,8,27,debt,91.6
22,4,18,debt,73.24
105,88,17,debt,346.94
16,3,13,debt,49.83
29,1,28,existence,35.81
69,13,56,existence,105.73
138,27,111,existence,191.1
146,99,47,payment,408.05
76,72,4,payment,251.35
119,32,87,existence,221.22
69,2,67,payment,123.55
121,85,36,debt,353.54
102,50,52,payment,290.67
78,16,62,payment,204.28
76,41,35,existence,214.6
122,116,6,existence,361.44
31,28,3,payment,111.9
18,5,13,payment,51.01
45,25,20,payment,113.51
132,105,27,debt,300.52
74,52,22,existence,177.21
93,48,45,debt,219.34
35,2,33,existence,79.24
24,22,2,existence,77.52
77,12,65,existence,110.55
130,73,57,payment,275.5
107,43,64,payment,204.05
142,59,83,existence,300.99
83,36,47,payment,252.93
126,7,119,payment,227.74
150,84,66,existence,454.08
129,71,58,existence,256.88
108,81,27,debt,348.1
32,26,6,debt,106.57
130,12,118,debt,288.12
84,61,23,existence,255.09
40,3,37,existence,77.63
78,55,23,existence,265.97
73,59,14,payment,199.78
43,18,25,debt,130.62
134,54,80,debt,351.74
95,86,9,existence,262.5
38,28,10,payment,97.44
97,46,51,payment,197.5
8,4,4,debt,50.73
146,125,21,debt,400.95
146,88,58,existence,321
68,62,6,existence,146.56
90,47,43,debt,260.54
28,3,25,payment,71.06
5,2,3,payment,21.87
47,14,33,debt,122.32
144,132,12,existence,349.67
68,20,48,debt,195.18
115,35,80,payment,210.71
122,71,51,existence,251.95
124,100,24,debt,409.97
57,27,30,payment,169.65
104,84,20,debt,317.99
119,1,118,payment,164.54
37,34,3,debt,87.7
146,31,115,debt,409.58
141,126,15,debt,386.82
74,68,6,payment,180.43
99,66,33,existence,207.84
93,84,9,existence,249.02
138,27,111,payment,378.13
134,121,13,debt,421.89
149,88,61,payment,427.27
154,73,81,debt,372.94
96,51,45,payment,167.97
124,110,14,payment,334.31
95,39,56,debt,209.41
145,98,47,existence,429.12
145,102,43,payment,333.67
13,10,3,existence,32.51
77,70,7,debt,197.43
85,59,26,debt,235.65
94,61,33,debt,295.36
132,59,73,existence,219.69
44,41,3,debt,133.28
127,66,61,existence,327.36
82,26,56,payment,153.49
28,22,6,existence,60.64
131,18,113,existence,340.51
90,58,32,existence,207.98
5,1,4,existence,7.4
7,4,3,payment,30.65
64,45,19,existence,194.41
155,18,137,existence,352.95
20,6,14,payment,52.08
52,18,34,payment,143.89
34,26,8,payment,108.34
151,133,18,existence,353.65
92,11,81,existence,154.66
12,7,5,existence,24.45
151,140,11,existence,365.36
107,13,94,existence,214.08
101,49,52,payment,174.66
105,43,62,existence,213.95
96,15,81,payment,207.27
7,4,3,existence,19.12
55,37,18,debt,128.02
117,52,65,debt,218.81
50,11,39,payment,117.21
92,34,58,debt,196.53
134,19,115,existence,234.8
153,68,85,payment,340.58
117,88,29,existence,384.73
95,6,89,debt,133.85
40,25,15,existence,101.08
31,23,8,existence,107.83
58,57,1,existence,186.81
55,34,21,payment,175.34
25,2,23,existence,42.16
40,33,7,payment,89.49
128,30,98,existence,338.33
29,6,23,debt,77.67
47,32,15,debt,173.65
85,71,14,payment,174.73
45,13,32,existence,117.98
50,11,39,payment,94.82
98,37,61,payment,292.93
94,59,35,existence,263.68
37,17,20,payment,98.81
75,46,29,payment,168.87
91,19,72,payment,160.58
137,77,60,debt,332.58
56,8,48,existence,83.87
37,36,1,debt,116.06
111,12,99,debt,151.04
65,38,27,debt,148.09
98,73,25,existence,243.23
99,12,87,debt,253.54
57,51,6,debt,203.79
88,24,64,existence,149.73
88,60,28,payment,178.92
104,18,86,existence,208.39
43,5,38,existence,76.49
22,20,2,payment,72.96
114,40,74,debt,309.61
60,58,2,existence,224.57
43,23,20,existence,98.05
144,105,39,payment,375.79
3,2,1,payment,19.31
140,61,79,debt,320.54
65,25,40,payment,119.17
22,18,4,existence,70.32
24,3,21,payment,41.95
17,17,0,existence,52.8
5,2,3,existence,12.2
112,19,93,payment,175.05
49,31,18,payment,143.68
122,101,21,debt,344.85
157,66,91,debt,391.46
114,91,23,payment,286.75
56,18,38,existence,118.27
62,17,45,debt,118.29
10,4,6,payment,31.18
65,6,59,existence,112.42
8,5,3,payment,38.63
146,12,134,debt,301.21
142,83,59,existence,310.65
102,97,5,debt,351.77
126,108,18,payment,397.27
49,36,13,debt,122.4
21,5,16,debt,46.62
32,18,14,debt,106.21
135,64,71,existence,413.33
144,131,13,payment,325.52
104,103,1,debt,365.79
127,45,82,debt,261.08
56,47,9,existence,123.44
72,72,0,existence,178.42
48,12,36,payment,132.77
28,14,14,payment,76.34
125,46,79,existence,235.76
81,37,44,existence,179.77
99,83,16,debt,231.7
48,30,18,payment,142.46
42,21,21,existence,71.52
116,111,5,existence,420.61
90,4,86,payment,149.56
56,2,54,payment,121.48
115,59,56,existence,270.04
140,106,34,payment,396.3
33,25,8,existence,103.76
68,10,58,payment,127.34
103,66,37,payment,278.46
72,58,14,debt,250.84
17,3,14,payment,45.6
157,18,139,existence,258.88
14,4,10,debt,60.3
29,6,23,debt,91.58
122,84,38,existence,328.07
157,63,94,debt,426.03
19,9,10,existence,58.46
100,77,23,payment,247.07
45,20,25,existence,93.16
63,28,35,payment,174.8
40,1,39,existence,93.72
93,10,83,debt,159.91
135,115,20,payment,253.1
73,65,8,existence,183.49
91,91,0,payment,258.71
58,9,49,debt,117.62
111,21,90,debt,204.94
131,115,16,debt,409.02
64,25,39,payment,150.22
110,48,62,debt,314.47
72,63,9,debt,203.42
137,95,42,payment,437.81
121,57,64,payment,248.53
14,6,8,debt,47.94
69,17,52,debt,202.73
154,72,82,debt,303.66
58,18,40,debt,137.01
54,12,42,existence,89.44
135,47,88,payment,376.02
59,35,24,payment,194.88
75,52,23,debt,252.8
65,33,32,payment,161.93
70,22,48,debt,189.9
147,17,130,existence,314.72
125,72,53,payment,400.29
9,3,6,payment,34.68
157,110,47,existence,505.96
13,9,4,debt,65.16
7,1,6,existence,17.88
68,10,58,existence,92.81
16,16,0,payment,47
59,55,4,existence,152.46
70,19,51,payment,140.17
126,60,66,debt,279.39
115,29,86,payment,311.19
9,5,4,debt,47.51
69,4,65,existence,176.04
133,82,51,existence,305.42
95,32,63,debt,263.08
110,87,23,existence,270.34
90,12,78,existence,160.42
72,32,40,debt,212.38
125,55,70,debt,290.92
107,102,5,payment,377.21
12,3,9,payment,43.81
55,54,1,payment,180.73
34,28,6,debt,93.57
102,69,33,existence,202.44
43,6,37,debt,62.94
76,8,68,payment,141.47
28,26,2,existence,58.12
139,134,5,debt,359.06
49,28,21,existence,144
107,35,72,payment,267.28
101,22,79,existence,161.13
106,16,90,debt,181.9
30,16,14,payment,74.37
32,3,29,existence,71.32
14,5,9,debt,49.06
107,48,59,existence,270.57
4,3,1,payment,15.07
37,22,15,existence,80.3
45,15,30,payment,136.83
35,7,28,debt,79.68
55,45,10,debt,165.6
27,13,14,debt,70.72
135,53,82,payment,338.02
98,4,94,debt,178.92
70,28,42,debt,186.19
78,72,6,existence,205.08
37,19,18,payment,104.16
38,23,15,payment,102.24
2,2,0,payment,20.14
19,2,17,debt,59.83
6,4,2,existence,13.06
19,7,12,existence,52.83
82,17,65,payment,141.26
58,8,50,payment,117.44
102,22,80,debt,259.16
135,107,28,existence,367.23
87,42,45,payment,263.31
66,36,30,existence,144.39
96,24,72,debt,234.23
32,9,23,debt,109.7
120,33,87,payment,207.1
45,17,28,debt,116.67
155,64,91,debt,379.5
148,33,115,payment,391.41
2,1,1,debt,32.18
90,56,34,payment,217.38
154,55,99,existence,255.88
154,6,148,payment,345.07
110,3,107,payment,292.76
37,32,5,existence,115.91
5,4,1,debt,32.5
109,74,35,existence,295.79
36,8,28,existence,80.68
23,7,16,existence,42.29
138,85,53,payment,439.02
81,78,3,payment,266.56
61,8,53,debt,103.28
111,44,67,existence,228.92
8,5,3,existence,16.08
40,5,35,debt,83.03
22,1,21,payment,74.64
23,4,19,debt,47.78
29,4,25,payment,72.08
138,82,56,debt,319.12
114,35,79,debt,219.55
98,77,21,existence,205.94
86,54,32,existence,207.51
157,43,114,debt,310.61
141,120,21,existence,433.66
106,24,82,existence,176.04
146,39,107,payment,341.88
140,63,77,debt,401.28
46,17,29,existence,73
121,4,117,payment,307.74
152,78,74,debt,427.79
7,1,6,payment,25.15
53,35,18,payment,145.78
4,1,3,existence,9.35
156,1,155,payment,309.63
152,77,75,debt,376.49
8,7,1,payment,35.33
9,2,7,existence,19.57
43,3,40,debt,95.34
48,7,41,payment,116.62
54,52,2,payment,147.21
9,7,2,existence,23.43
78,60,18,payment,232.67
60,4,56,existence,123.64
39,1,38,existence,53.93
157,114,43,debt,516.94
64,53,11,payment,129.04
25,1,24,existence,52.52
40,15,25,debt,115.58
100,48,52,payment,287.14
117,102,15,existence,261.63
121,86,35,existence,283.56
53,43,10,existence,169.56
22,13,9,existence,41.48
133,36,97,debt,255.06
62,16,46,debt,129.41
149,67,82,existence,316.17
27,21,6,payment,99.2
60,7,53,existence,136.69
17,13,4,debt,74.4
83,26,57,payment,168.43
46,38,8,debt,130.25
40,3,37,existence,67.27
149,53,96,payment,453.43
49,9,40,debt,87.79
132,46,86,debt,376.74
80,80,0,existence,232.15
131,24,107,existence,228.45
14,3,11,debt,35.38
74,34,40,existence,159.66
84,70,14,debt,298.51
109,91,18,debt,415.94
41,38,3,debt,157.84
157,3,154,payment,401.66
60,31,29,debt,179.09
105,46,59,existence,312.5
71,7,64,debt,125.33
69,23,46,existence,135.81
123,23,100,existence,301.84
72,66,6,existence,248.62
75,67,8,debt,227.24
54,30,24,payment,109.43
109,74,35,debt,253.94
33,5,28,existence,57.28
136,11,125,existence,339.13
90,86,4,debt,365.64
2,2,0,existence,7.11
51,11,40,payment,144.81
96,38,58,payment,172.9
34,16,18,debt,119.2
103,19,84,existence,272.34
87,60,27,existence,184.08
71,65,6,existence,226.56
16,8,8,payment,45.18
153,140,13,existence,349.17
141,121,20,payment,441.58
52,51,1,debt,164.55
136,102,34,existence,351.22
143,50,93,debt,296.69
136,128,8,existence,286.41
128,97,31,existence,296.12
101,37,64,debt,303.16
126,44,82,debt,271.61
123,109,14,debt,321.05
13,13,0,existence,32.01
134,82,52,debt,395.61
114,28,86,payment,212.95
128,108,20,debt,398.71
57,39,18,payment,197.58
60,59,1,payment,167.65
146,92,54,debt,364.15
154,147,7,existence,403.49
8,3,5,payment,37.24
55,25,30,existence,88.77
140,81,59,payment,417.02
10,9,1,existence,26.65
138,113,25,payment,353.58
103,45,58,payment,263.69
9,3,6,existence,21.56
31,10,21,existence,74.89
147,144,3,payment,423.96
76,2,74,debt,158.58
74,69,5,debt,274.68
44,7,37,existence,112.14
129,58,71,payment,373.65
97,85,12,debt,284.92
31,12,19,payment,72.19
75,25,50,payment,214.5
142,38,104,debt,231.8
85,76,9,debt,240.76
12,5,7,existence,20.37
52,40,12,payment,181.03
143,123,20,payment,398.59
40,39,1,payment,108.29
134,89,45,existence,299.56
120,83,37,payment,373.76
127,92,35,debt,293.95
67,16,51,existence,134.8
37,32,5,debt,133.88
102,93,9,payment,362.9
148,10,138,debt,353.07
3,2,1,debt,27.39
79,62,17,debt,186.91
97,11,86,debt,157.24
4,1,3,payment,18.39
92,31,61,debt,278.64
155,50,105,existence,421.49
119,67,52,debt,282.42
75,68,7,payment,218.38
123,119,4,payment,366.55
153,36,117,payment,238.31
122,8,114,existence,258.03
54,22,32,payment,131.85
95,73,22,payment,291.65
21,4,17,existence,54.92
15,9,6,payment,39.15
123,15,108,debt,227.83
6,6,0,payment,22.24
116,4,112,debt,220.27
134,23,111,debt,269.53
76,19,57,payment,148.12
38,23,15,payment,109.06
33,19,14,existence,66.07
74,48,26,payment,242.26
38,21,17,existence,107.4
144,37,107,debt,424.09
124,57,67,debt,232.52
97,89,8,debt,243.29
19,13,6,payment,66.11
131,9,122,payment,312.62
15,6,9,debt,71.64
119,54,65,existence,287.32
42,35,7,debt,171.87
101,60,41,debt,280.49
147,11,136,payment,255.1
94,49,45,payment,226.83
107,11,96,existence,181.05
1,1,0,existence,3.18
73,36,37,debt,209.98
151,74,77,debt,285.33
126,111,15,debt,294.4
67,10,57,payment,173.55
15,3,12,debt,47.57
151,40,111,debt,433.9
98,12,86,debt,251.86
58,53,5,existence,204.07
12,9,3,debt,37.15
117,2,115,payment,221.1
84,72,12,debt,284.89
76,39,37,existence,200.47
110,29,81,debt,261.54
146,145,1,existence,364.83
25,6,19,debt,53.78
143,89,54,existence,290.37
24,1,23,debt,57.65
24,22,2,payment,70.44
18,9,9,existence,51.76
36,34,2,debt,99.1
17,8,9,payment,41.58
107,51,56,debt,302.14
86,21,65,payment,186.16
148,74,74,existence,325.43
117,30,87,existence,231.97
7,2,5,payment,26.98
79,16,63,debt,170.62
48,23,25,existence,130.36
16,8,8,debt,48.5
154,80,74,existence,310.7
9,5,4,debt,48.53
24,11,13,payment,85.36
120,57,63,payment,299.04
21,8,13,debt,80.48
111,45,66,payment,217.94
125,70,55,existence,367.78
55,10,45,existence,142.96
153,82,71,existence,396.83
86,31,55,existence,141.59
96,41,55,debt,280.11
129,72,57,debt,373.09
90,53,37,existence,178.03
74,33,41,debt,187.24
61,5,56,payment,137.58
119,29,90,debt,292.08
98,75,23,existence,258.93
84,34,50,debt,212.47
29,9,20,existence,66.94
143,114,29,debt,409.41
71,42,29,debt,244.48
79,49,30,existence,157.62
144,95,49,existence,289.46
150,86,64,debt,314.48
104,39,65,existence,243.95
76,25,51,existence,208.86
45,12,33,payment,86.16
60,54,6,payment,199.61
27,23,4,existence,89.43
37,21,16,payment,126.85
87,66,21,payment,233.45
1,1,0,debt,31.91
88,46,42,existence,171.45
116,107,9,payment,355.72
96,27,69,payment,273.3
135,59,76,payment,261.69
124,123,1,existence,437.39
55,30,25,existence,133.38
151,131,20,payment,368.61
34,30,4,debt,91.05
31,6,25,existence,57.59
128,78,50,debt,269.23
108,30,78,payment,231.31
155,120,35,payment,316.36
148,79,69,payment,422.3
133,35,98,payment,268.64
25,4,21,existence,39.06
30,27,3,payment,66.51
133,93,40,existence,385.52
50,36,14,payment,137.47
4,1,3,debt,30.07
56,37,19,existence,120.46
53,29,24,payment,165.4
137,90,47,existence,284.49
21,14,7,existence,52.74
18,3,15,existence,29.99
110,1,109,existence,233.51
148,41,107,existence,349.9
80,3,77,existence,166.73
51,30,21,existence,147.44
88,47,41,existence,187.79
74,69,5,debt,197.3
65,64,1,payment,152.41
60,54,6,existence,212.52
53,12,41,existence,143.71
51,13,38,debt,124.91
11,5,6,existence,27.26
140,140,0,debt,420.51
77,2,75,debt,150.97
136,128,8,payment,307.97
19,18,1,debt,61.05
53,5,48,payment,144.19
95,3,92,payment,134.2
112,61,51,payment,254.45
86,1,85,existence,133.37
9,5,4,existence,16.72
101,78,23,payment,360.16
34,34,0,debt,90.85
150,144,6,existence,340.98
53,42,11,debt,149.25
141,3,138,debt,271.87
68,8,60,existence,142.65
79,17,62,debt,232.46
56,41,15,debt,194.24
5,1,4,payment,26.52
91,6,85,payment,189.46
117,79,38,existence,369.66
111,76,35,existence,207.76
89,77,12,existence,238.82
70,18,52,payment,119.94
60,31,29,payment,131.98
48,44,4,debt,138.63
8,2,6,debt,44.6
30,9,21,debt,77.64
16,8,8,payment,43.06
94,35,59,existence,219.25
3,3,0,payment,17.83
59,24,35,debt,145.31
56,9,47,existence,75.33
68,19,49,debt,202.25
63,32,31,payment,152.67
27,1,26,debt,72.91
45,39,6,payment,170.87
98,85,13,payment,354.4
35,22,13,payment,80.67
102,67,35,existence,249.87
25,23,2,debt,75.9
42,17,25,existence,95.84
94,64,30,debt,210.39
153,112,41,existence,478.13
123,59,64,payment,305.96
49,22,27,payment,151.42
44,9,35,existence,76.93
16,5,11,debt,46.34
131,57,74,payment,349.31
109,60,49,debt,273.73
68,64,4,existence,198.61
48,14,34,payment,85.32
88,78,10,existence,168.35
19,10,9,debt,73.41
145,79,66,existence,399.58
144,91,53,debt,295.8
114,78,36,payment,285.45
140,76,64,existence,300.29
80,37,43,debt,252.79
99,26,73,payment,192.21
151,18,133,payment,410.99
88,72,16,debt,252.97
58,15,43,debt,191.49
27,14,13,payment,61.63
146,26,120,existence,269.83
31,10,21,existence,64.93
122,16,106,existence,192.93
39,35,4,payment,125.52
118,39,79,debt,201.46
58,27,31,existence,140.37
135,4,131,payment,266.94
20,13,7,payment,56.31
81,19,62,debt,188.19
39,6,33,debt,83.45
40,23,17,payment,122.68
153,56,97,debt,382.9
71,16,55,payment,150.87
50,31,19,existence,130.78
66,38,28,debt,169.38
24,7,17,existence,33.81
75,7,68,payment,119.79
133,58,75,payment,273.64
33,11,22,existence,90.86
26,6,20,debt,85.35
147,4,143,existence,189.62
137,44,93,payment,244.43
145,31,114,debt,342.94
130,80,50,debt,304.35
83,7,76,payment,137.16
155,99,56,payment,341.78
48,18,30,payment,91.86
91,13,78,debt,174.55
10,1,9,debt,27.27
137,103,34,payment,454.86
39,9,30,existence,64.21
140,42,98,existence,251.88
72,45,27,payment,226.36
68,65,3,existence,209.24
118,103,15,existence,395.25
18,12,6,payment,64.74
90,25,65,existence,146.14
133,84,49,existence,332.58
147,113,34,debt,413.12
52,15,37,debt,117.57
31,25,6,existence,80.99
108,57,51,payment,328.85
23,7,16,existence,45.22
97,77,20,payment,257.7
137,122,15,debt,317.61
124,56,68,existence,271.38
136,6,130,debt,323.42
119,107,12,existence,359.94
112,88,24,payment,311.76
150,109,41,payment,393.42
46,32,14,debt,144.89
155,137,18,payment,443.44
71,71,0,payment,184.59
91,16,75,debt,251.73
129,19,110,payment,286.05
27,15,12,existence,45.84
71,57,14,debt,212.42
88,87,1,debt,277.42
10,4,6,debt,48.45
85,2,83,existence,146.76
87,53,34,debt,234.15
155,20,135,existence,395.15
14,9,5,debt,59.67
38,28,10,existence,109.82
43,25,18,existence,126.88
92,44,48,debt,224.94
43,41,2,debt,151.7
130,102,28,debt,297.11
17,13,4,debt,81.82
10,5,5,existence,26.06
46,37,9,payment,119.71
92,50,42,existence,179.87
115,109,6,payment,333.21
25,14,11,payment,77.5
37,35,2,existence,75.28
49,11,38,existence,129.54
152,101,51,payment,393.57
19,1,18,payment,45.06
108,11,97,payment,174.54
15,2,13,existence,25.8
33,6,27,existence,71.19
85,41,44,payment,234.23
136,76,60,debt,275.15
156,140,16,debt,517.96
65,33,32,debt,205.22
36,2,34,debt,77.73
31,28,3,existence,100.18
82,19,63,debt,185.18
144,96,48,payment,381.03
87,29,58,payment,166.88
134,90,44,payment,416.93
8,6,2,debt,37.22
118,4,114,existence,188.57
131,73,58,payment,376.87
67,67,0,payment,169.21
73,2,71,debt,139.19
154,134,20,payment,361.3
120,45,75,debt,260.27
20,13,7,existence,54.37
91,80,11,debt,221.31
117,22,95,debt,318.69
106,40,66,payment,267.97
91,26,65,debt,196.34
28,7,21,debt,83.99
95,83,12,debt,321.95
130,27,103,debt,273.67
50,43,7,payment,174.32
50,13,37,debt,116.56
26,24,2,debt,76.98
157,99,58,payment,421.5
53,47,6,debt,180.79
77,23,54,payment,223.15
4,3,1,existence,10.04
24,22,2,payment,81.73
42,33,9,existence,107.45
146,105,41,payment,442.27
46,17,29,debt,96.68
54,13,41,debt,109.36
146,17,129,debt,216.26
13,6,7,existence,24.62
138,80,58,existence,394.49
141,6,135,existence,280.61
136,124,12,existence,362.57
84,62,22,payment,182.19
140,131,9,debt,548.93
21,11,10,payment,77.33
88,25,63,existence,220.46
53,1,52,debt,137.84
123,81,42,existence,235.76
42,37,5,existence,101.59
65,2,63,payment,154.27
157,109,48,debt,443.76
12,5,7,existence,25.9
43,24,19,existence,75.61
74,44,30,debt,205.66
21,17,4,existence,71.13
61,59,2,payment,131.51
30,23,7,existence,104.42
2,2,0,existence,5.2
75,19,56,payment,124.26
148,109,39,payment,413.44
149,103,46,debt,417.76
136,74,62,debt,378.14
86,57,29,debt,168.57
120,97,23,payment,355.68
142,141,1,payment,339.55
70,52,18,existence,154.71
66,17,49,payment,161.36
80,37,43,payment,239.27
109,34,75,debt,219.34
61,2,59,debt,139.19
55,17,38,debt,163.59
76,46,30,existence,139.63
46,25,21,debt,148.56
147,5,142,debt,288.79
26,17,9,debt,87.92
105,77,28,debt,302.96
46,22,24,debt,107.24
152,113,39,debt,477.43
4,4,0,debt,22.35
52,4,48,payment,81.49
155,96,59,payment,470.37
152,13,139,debt,223.14
99,9,90,debt,183.99
46,25,21,existence,123.18
67,13,54,existence,165.1
106,25,81,existence,221.51
1,1,0,debt,13.94
77,59,18,debt,264.9
102,61,41,existence,279.59
139,25,114,existence,326.67
105,66,39,payment,266.41
84,50,34,existence,172.24
15,1,14,payment,36.99
133,30,103,payment,242.07
43,22,21,debt,110.28
37,28,9,payment,128.88
5,3,2,debt,31.12
43,27,16,debt,154.82
7,4,3,debt,24.63
100,96,4,existence,236.21
13,6,7,debt,52.22
102,58,44,payment,211.48
61,58,3,existence,155.6
155,2,153,existence,290.72
66,55,11,payment,183.8
103,65,38,existence,273.75
135,78,57,payment,349.43
14,8,6,payment,56.21
141,91,50,existence,247.27
157,55,102,existence,385.64
150,41,109,existence,348.11
53,1,52,existence,98.17
143,18,125,payment,305.02
14,13,1,existence,41.61
43,2,41,debt,113.95
31,19,12,payment,104.08
49,47,2,payment,141.8
85,32,53,payment,233.8
45,25,20,payment,93.51
24,19,5,existence,74.01
87,59,28,existence,218.91
121,68,53,payment,298.93
62,59,3,debt,170.8
118,31,87,debt,273.08
146,27,119,existence,317.87
35,22,13,debt,126.65
39,22,17,payment,97.31
13,8,5,payment,41.44
25,23,2,debt,92.66
29,21,8,debt,85.54
122,24,98,existence,280.73
106,79,27,existence,306.93
101,65,36,existence,216.39
29,6,23,payment,83.85
29,15,14,payment,79.57
4,2,2,payment,24.92
13,6,7,debt,59.28
13,12,1,existence,38.15
53,39,14,debt,174.57
153,68,85,debt,461.08
6,3,3,payment,28.34
5,1,4,debt,31.76
6,5,1,payment,32.56
118,28,90,debt,214.93
96,91,5,payment,260.15
64,40,24,payment,205.3
85,43,42,debt,253.1
110,31,79,existence,287.59
4,3,1,payment,20.09
56,26,30,existence,138.25
101,67,34,existence,296.61
80,62,18,existence,201.51
83,19,64,existence,225.33
82,77,5,existence,218.67
135,14,121,debt,227.48
81,21,60,existence,215.77
147,32,115,payment,245.65
133,22,111,existence,229.37
86,40,46,payment,207.62
96,51,45,debt,280.06
154,93,61,existence,291.25
35,22,13,payment,121.7
22,11,11,payment,53.91
28,7,21,existence,47.41
110,103,7,debt,399.09
154,116,38,debt,514.93
84,83,1,existence,201.57
139,136,3,debt,538.3
141,51,90,existence,416.53
28,11,17,payment,68.54
74,32,42,existence,160.81
145,65,80,existence,239.69
155,28,127,debt,421.42
30,27,3,debt,79.06
149,67,82,existence,304.65
100,25,75,payment,251.65
151,142,9,existence,315.75
2,2,0,debt,17
46,24,22,payment,117.04
54,33,21,debt,123.98
86,59,27,payment,185.34
147,111,36,existence,320.54
103,38,65,payment,188.64
130,111,19,payment,323.37
44,26,18,debt,104.92
149,129,20,payment,379.64
92,27,65,payment,248.99
28,25,3,payment,109.38
142,34,108,payment,243.35
61,16,45,debt,165.82
100,33,67,payment,229.67
125,35,90,debt,286.75
114,109,5,payment,313.36
63,36,27,debt,193.13
24,18,6,debt,105.4
126,76,50,existence,359.96
63,28,35,existence,183.16
153,37,116,existence,241.26
131,76,55,debt,327.37
114,81,33,existence,242.71
87,68,19,existence,244.8
137,25,112,debt,292.58
151,42,109,existence,336.7
149,27,122,debt,335.07
26,4,22,debt,66.7
146,90,56,payment,301.35
64,47,17,debt,170
75,7,68,debt,216.09
38,6,32,debt,75.21
147,6,141,existence,306.23
135,111,24,debt,453.06
153,95,58,payment,494.03
69,4,65,debt,189.48
149,143,6,payment,450.91
118,44,74,debt,220.36
6,1,5,payment,28.27
142,15,127,payment,220.25
96,3,93,payment,130.04
131,109,22,debt,385.77
79,74,5,debt,241.91
16,3,13,existence,23.74
48,27,21,payment,132.06
150,118,32,debt,386.15
24,9,15,existence,46.6
6,1,5,payment,21.6
35,28,7,existence,97.75
125,90,35,debt,297.07
147,93,54,payment,364.53
58,34,24,debt,161.67
61,49,12,payment,215.19
104,17,87,payment,213.17
144,138,6,debt,462.6
81,33,48,payment,210.73
81,67,14,debt,323.61
42,24,18,existence,121.21
71,20,51,existence,145.51
14,11,3,payment,56.5
58,16,42,debt,116.68
88,4,84,debt,239.38
59,49,10,existence,157.31
138,85,53,debt,287.46
71,29,42,existence,206.77
37,36,1,existence,81.62
43,27,16,existence,86.58
49,17,32,payment,129.51
135,15,120,existence,281.43
39,28,11,debt,145.18
13,10,3,payment,53.46
29,13,16,existence,56.03
118,6,112,existence,268.64
46,45,1,existence,117.87
21,21,0,debt,64.59
149,110,39,existence,477.24
59,37,22,debt,154.09
70,29,41,payment,211.47
39,25,14,existence,95.07
19,9,10,payment,50.69
42,20,22,existence,92.74
76,33,43,existence,180.02
14,2,12,existence,27.02
86,57,29,payment,192.44
23,3,20,existence,43.53
97,15,82,payment,136.59
48,36,12,existence,109.4
1,1,0,existence,3.45
100,95,5,existence,292.34
57,42,15,payment,166.6
125,109,16,existence,331.22
70,18,52,payment,170.85
74,13,61,existence,180.46
73,35,38,debt,193.38
62,11,51,payment,119.5
106,77,29,debt,278.66
70,41,29,existence,137.61
32,6,26,existence,83.45
124,42,82,existence,310.06
80,1,79,payment,199.62
12,11,1,payment,52.37
61,25,36,debt,134.09
51,30,21,existence,137.41
141,41,100,existence,273.21
37,5,32,debt,73.9
15,15,0,debt,58.79
134,72,62,existence,393.53
78,42,36,debt,206.8
26,24,2,payment,87.66
15,8,7,existence,37.91
146,74,72,existence,340.17
123,40,83,existence,203.36
90,51,39,existence,162.36
98,55,43,debt,192.49
74,56,18,payment,220.06
15,1,14,debt,29.81
136,58,78,existence,230.91
13,10,3,payment,47.34
142,105,37,debt,456.1
39,33,6,debt,121.64
1,1,0,debt,24.1
131,18,113,existence,231.02
1,1,0,payment,13.29
129,40,89,debt,270.65
92,2,90,debt,163.27
78,27,51,existence,143.6
9,4,5,payment,43.07
157,74,83,existence,454.28
107,93,14,existence,338.22
36,28,8,existence,110.61
42,10,32,debt,83.28
6,1,5,existence,15.58
15,4,11,existence,28.13
70,11,59,existence,96.3
8,3,5,debt,40.22
137,136,1,payment,524.54
19,10,9,payment,46.71
42,36,6,existence,134.48
124,56,68,debt,397.7
67,59,8,debt,206.81
29,1,28,existence,54.45
45,29,16,debt,139.3
61,12,49,payment,136.59
66,7,59,existence,129.63
124,92,32,existence,351.96
124,63,61,debt,334.95
90,40,50,payment,201.18
66,66,0,payment,172.39
151,6,145,payment,232.49
137,68,69,debt,285.24
22,17,5,payment,51.86
7,5,2,payment,28.3
92,14,78,debt,180.18
82,3,79,debt,171.87
77,73,4,existence,227.35
61,37,24,payment,189.88
98,15,83,payment,211.85
121,12,109,payment,291.72
14,14,0,payment,43.04
102,34,68,payment,216.84
153,121,32,existence,268.76
43,25,18,debt,149.53
1,1,0,existence,2.42
57,37,20,payment,143.01
34,11,23,debt,90.32
4,2,2,payment,20.67
74,38,36,existence,179.75
121,25,96,payment,230.36
78,23,55,existence,195.38
138,12,126,payment,300.51
148,29,119,payment,221.89
101,37,64,debt,215.72
125,86,39,payment,320.87
84,78,6,existence,250.45
42,31,11,existence,103.8
109,95,14,existence,336.58
67,21,46,existence,196.26
12,2,10,debt,29.5
35,9,26,payment,95.39
11,1,10,existence,15.27
42,24,18,debt,151.8
69,51,18,debt,148.16
95,22,73,payment,206
27,26,1,debt,86.73
113,38,75,payment,211.11
10,10,0,debt,49.86
37,14,23,debt,108.44
84,82,2,debt,265.22
25,23,2,payment,84.18
44,42,2,existence,97.31
1,1,0,debt,23.81
32,25,7,debt,105.76
27,24,3,existence,65.13
111,57,54,payment,322.64
135,113,22,existence,450.07
19,13,6,existence,50
65,59,6,debt,225.02
104,62,42,payment,218.15
135,127,8,payment,344.04
29,14,15,debt,64.74
86,29,57,existence,234.46
110,6,104,payment,186.47
31,6,25,payment,55.56
68,14,54,payment,158.8
19,18,1,payment,51.87
138,51,87,existence,335.26
22,14,8,debt,68.3
54,34,20,payment,186.4
135,68,67,debt,407.19
27,8,19,debt,70.06
76,35,41,existence,178.94
63,57,6,existence,198.72
30,19,11,debt,77.64
80,23,57,existence,210.93
73,70,3,existence,229.41
105,7,98,debt,246.61
39,30,9,existence,81.7
39,24,15,existence,115.62
128,54,74,existence,300.29
12,5,7,debt,38.49
58,16,42,debt,165.99
116,70,46,existence,253.53
154,103,51,existence,343.92
97,4,93,debt,179.37
47,44,3,existence,172.28
84,66,18,payment,227.63
60,13,47,existence,129.23
1,1,0,payment,14.46
45,22,23,existence,102.57
76,21,55,existence,122.04
74,41,33,debt,206.4
57,8,49,existence,109.25
119,3,116,existence,154.63
129,53,76,debt,290.74
127,64,63,payment,303.07
19,16,3,existence,35
93,47,46,payment,187.04
136,104,32,payment,456.59
119,82,37,existence,245.24
34,13,21,payment,71.55
93,15,78,debt,215.74
4,1,3,existence,7.82
62,51,11,debt,162.86
78,43,35,existence,154.59
12,9,3,debt,66.65
10,2,8,existence,17.86
136,87,49,debt,268.61
137,109,28,existence,462.35
112,97,15,payment,312.45
92,69,23,payment,268.07
7,7,0,debt,33.4
44,21,23,debt,103.72
83,42,41,payment,168.57
140,10,130,existence,203.46
69,54,15,payment,165.76
151,122,29,existence,317.37
107,81,26,payment,229.49
103,31,72,debt,257.56
140,55,85,existence,297.41
44,13,31,existence,102.22
75,47,28,debt,193.89
40,37,3,debt,140.06
23,16,7,existence,47.28
120,24,96,existence,169.78
130,35,95,debt,385.47
155,99,56,debt,352.76
73,68,5,payment,213.37
129,48,81,debt,387.44
32,20,12,debt,86.21
119,73,46,existence,343.36
138,125,13,debt,493.08
5,3,2,payment,21.47
1,1,0,debt,18.63
134,121,13,payment,285.82
153,34,119,payment,322.77
108,4,104,existence,194.21
144,6,138,existence,316.88
85,15,70,payment,125.94
96,60,36,payment,218.65
46,39,7,debt,164.11
53,52,1,payment,190.61
34,31,3,payment,105.8
29,16,13,existence,51.49
8,2,6,debt,41.23
12,11,1,payment,46.04
91,40,51,debt,218.54
101,64,37,debt,321.54
17,16,1,payment,55.28
157,55,102,payment,359.25
110,58,52,payment,298.61
37,35,2,debt,114.66
57,1,56,payment,122.22
154,80,74,payment,361.22
32,30,2,existence,66.05
78,70,8,payment,223.23
62,18,44,payment,128.43
17,13,4,payment,64.58
70,32,38,payment,224.58
97,83,14,existence,240.43
145,124,21,existence,418.32
52,39,13,debt,190.53
122,40,82,debt,326.09
15,10,5,existence,28.7
28,9,19,existence,42.03
23,8,15,existence,67.11
121,37,84,existence,169.64
122,42,80,payment,331
8,1,7,existence,15.68
29,26,3,payment,82.39
3,3,0,debt,35.92
64,22,42,debt,150.11
139,26,113,debt,348.5
20,9,11,debt,68.24
30,27,3,payment,83.72
98,63,35,existence,254.85
60,48,12,existence,146.32
7,1,6,existence,14.25
128,23,105,debt,340.77
150,117,33,existence,340.8
29,20,9,payment,86.37
24,18,6,payment,77.05
48,7,41,existence,90.53
103,2,101,existence,213.54
76,26,50,payment,171.58
9,3,6,payment,25.96
118,93,25,existence,293.44
85,16,69,debt,180.06
88,63,25,debt,210.9
127,42,85,existence,318.3
72,22,50,existence,195.29
146,11,135,debt,295.14
128,23,105,payment,273.65
19,3,16,payment,66.11
94,20,74,payment,266.95
134,9,125,debt,240.75
141,43,98,existence,360.46
104,82,22,debt,232.86
18,1,17,existence,44.9
59,40,19,payment,119.37
138,39,99,debt,417.19
110,104,6,payment,352.09
157,44,113,debt,278.02
97,34,63,existence,194.29
57,46,11,existence,150.54
152,102,50,existence,277.55
116,78,38,debt,302.6
85,2,83,debt,228.28
123,61,62,existence,273.26
104,68,36,debt,345.1
54,41,13,existence,115.38
42,42,0,debt,124.24
107,67,40,debt,276.36
138,52,86,existence,292.69
76,15,61,existence,157.2
56,25,31,payment,151.56
33,31,2,debt,109.4
78,46,32,debt,209.85
57,20,37,existence,111.24
5,5,0,payment,23.21
18,12,6,debt,63.83
8,7,1,existence,17.36
66,34,32,payment,214.84
109,2,107,existence,273.3
16,8,8,existence,37.63
29,21,8,existence,65.39
52,36,16,payment,151.75
46,13,33,debt,126.68
156,143,13,payment,443.75
78,14,64,debt,114.63
84,2,82,payment,153.23
109,23,86,debt,194.95
141,114,27,payment,344.07
134,89,45,existence,326.66
20,9,11,payment,40.99
77,28,49,debt,159.73
75,62,13,payment,197.91
128,48,80,existence,214.74
84,82,2,debt,223.29
42,9,33,existence,98.08
53,42,11,debt,155.09
57,57,0,debt,180.33
52,43,9,payment,163.05
58,28,30,debt,118.52
103,5,98,debt,259.04
53,1,52,existence,109.75
13,2,11,debt,54.78
42,21,21,payment,106.53
56,42,14,payment,143.38
50,6,44,debt,134.12
3,2,1,debt,28.66
37,28,9,existence,100.33
121,95,26,debt,233.84
53,13,40,debt,168.42
9,4,5,existence,22.83
73,69,4,payment,191.53
9,9,0,existence,28.27
108,44,64,debt,341.97
130,40,90,existence,302.15
127,122,5,existence,438.85
65,17,48,payment,134.77
120,71,49,existence,243.85
37,27,10,debt,126.49
28,18,10,debt,93.2
107,51,56,debt,352.27
26,4,22,debt,55.47
85,70,15,existence,288.85
80,79,1,payment,226.46
15,1,14,payment,34.55
144,86,58,existence,443.42
47,47,0,payment,181.36
72,42,30,payment,148.77
34,18,16,debt,110.13
4,2,2,payment,18.4
11,6,5,payment,26.52
59,3,56,payment,141.43
144,5,139,debt,376.45
16,5,11,existence,32.69
134,94,40,existence,353.11
131,116,15,debt,390.68
88,72,16,debt,256.26
5,2,3,payment,27.45
40,17,23,debt,93.11
153,151,2,payment,429.12
40,13,27,existence,62.33
109,5,104,debt,199.88
61,21,40,existence,165.74
123,1,122,existence,164
53,25,28,existence,92.92
128,120,8,debt,367.71
147,61,86,debt,352.87
73,24,49,existence,114.94
91,39,52,existence,178.24
141,37,104,debt,231.62
117,61,56,payment,306.64
157,21,136,existence,394.15
75,72,3,existence,268.26
106,72,34,existence,362.65
67,30,37,debt,202.2
147,21,126,debt,225.05
27,14,13,debt,90.22
86,76,10,payment,252.67
22,12,10,existence,37.13
126,95,31,payment,291.29
130,16,114,debt,208.54
34,18,16,debt,87.62
154,4,150,existence,219.24
2,1,1,payment,15.96
77,6,71,existence,161.29
15,15,0,debt,51.14
24,20,4,debt,78.91
34,6,28,existence,85.76
82,75,7,debt,217.8
114,91,23,existence,236.4
109,30,79,debt,292.42
65,50,15,payment,158.09
56,44,12,existence,139.05
134,40,94,existence,323.68
112,65,47,existence,339.1
152,90,62,debt,467.46
105,5,100,debt,147.11
133,50,83,existence,255.49
11,10,1,existence,35
136,124,12,existence,381.24
76,66,10,debt,228.22
109,89,20,existence,337.68
153,52,101,existence,408.67
70,9,61,debt,160.21
5,1,4,debt,40.21
44,24,20,payment,129
156,70,86,payment,305.39
21,15,6,existence,70.95
129,128,1,existence,412.48
68,7,61,existence,100.19
44,18,26,payment,136.54
63,33,30,existence,109.4
144,18,126,payment,288.29
34,23,11,existence,78.29
51,37,14,existence,154.53
29,9,20,debt,108.66
152,34,118,existence,353.23
61,9,52,existence,153.51
107,17,90,payment,265.09
136,118,18,debt,385.25
153,10,143,debt,268.82
75,51,24,debt,240.58
102,50,52,payment,183.95
138,64,74,payment,376.33
83,48,35,debt,255.26
40,24,16,existence,107.18
62,60,2,existence,164.52
35,22,13,debt,69.54
157,11,146,debt,228.84
7,5,2,debt,38.69
120,120,0,payment,252.23
106,58,48,payment,219.03
122,107,15,existence,456.03
37,16,21,payment,113.97
36,12,24,existence,63.85
139,84,55,debt,343.74
43,41,2,existence,106.2
76,61,15,existence,210.49
19,17,2,debt,74.85
79,68,11,payment,216.3
70,52,18,payment,267.76
78,49,29,debt,231.07
10,7,3,existence,31.18
157,119,38,existence,527.22
11,3,8,debt,47.81
139,134,5,payment,498.1
57,23,34,payment,129.31
150,97,53,payment,389.3
61,48,13,debt,128.73
69,50,19,existence,231.58
44,26,18,debt,97.54
91,6,85,payment,233.23
34,22,12,existence,68.14
102,29,73,payment,187.76
20,8,12,debt,70.13
14,1,13,payment,44.28
72,21,51,existence,175.61
103,25,78,debt,256.67
118,43,75,existence,225.74
44,25,19,debt,113.89
94,55,39,existence,193.41
58,27,31,existence,114.32
57,9,48,existence,143.51
131,76,55,payment,224.09
54,49,5,debt,145.31
53,39,14,payment,112.86
82,54,28,payment,250.39
61,16,45,existence,134.07
62,32,30,debt,172.26
121,70,51,payment,243.44
126,98,28,existence,228.41
86,25,61,payment,158.26
113,43,70,payment,353.56
24,20,4,payment,77.8
1,1,0,payment,20.81
108,102,6,payment,296.71
32,8,24,payment,64.67
59,38,21,existence,146.81
147,98,49,payment,452.99
66,27,39,payment,171.64
116,59,57,existence,262.85
70,26,44,payment,174.47
52,12,40,payment,91.42
39,27,12,debt,148.18
37,18,19,debt,67.81
95,92,3,existence,233.04
94,6,88,debt,265.63
30,2,28,payment,85.89
69,16,53,debt,122.22
51,32,19,existence,147.47
49,44,5,existence,104.95
59,32,27,existence,138.39
149,37,112,payment,261.7
11,3,8,debt,45.05
103,15,88,existence,216.96
154,126,28,debt,362.95
94,15,79,existence,254.51
130,27,103,debt,279.02
126,3,123,existence,261.52
57,47,10,payment,161.7
62,44,18,payment,167.41
6,5,1,debt,31.7
106,10,96,existence,178.02
109,32,77,debt,219.96
148,71,77,existence,428.3
78,39,39,payment,155.73
4,1,3,payment,25.5
127,61,66,existence,308.47
97,77,20,payment,348.5
127,61,66,debt,248.39
24,16,8,debt,89.13
151,80,71,payment,458.27
1,1,0,payment,16.06
91,23,68,debt,189.52
124,14,110,existence,277.04
34,26,8,debt,108.88
111,94,17,payment,272.48
136,43,93,existence,352.65
18,15,3,debt,69.88
130,17,113,debt,234.79
29,16,13,debt,95.98
80,2,78,existence,182.01
93,87,6,existence,302.68
29,2,27,debt,57.33
30,30,0,debt,120.47
22,4,18,payment,52.04
133,18,115,payment,207.49
147,112,35,debt,452.82
157,107,50,debt,515.72
17,4,13,debt,62.66
7,4,3,debt,49.79
136,135,1,existence,293.64
148,19,129,existence,357.73
33,9,24,debt,92.28
132,103,29,debt,273.73
101,12,89,existence,245.12
123,107,16,payment,323.79
125,18,107,existence,165.72
154,130,24,debt,375.55
10,4,6,existence,17.87
95,28,67,debt,187.44
14,4,10,existence,38.6
89,38,51,payment,175.13
90,43,47,payment,240.1
28,25,3,payment,68.22
20,2,18,existence,36.62
66,4,62,existence,117.36
66,44,22,payment,166.3
148,34,114,existence,365.83
41,2,39,existence,99.96
147,60,87,payment,365.43
9,8,1,existence,26.34
8,3,5,debt,41.68
73,21,52,debt,160.5
2,1,1,debt,29.72
123,45,78,payment,284.15
127,70,57,existence,290.48
69,13,56,payment,196.9
17,10,7,debt,56.43
155,90,65,payment,518.09
117,76,41,existence,300.53
65,55,10,debt,201.33
76,46,30,existence,138.22
2,2,0,payment,17.23
117,81,36,existence,300.91
85,48,37,debt,171.47
40,17,23,debt,106.65
127,30,97,debt,211.09
57,4,53,debt,99.11
67,37,30,payment,140.21
16,11,5,existence,36.49
79,79,0,payment,215.67
135,124,11,existence,336.76
114,106,8,existence,355.97
94,33,61,existence,233.91
68,47,21,debt,240.47
21,14,7,debt,60.1
104,72,32,debt,368.19
89,52,37,debt,218.75
111,38,73,debt,262.89
103,59,44,existence,272.7
140,120,20,debt,331.85
86,51,35,debt,192.18
38,27,11,existence,84.71
128,48,80,debt,247.18
76,20,56,existence,140.31
102,3,99,payment,164.63
56,32,24,existence,142.69
36,3,33,payment,100.81
73,38,35,existence,176.9
90,59,31,existence,266.95
110,73,37,payment,382.03
89,22,67,debt,237.15
103,3,100,existence,229.79
140,86,54,debt,435.29
114,20,94,payment,210.54
151,118,33,payment,335
143,26,117,existence,350.99
96,71,25,debt,260.06
150,81,69,existence,314.06
64,28,36,debt,118.87
76,34,42,debt,251.16
72,69,3,existence,224.5
57,20,37,payment,133.75
104,104,0,debt,415.53
124,6,118,debt,287.21
113,6,107,debt,228.84
36,9,27,existence,67.44
39,10,29,existence,82.28
96,53,43,existence,217.17
74,33,41,existence,208.98
89,78,11,payment,324.78
157,12,145,debt,298.51
144,139,5,existence,552.42
48,15,33,payment,102.7
64,63,1,existence,173.2
67,22,45,existence,145.42
147,83,64,debt,387.16
82,51,31,existence,244.1
32,29,3,existence,82.64
82,33,49,existence,212.72
132,52,80,payment,327.46
141,111,30,debt,401.54
6,6,0,payment,29.05
14,13,1,existence,37.29
154,18,136,existence,396.25
83,66,17,existence,173.74
30,17,13,payment,84.72
51,41,10,payment,108.32
52,25,27,existence,135.4
35,6,29,payment,76.05
40,21,19,existence,105.33
21,1,20,debt,53.04
91,65,26,debt,232.59
128,75,53,payment,295.96
93,36,57,payment,196.3
91,75,16,existence,210.23
120,69,51,debt,275.66
83,79,4,payment,263.38
83,49,34,debt,191.73
135,29,106,payment,293.92
128,59,69,debt,355.93
13,12,1,existence,43.19
67,65,2,debt,209.89
137,19,118,payment,334.28
56,2,54,existence,121.63
98,59,39,existence,202.08
60,55,5,payment,172.97
148,119,29,existence,480.64
102,56,46,payment,213.52
155,82,73,debt,417.03
132,12,120,payment,259.24
101,29,72,payment,229.14
108,77,31,debt,282.96
19,6,13,existence,40.23
60,35,25,debt,172.84
112,87,25,existence,243.05
39,2,37,debt,113.03
137,87,50,existence,225.4
147,95,52,existence,317.38
122,24,98,existence,262.61
156,69,87,existence,280.24
68,45,23,payment,210.35
155,123,32,payment,553.66
157,130,27,existence,337.89
133,85,48,existence,263.27
8,2,6,debt,23.96
44,10,34,payment,81.89
121,11,110,existence,218.46
34,1,33,debt,85.6
87,18,69,existence,198.46
138,69,69,payment,254.55
157,132,25,debt,363.86
86,32,54,existence,123.29
110,59,51,existence,325.53
135,28,107,debt,234.8
30,24,6,existence,68.7
156,18,138,existence,395.27
21,12,9,existence,36.5
85,11,74,payment,121.19
87,44,43,payment,241.53
121,38,83,payment,232.95
106,93,13,payment,242.8
16,9,7,payment,33.38
156,107,49,debt,508.63
30,24,6,existence,84.17
156,26,130,debt,439.55
52,20,32,debt,154.23
44,32,12,existence,119.98
147,105,42,payment,489.43
45,28,17,existence,82.49
31,9,22,existence,69.83
49,17,32,existence,84.31
129,20,109,existence,345.66
74,45,29,existence,167.29
47,31,16,debt,143.36
150,28,122,payment,297.82
75,16,59,existence,163.45
87,79,8,existence,259.8
1,1,0,payment,19.62
27,7,20,existence,52.51
133,42,91,existence,239.29
122,62,60,existence,354.05
149,39,110,payment,241.5
85,17,68,payment,170.5
130,51,79,payment,249.38
93,36,57,payment,217.17
2,2,0,existence,6.3
82,45,37,existence,227.96
105,48,57,payment,320.69
86,71,15,debt,301.21
143,16,127,existence,343.67
103,31,72,existence,185.39
139,43,96,payment,283.69
39,37,2,existence,138.98
40,12,28,payment,116.29
117,112,5,payment,266.24
149,67,82,debt,372.97
106,74,32,debt,252.78
76,61,15,existence,222.83
23,18,5,existence,41.28
43,6,37,payment,105.88
103,39,64,existence,232.28
43,1,42,debt,111.02
3,1,2,existence,6.91
87,41,46,existence,248.38
38,23,15,payment,110.93
37,3,34,payment,73.88
62,37,25,payment,181.85
81,73,8,payment,235.04
114,61,53,existence,209.31
59,7,52,payment,146.34
24,16,8,debt,75.68
112,15,97,existence,208.5
66,54,12,existence,204.18
81,81,0,existence,286.79
93,35,58,payment,250.35
101,89,12,payment,285.92
93,42,51,debt,237.85
77,19,58,payment,155.34
80,74,6,payment,193.8
65,4,61,debt,159.6
76,42,34,existence,141.02
118,102,16,existence,435.07
37,35,2,debt,121.76
9,3,6,debt,51.2
34,32,2,existence,81.06
16,12,4,payment,59.14
11,10,1,existence,35.9
47,35,12,debt,130.52
13,3,10,debt,50.78
139,57,82,existence,267.16
15,11,4,payment,57.01
112,62,50,debt,258.89
19,1,18,debt,51.96
57,24,33,existence,145.38
80,47,33,payment,170.52
90,35,55,debt,244.61
27,8,19,payment,87.63
79,67,12,existence,291.99
97,20,77,payment,182.31
40,12,28,payment,106.51
117,1,116,payment,205.99
52,25,27,existence,153.83
102,75,27,payment,353.33
19,8,11,payment,62
62,49,13,debt,181.37
123,57,66,payment,275.92
10,6,4,debt,55.8
25,1,24,payment,59.81
91,26,65,debt,215.48
42,40,2,existence,150.93
130,18,112,existence,177.85
24,22,2,existence,64.67
85,35,50,debt,269.2
119,9,110,existence,212.26
113,107,6,existence,282.82
51,50,1,existence,138.17
33,29,4,debt,124.8
156,105,51,debt,437.54
46,15,31,debt,83.35
156,42,114,payment,291.55
117,10,107,existence,289.47
91,24,67,debt,269.4
66,62,4,payment,203.34
112,34,78,payment,329.96
146,42,104,debt,398.71
27,10,17,existence,77.84
83,35,48,payment,209.56
27,2,25,existence,41.65
81,13,68,debt,215.81
95,53,42,payment,272.54
121,9,112,existence,234.53
96,2,94,debt,247.66
130,2,128,payment,317.24
103,48,55,debt,268.48
150,89,61,existence,378.44
155,107,48,payment,504.21
65,35,30,existence,121.99
100,14,86,existence,240.61
127,37,90,existence,290.19
130,65,65,debt,310.15
144,78,66,existence,295.61
109,85,24,existence,296.15
66,61,5,payment,162.4
23,5,18,payment,51.73
155,33,122,payment,343.23
74,43,31,payment,181.53
15,2,13,debt,43.82
63,38,25,existence,146.63
54,12,42,existence,112.16
72,47,25,debt,253.2
116,75,41,debt,258.18
146,99,47,existence,422.84
124,107,17,payment,363.55
132,117,15,existence,406.38
78,23,55,existence,183
97,51,46,existence,274.94
83,11,72,payment,215.26
115,55,60,existence,292.02
50,36,14,debt,140.57
3,3,0,payment,24.19
32,17,15,existence,64.72
28,19,9,existence,58.29
124,11,113,payment,181.91
81,57,24,payment,268.01
85,7,78,payment,209.97
129,96,33,payment,296
36,26,10,existence,66.06
38,16,22,debt,122.3
85,23,62,payment,195.13
141,38,103,debt,318.46
88,48,40,debt,253.74
107,90,17,debt,322.11
35,1,34,payment,68
73,41,32,debt,186.15
18,10,8,existence,32.87
110,27,83,payment,250.34
48,14,34,payment,87.21
60,50,10,existence,158.95
132,4,128,existence,212.77
110,8,102,debt,237.46
121,108,13,existence,329.47
38,14,24,debt,95.49
41,29,12,debt,118.03
11,2,9,payment,33.35
49,34,15,existence,145.21
119,84,35,debt,291.03
48,47,1,debt,135.93
20,10,10,existence,52.96
33,23,10,debt,87.45
55,16,39,payment,161.06
22,7,15,existence,41.99
9,7,2,existence,20.73
86,51,35,payment,292.25
67,44,23,payment,229.31
79,23,56,payment,150.8
106,51,55,payment,224.2
30,15,15,debt,84.53
128,107,21,existence,301.21
15,10,5,payment,52.53
56,16,40,payment,151.65
114,98,16,debt,359.19
95,18,77,payment,150.39
81,8,73,existence,118.87
57,36,21,payment,173.7
47,31,16,payment,103.04
119,110,9,payment,266.76
20,1,19,payment,51.14
140,81,59,existence,281.37
100,48,52,existence,257.65
4,3,1,debt,28.13
125,26,99,payment,230.85
106,54,52,existence,180.58
136,95,41,debt,327.75
99,85,14,existence,261.38
6,2,4,debt,35.74
100,67,33,existence,229.4
50,22,28,debt,119.73
118,19,99,payment,318.2
75,52,23,existence,196.38
26,11,15,existence,63.72
83,44,39,debt,266.76
137,72,65,payment,412.58
99,29,70,existence,185.65
106,3,103,payment,232.23
35,31,4,existence,90.98
42,9,33,debt,94.58
157,33,124,payment,328.7
59,50,9,debt,190.48
6,4,2,existence,13.03
55,28,27,debt,138.01
41,20,21,debt,125
63,31,32,debt,185.56
154,138,16,existence,458.84
114,55,59,payment,208.33
37,31,6,existence,115.25
101,39,62,existence,283.32
6,2,4,existence,9.96
108,60,48,payment,263.97
121,30,91,debt,269.87
125,53,72,existence,341.51
133,31,102,existence,251.18
20,1,19,debt,40.22
106,20,86,debt,262.3
55,47,8,existence,169.9
20,11,9,payment,46.55
59,5,54,existence,99.22
30,20,10,existence,62.98
133,47,86,existence,326.46
47,24,23,debt,164.56
84,59,25,existence,245.98
122,99,23,payment,299.24
60,54,6,existence,201.1
116,36,80,existence,312.05
126,5,121,payment,179.03
28,4,24,existence,40.48
137,88,49,existence,293.42
60,55,5,debt,181.52
70,24,46,payment,158.42
156,94,62,payment,473.53
126,101,25,existence,392.41
89,5,84,payment,173.87
89,32,57,existence,214.75
89,67,22,debt,204.5
128,101,27,debt,288.54
1,1,0,debt,15.19
137,111,26,payment,360.39
24,9,15,debt,49.46
49,43,6,debt,138.61
24,4,20,debt,50.22
121,48,73,existence,204.71
111,65,46,payment,286.91
109,19,90,payment,299.07
141,42,99,payment,354.55
99,30,69,debt,286.79
136,45,91,payment,289.34
8,1,7,payment,24.3
151,145,6,existence,413.72
104,55,49,payment,326.19
53,52,1,debt,165.44
32,4,28,existence,60.68
48,43,5,existence,145.09
108,3,105,debt,225.53
81,15,66,payment,227.72
86,22,64,debt,221.24
14,6,8,payment,38.1
64,36,28,existence,171.02
48,46,2,payment,130.72
51,40,11,payment,182.2
23,20,3,debt,91.18
77,29,48,payment,149.8
124,58,66,debt,357.23
49,30,19,debt,123.77
136,5,131,existence,247.14
148,54,94,payment,272.55
9,8,1,payment,29.06
45,39,6,debt,157.49
11,8,3,existence,26.26
75,61,14,debt,210.51
136,23,113,existence,330.27
71,2,69,existence,145.18
28,5,23,payment,67.39
102,75,27,debt,255.52
124,52,72,existence,283.49
3,1,2,payment,20.13
120,100,20,existence,242.38
40,13,27,existence,102.91
71,34,37,existence,196.6
3,3,0,existence,10.36
153,123,30,debt,381.89
138,94,44,payment,364.18
3,1,2,existence,7.76
130,123,7,existence,324.53
75,23,52,debt,163.33
24,14,10,existence,47.72
114,102,12,payment,433.44
48,22,26,debt,102.94
64,12,52,payment,160.8
116,2,114,debt,198.25
140,56,84,payment,326.65
24,4,20,debt,46.61
6,1,5,existence,9.41
48,43,5,existence,151.44
58,49,9,existence,161.51
35,6,29,payment,90.88
82,44,38,existence,165.73
35,24,11,payment,103.34
120,14,106,debt,202.13
122,51,71,existence,284.56
87,5,82,existence,210.71
80,10,70,debt,111.84
118,71,47,debt,330.38
135,13,122,payment,309.64
57,14,43,payment,165.63
129,22,107,debt,333.06
13,4,9,payment,39.24
80,59,21,payment,255.37
12,6,6,existence,26.91
63,53,10,payment,187.74
56,10,46,payment,100.79
111,21,90,debt,280.84
95,51,44,existence,267.71
41,7,34,payment,118.13
19,6,13,debt,63.38
70,14,56,existence,154.22
13,11,2,debt,51.11
120,60,60,payment,329.62
37,3,34,debt,104.18
98,57,41,debt,253.74
144,77,67,payment,369.47
38,19,19,debt,86.55
6,2,4,debt,21.95
46,3,43,existence,110.09
154,75,79,existence,448.75
34,16,18,debt,71.02
132,68,64,payment,357.63
85,24,61,payment,187.29
13,4,9,existence,21.25
97,82,15,existence,224.98
16,6,10,existence,41.43
29,16,13,existence,46.15
142,21,121,debt,397.04
67,24,43,payment,169.34
107,19,88,payment,261.25
100,45,55,debt,210.42
115,45,70,payment,278.94
16,16,0,existence,37.12
131,16,115,existence,250.3
98,70,28,existence,204.48
94,78,16,existence,210.28
102,12,90,debt,216.38
62,1,61,payment,98.24
70,48,22,debt,184.63
82,75,7,debt,196.49
52,9,43,payment,98.68
42,25,17,payment,108.33
63,56,7,debt,219.54
121,46,75,payment,290.63
120,104,16,payment,263.75
123,30,93,payment,290.16
125,48,77,debt,250.36
132,51,81,existence,266.64
111,83,28,payment,256.34
141,86,55,existence,344.19
102,46,56,existence,256.12
18,10,8,existence,53.29
123,94,29,payment,264.05
13,6,7,payment,33.22
61,14,47,payment,108.71
84,25,59,payment,179.59
75,29,46,debt,184.79
139,4,135,debt,185.33
103,67,36,existence,296.01
149,30,119,payment,325.84
96,81,15,payment,332.35
51,44,7,debt,107.7
7,4,3,existence,18.8
92,53,39,debt,218.89
40,39,1,existence,140.14
4,2,2,payment,22.29
36,30,6,existence,116.19
48,36,12,debt,163.82
73,40,33,debt,212.84
43,41,2,debt,173.65
62,44,18,existence,143.55
15,7,8,payment,46.75
121,97,24,existence,408.6
111,99,12,existence,345.94
141,1,140,payment,324.48
139,27,112,debt,307.38
49,46,3,existence,169.12
132,83,49,existence,383.64
84,55,29,debt,278.18
21,10,11,debt,69.03
58,12,46,existence,135.67
82,36,46,payment,249.46
52,45,7,debt,153.34
10,5,5,existence,29.39
149,149,0,debt,452.16
34,18,16,debt,109.45
113,78,35,payment,234.55
117,44,73,existence,270.34
7,2,5,debt,38.99
60,55,5,existence,214.8
6,3,3,existence,16.29
57,6,51,debt,112.27
101,83,18,debt,249.98
7,1,6,existence,17.96
133,116,17,debt,442.27
154,58,96,debt,440.34
58,39,19,existence,119.59
84,26,58,payment,148.2
153,108,45,payment,360.12
52,16,36,debt,113.53
50,5,45,debt,108.24
19,3,16,debt,54.79
142,18,124,payment,227.72
80,46,34,existence,169.71
52,7,45,debt,98.65
33,3,30,existence,42.32
125,46,79,debt,316.53
91,3,88,existence,167.5
62,30,32,existence,112.04
15,9,6,existence,34.36
25,14,11,debt,62.1
120,108,12,existence,264.26
34,4,30,existence,82.69
32,22,10,payment,84.66
72,17,55,payment,178.09
22,3,19,debt,77.96
86,24,62,debt,218.81
90,76,14,payment,187.42
101,99,2,debt,358.63
86,49,37,payment,182.87
10,8,2,existence,32.8
33,7,26,payment,93.54
10,4,6,existence,18.16
57,2,55,existence,139.34
60,53,7,existence,210.29
12,12,0,existence,40.49
65,58,7,existence,201.32
75,71,4,existence,222.47
45,23,22,debt,101.39
117,102,15,existence,250.17
72,9,63,payment,158.18
106,91,15,debt,340.16
97,41,56,existence,270.4
74,51,23,payment,221.28
57,14,43,existence,106.86
122,119,3,debt,317.68
86,7,79,debt,124.74
69,57,12,payment,209.33
110,96,14,debt,403.95
136,97,39,existence,294.61
43,20,23,existence,112.11
89,13,76,existence,121.45
126,103,23,payment,447.09
28,5,23,payment,65.83
87,4,83,payment,174.57
70,58,12,payment,215.25
132,108,24,debt,341.51
32,4,28,payment,80.35
128,22,106,payment,287.76
97,46,51,existence,195.25
22,15,7,existence,65.97
92,13,79,payment,155.14
146,65,81,payment,353.1
60,58,2,existence,154.08
108,93,15,payment,266.55
49,2,47,existence,119.02
103,80,23,payment,351.14
2,2,0,debt,29.39
5,3,2,existence,15.99
87,73,14,debt,284.08
12,8,4,payment,36.86
103,87,16,debt,348.91
151,136,15,existence,433.52
156,132,24,payment,376.18
30,8,22,debt,95.66
118,95,23,existence,353.19
108,88,20,payment,329.35
114,75,39,payment,318.41
121,32,89,debt,209.07
87,35,52,payment,204.87
105,56,49,debt,279.91
117,102,15,debt,332.08
77,16,61,payment,205.11
31,2,29,payment,66.53
152,107,45,payment,365.91
81,22,59,existence,128.23
81,39,42,debt,236.91
92,10,82,existence,230.2
41,30,11,debt,132.1
97,14,83,existence,159.87
78,24,54,payment,214.59
9,9,0,debt,38.2
136,66,70,debt,425.68
150,24,126,payment,398.57
151,33,118,payment,417.83
27,2,25,payment,53.39
2,2,0,payment,13.28
69,69,0,payment,261.8
78,15,63,payment,180.01
141,115,26,existence,405.17
98,5,93,debt,238.25
95,62,33,debt,245.41
14,10,4,debt,64.05
113,83,30,existence,325.03
113,96,17,payment,341.4
71,56,15,debt,192.11
112,102,10,existence,327.29
105,71,34,existence,214.6
90,62,28,debt,230.62
69,61,8,payment,228.34
52,4,48,debt,133
5,2,3,debt,31.17
94,86,8,existence,215.81
39,35,4,existence,86.04
15,11,4,payment,66.27
152,85,67,existence,321.27
2,2,0,debt,28.56
102,70,32,debt,208.21
81,14,67,existence,156.5
67,23,44,existence,156.36
100,99,1,payment,272.33
29,1,28,debt,85.5
139,58,81,payment,337.02
97,68,29,payment,175.75
71,19,52,debt,190.3
123,78,45,debt,378.64
96,60,36,debt,249.64
137,52,85,payment,245.56
60,44,16,payment,187.79
30,6,24,debt,74.12
55,43,12,debt,119.56
57,4,53,debt,151.04
61,39,22,existence,129.57
47,17,30,existence,82.57
58,55,3,payment,178.61
81,36,45,debt,178.38
154,33,121,existence,339.12
126,68,58,existence,254.44
69,52,17,debt,202.72
86,73,13,existence,255.85
67,53,14,payment,152.32
68,33,35,debt,180.22
19,8,11,existence,51.16
70,58,12,debt,173.82
125,20,105,payment,190.44
60,21,39,debt,183.61
85,44,41,existence,244.98
102,19,83,payment,233.8
156,103,53,existence,385.58
18,1,17,existence,41.43
94,68,26,debt,241.85
47,46,1,debt,181.22
55,15,40,debt,119.68
99,14,85,payment,189.97
30,25,5,payment,106.22
84,31,53,debt,241.17
78,39,39,debt,147.63
52,36,16,payment,131.39
26,13,13,existence,61.52
18,7,11,payment,59.95
137,65,72,existence,229.93
9,2,7,debt,46.07
89,1,88,existence,169.87
124,74,50,existence,328.52
131,37,94,existence,286.35
78,78,0,existence,264.15
5,4,1,debt,29.44
99,35,64,payment,294.98
81,6,75,existence,168.58
157,123,34,payment,324.05
105,41,64,existence,296.84
115,75,40,payment,343.94
104,37,67,debt,222.04
110,8,102,existence,144.37
17,12,5,debt,49.37
64,59,5,existence,172.49
85,67,18,debt,252.71
71,56,15,existence,182.5
128,9,119,payment,186.89
120,71,49,debt,385.12
11,4,7,debt,53.45
55,35,20,debt,146.81
98,20,78,existence,194.9
120,44,76,debt,281.62
110,107,3,existence,356.61
90,70,20,existence,217.38
132,92,40,payment,416.97
25,12,13,payment,53.69
156,126,30,existence,462.11
52,43,9,existence,131.34
38,6,32,payment,67.43
96,22,74,payment,237.17
23,9,14,payment,52.76
115,67,48,debt,261.53
81,39,42,existence,222.06
36,21,15,existence,81.32
29,10,19,existence,71.29
123,8,115,debt,304.9
86,82,4,debt,287.25
64,53,11,debt,222.44
127,22,105,existence,245.68
62,42,20,payment,158.67
66,50,16,payment,169.78
117,70,47,debt,306.97
32,4,28,debt,99.19
81,74,7,debt,254.93
52,24,28,existence,139.63
138,57,81,debt,301.59
147,95,52,debt,430.88
72,44,28,existence,132.97
84,11,73,payment,165.39
156,60,96,debt,384.32
42,15,27,debt,96.06
49,36,13,existence,148.31
157,17,140,payment,269.75
107,69,38,debt,368.48
58,7,51,debt,123.94
118,64,54,payment,315.34
104,4,100,payment,217.9
130,29,101,payment,190.52
28,25,3,debt,88.8
79,40,39,existence,240.16
21,3,18,existence,55.54
55,2,53,existence,133.61
90,13,77,payment,185.93
122,60,62,debt,299.22
102,20,82,existence,237.54
140,108,32,debt,286.64
119,89,30,existence,378.76
19,4,15,existence,35.98
91,20,71,existence,193.47
46,31,15,existence,125.66
111,39,72,payment,297.11
56,19,37,debt,147.98
42,4,38,payment,109.86
57,24,33,debt,170.72
139,46,93,existence,301.45
45,45,0,debt,165.33
51,34,17,existence,101.45
1,1,0,existence,2.7
73,28,45,debt,133.82
56,22,34,existence,113.42
130,65,65,existence,243.06
103,88,15,payment,271.1
35,15,20,existence,77.11
91,16,75,existence,166.01
15,11,4,existence,41.19
117,108,9,payment,286.79
77,31,46,payment,233.68
13,11,2,existence,32.63
102,55,47,payment,254.3
105,82,23,debt,341.11
136,27,109,debt,303.32
63,1,62,existence,103.21
77,14,63,existence,135.35
74,22,52,payment,144.04
134,28,106,payment,269.73
53,51,2,debt,120.11
27,18,9,existence,64.33
144,144,0,existence,543.27
5,3,2,debt,24.65
103,75,28,payment,322.8
6,2,4,debt,28.96
134,25,109,existence,316.45
134,8,126,existence,233.5
97,21,76,payment,177.7
21,20,1,debt,90.03
148,98,50,existence,347.52
71,8,63,payment,118.57
90,69,21,existence,244
88,3,85,debt,214.26
120,87,33,debt,292.7
25,8,17,debt,79.81
6,1,5,existence,13.51
86,25,61,payment,184.18
126,123,3,payment,474.16
125,6,119,payment,266.06
14,7,7,debt,59.38
16,13,3,existence,45.91
27,18,9,debt,94.97
14,3,11,payment,39.98
157,49,108,debt,286.9
81,33,48,payment,164.06
139,59,80,debt,259.83
144,2,142,existence,323.92
74,29,45,payment,226.99
102,12,90,existence,186.03
134,41,93,payment,250.29
66,36,30,existence,138.53
3,1,2,existence,7.93
95,66,29,existence,311.89
25,17,8,debt,66.65
12,7,5,debt,52.96
70,62,8,existence,179.08
54,14,40,payment,136.84
54,45,9,debt,130.75
127,76,51,existence,308.82
59,31,28,debt,179.55
74,51,23,existence,203.55
85,83,2,existence,199.92
107,72,35,debt,349.95
122,117,5,existence,357.63
4,3,1,debt,28.03
117,92,25,existence,362.57
110,80,30,existence,325.89
92,72,20,existence,223.82
155,100,55,payment,472.13
87,75,12,payment,248.62
11,9,2,payment,53.2
154,152,2,debt,355.68
22,16,6,debt,63.42
49,4,45,debt,134.35
25,15,10,debt,80.87
35,23,12,payment,86.59
154,1,153,existence,272.22
153,77,76,existence,399.19
21,20,1,existence,65.17
136,59,77,payment,299.68
60,18,42,payment,152.4
63,16,47,existence,141.28
85,52,33,existence,166.73
109,99,10,payment,271.41
19,14,5,existence,51.02
145,84,61,existence,427.88
132,76,56,existence,416.41
16,3,13,debt,66.08
125,90,35,payment,394.52
132,92,40,payment,420.68
149,127,22,debt,472.42
9,6,3,payment,38.73
63,19,44,debt,205.19
155,87,68,debt,419.42
90,44,46,payment,192.95
102,53,49,debt,214.95
16,8,8,payment,60.67
64,52,12,payment,151.43
146,29,117,payment,374.43
79,64,15,debt,265
76,3,73,existence,152.14
138,78,60,payment,269.03
122,51,71,existence,364.57
156,1,155,existence,311.5
88,6,82,debt,242.61
100,3,97,payment,250.47
84,63,21,existence,219.37
26,8,18,existence,39.08
94,90,4,payment,295.91
23,1,22,payment,54.1
88,71,17,existence,227.84
35,12,23,payment,102.35
73,41,32,existence,143.79
131,46,85,payment,223.32
68,58,10,payment,213.25
35,30,5,payment,106.13
99,91,8,existence,210.41
122,109,13,existence,347.22
28,16,12,existence,62.65
37,34,3,payment,106.19
155,18,137,payment,375.47
50,41,9,debt,131.31
8,5,3,payment,22.18
32,24,8,payment,91.62
45,12,33,existence,104.9
128,51,77,payment,237.33
57,3,54,payment,98.88
81,42,39,debt,252.66
98,51,47,payment,264.37
126,44,82,debt,378.35
105,53,52,payment,340.99
152,84,68,payment,322.55
54,33,21,payment,144.01
144,80,64,existence,422.9
79,37,42,existence,211.69
22,12,10,existence,45.99
125,17,108,debt,286.74
90,29,61,existence,153.51
129,52,77,debt,320.33
52,35,17,payment,150.86
60,3,57,payment,130.64
48,14,34,debt,158.55
52,1,51,debt,146.77
79,69,10,payment,213.14
43,13,30,debt,145.3
47,24,23,debt,152.78
30,8,22,payment,77.89
66,5,61,existence,155.59
119,86,33,debt,247.21
76,17,59,payment,110.58
94,61,33,debt,218.96
83,40,43,existence,214.4
36,22,14,existence,83.78
59,27,32,payment,158.91
48,23,25,payment,152.5
77,55,22,existence,237.55
124,100,24,debt,345.05
45,28,17,payment,138.67
42,23,19,existence,122.28
38,33,5,existence,134.39
132,63,69,debt,408.98
97,51,46,existence,229.27
81,26,55,debt,170.41
78,32,46,debt,240.54
138,135,3,payment,390.41
87,31,56,debt,276.54
64,54,10,debt,144.62
152,146,6,existence,368.64
49,47,2,existence,124.94
121,7,114,existence,168.29
142,129,13,payment,516.83
96,60,36,debt,235.97
16,16,0,debt,63.13
6,1,5,existence,9.81
103,98,5,debt,274.52
145,17,128,debt,366.03
153,148,5,payment,438.2
57,57,0,existence,155.91
105,40,65,existence,188.97
11,9,2,existence,37.23
149,96,53,debt,436.38
3,1,2,existence,6.99
54,7,47,existence,74.5
58,36,22,payment,145.04
150,52,98,existence,267.54
13,12,1,debt,54.21
143,81,62,existence,409.54
51,35,16,debt,183.74
78,12,66,payment,180.92
140,14,126,debt,250.62
79,14,65,debt,155.22
66,13,53,payment,110.85
127,64,63,existence,333.47
84,5,79,payment,126.24
60,53,7,existence,219.59
54,24,30,debt,161.17
64,17,47,existence,112.7
133,63,70,existence,271.51
10,3,7,debt,44.76
51,7,44,existence,131.51
90,7,83,payment,169.61
45,3,42,payment,96.32
106,67,39,debt,299.2
79,7,72,payment,182.76
32,27,5,payment,103.64
24,15,9,debt,93.65
44,32,12,debt,115.02
17,3,14,payment,52.83
66,53,13,debt,195.97
5,3,2,existence,11.62
38,19,19,payment,81.33
113,95,18,payment,321.5
143,103,40,existence,438.26
55,17,38,existence,154.21
31,7,24,payment,96.74
108,68,40,existence,191.82
145,131,14,debt,494
142,33,109,payment,237.93
94,80,14,debt,266.68
102,101,1,existence,309.83
24,17,7,debt,74.11
47,29,18,debt,160.13
107,75,32,payment,220.08
45,22,23,debt,110.84
145,84,61,debt,314.07
140,80,60,debt,323.87
145,8,137,debt,242.28
146,99,47,existence,355.04
129,13,116,debt,297.6
102,2,100,existence,150.57
152,51,101,payment,327.53
26,9,17,payment,77.04
73,10,63,existence,114.61
4,3,1,debt,16.7
34,8,26,debt,96.37
129,96,33,existence,246.88
27,5,22,debt,50.85
138,122,16,existence,282.55
61,28,33,existence,122.37
141,51,90,existence,306.5
3,3,0,debt,34.5
126,56,70,payment,329.52
146,81,65,payment,410.46
95,24,71,existence,176.61
153,81,72,existence,496.08
17,10,7,payment,41.06
6,5,1,existence,15.87
25,13,12,debt,93.44
4,4,0,existence,12.34
128,102,26,payment,273.59
76,56,20,debt,244.95
48,25,23,debt,124.15
58,42,16,payment,198
58,21,37,payment,153.38
134,41,93,payment,223.91
153,16,137,debt,323.11
18,7,11,debt,63.17
59,31,28,existence,115.51
146,140,6,payment,405.67
126,27,99,payment,209.35
56,4,52,existence,94.6
104,37,67,debt,325.92
106,46,60,existence,250.51
143,29,114,debt,319.87
29,8,21,debt,65.06
127,110,17,debt,353.02
52,31,21,existence,125.99
136,66,70,debt,299.77
13,13,0,existence,40.24
65,54,11,existence,207.09
106,8,98,existence,164.01
146,28,118,payment,365.27
79,3,76,debt,203.64
149,39,110,payment,324.93
79,55,24,existence,226.19
6,3,3,existence,14.74
95,23,72,payment,193.32
89,85,4,debt,316.33
149,128,21,debt,516.98
139,40,99,debt,379.36
11,11,0,payment,48.52
81,29,52,payment,193.32
135,93,42,existence,419.13
48,37,11,payment,148.86
37,2,35,debt,103.72
85,21,64,existence,207.7
27,23,4,debt,75.09
140,52,88,existence,288.05
59,19,40,existence,155.77
16,16,0,payment,62.72
67,51,16,payment,214.11
76,52,24,debt,239.12
122,85,37,existence,389.24
86,25,61,debt,234.27
95,49,46,debt,202.06
84,50,34,payment,285.82
72,72,0,existence,142.69
145,107,38,payment,329.56
53,28,25,debt,129.69
87,22,65,payment,190.11
23,8,15,debt,51.57
106,82,24,existence,237.37
62,3,59,payment,157.3
106,91,15,payment,331.25
29,3,26,debt,79
72,61,11,payment,174.54
114,4,110,payment,256.15
91,82,9,payment,264.48
128,32,96,debt,228.73
139,10,129,debt,190.49
154,79,75,payment,430.85
24,11,13,payment,70.21
153,62,91,payment,452.18
25,25,0,debt,94.61
89,37,52,existence,162.59
11,2,9,existence,17.99
152,55,97,existence,372.96
19,16,3,payment,62.96
64,54,10,payment,163.26
126,63,63,debt,228.82
17,5,12,payment,39.14
68,66,2,existence,174.28
75,54,21,debt,205.36
100,65,35,existence,230.59
61,22,39,payment,123.56
84,47,37,payment,165.54
86,3,83,payment,137.93
139,24,115,payment,248.56
120,104,16,existence,285.13
147,82,65,payment,285.99
149,114,35,payment,432.83
65,3,62,debt,167.15
90,51,39,existence,272.93
70,60,10,existence,204.32
65,29,36,existence,184.24
85,77,8,payment,190.4
141,70,71,payment,282.44
147,75,72,existence,320.57
123,29,94,existence,207.15
117,88,29,payment,404.51
140,27,113,payment,320.16
79,15,64,payment,140.77
35,2,33,payment,81.18
19,13,6,existence,37.13
29,10,19,existence,67.83
41,14,27,payment,98.14
95,35,60,existence,228.17
153,115,38,existence,342.26
120,19,101,debt,335.59
60,11,49,payment,123.25
84,50,34,debt,235.43
146,122,24,debt,384.75
147,62,85,payment,353.66
70,64,6,payment,177.96
7,7,0,existence,18.17
106,46,60,existence,264.07
126,74,52,debt,393.55
113,66,47,existence,263.31
64,25,39,payment,145.45
147,49,98,debt,332.08
57,6,51,debt,154.18
103,19,84,existence,222.7
8,2,6,payment,32.27
89,9,80,payment,131.28
93,90,3,payment,341.49
5,3,2,debt,20.37
56,11,45,debt,115.3
15,15,0,debt,42.53
76,16,60,payment,189.48
137,87,50,payment,347.25
73,2,71,debt,118.74
73,29,44,debt,177.17
112,10,102,debt,278.49
40,39,1,debt,136.5
63,19,44,existence,171.64
117,61,56,debt,336.66
45,1,44,debt,111.78
54,7,47,debt,157.29
75,39,36,payment,237.48
120,14,106,payment,254.86
47,2,45,payment,104.45
98,24,74,existence,244.1
105,86,19,debt,248.15
115,61,54,payment,264.08
36,10,26,debt,77.99
109,14,95,debt,247.42
41,35,6,payment,146.99
115,53,62,existence,286.73
41,27,14,debt,124.9
10,1,9,payment,32.57
30,14,16,debt,106.36
109,22,87,payment,228.67
58,50,8,existence,143.22
87,56,31,payment,265.52
34,9,25,debt,110.91
49,39,10,existence,119.11
110,72,38,existence,314.93
114,19,95,payment,241.66
152,81,71,existence,316.2
126,110,16,existence,248.65
60,23,37,existence,126.93
4,4,0,debt,31.94
121,111,10,debt,369.64
100,67,33,payment,263.55
137,120,17,debt,281.72
106,99,7,payment,349.2
47,13,34,debt,77.93
15,10,5,existence,43.8
11,4,7,existence,21.76
127,80,47,debt,298.52
147,30,117,payment,319.32
28,1,27,existence,50.17
74,35,39,existence,163.08
69,9,60,payment,141.42
143,119,24,existence,412.22
128,78,50,existence,322.78
77,22,55,payment,210.16
52,8,44,existence,79.1
110,93,17,debt,357.97
109,108,1,existence,357.83
89,52,37,existence,203.17
1,1,0,existence,2.49
73,51,22,payment,242.64
153,18,135,debt,406.72
47,18,29,existence,117.67
133,114,19,debt,449.61
138,69,69,existence,306.69
57,46,11,payment,146.88
115,89,26,payment,260.98
39,38,1,payment,133.89
62,37,25,existence,122.15
93,45,48,debt,280.44
93,67,26,debt,233.03
29,27,2,debt,108.43
12,2,10,payment,40.19
153,89,64,payment,457.37
154,67,87,payment,421.55
7,7,0,payment,33.69
156,87,69,debt,286.03
18,2,16,debt,55.5
92,29,63,debt,156.14
149,88,61,existence,380.19
19,11,8,payment,64.76
49,41,8,debt,182.51
61,47,14,payment,185.4
98,48,50,payment,246.71
156,50,106,debt,348.82
110,52,58,debt,242.23
65,54,11,payment,183.56
91,74,17,payment,309.89
102,27,75,payment,155.69
36,32,4,existence,88.38
100,33,67,debt,243.7
27,10,17,debt,68.02
54,29,25,debt,179.6
13,13,0,existence,35.98
116,74,42,existence,368.67
5,1,4,existence,8.45
60,6,54,payment,111.88
148,88,60,existence,435.42
18,2,16,existence,26.24
28,18,10,existence,93.2
28,18,10,existence,52.54
136,127,9,payment,320.63
117,74,43,existence,317.12
7,2,5,existence,16.57
52,33,19,existence,123.94
83,33,50,existence,197.36
121,29,92,existence,310.56
134,93,41,debt,453.85
57,51,6,debt,143.78
80,13,67,debt,182.55
46,13,33,debt,88.68
48,3,45,payment,115.23
33,13,20,debt,69.13
124,71,53,payment,259.9
138,111,27,existence,324.34
123,40,83,existence,301.3
1,1,0,payment,14.84
16,14,2,existence,57.01
157,149,8,payment,542.28
150,108,42,existence,325.35
59,40,19,debt,126.69
132,10,122,existence,278.88
80,65,15,debt,216.84
111,65,46,payment,273
133,6,127,existence,262.96
72,67,5,debt,291.91
157,76,81,payment,389.3
47,2,45,payment,85.45
1,1,0,existence,2.57
118,84,34,debt,322.05
4,3,1,existence,10.99
75,36,39,payment,169.55
128,21,107,existence,335.59
21,18,3,existence,40.32
156,44,112,debt,411.67
107,38,69,existence,316.23
97,26,71,existence,157.26
117,112,5,payment,349.1
17,2,15,debt,29.96
112,75,37,debt,258.18
134,101,33,payment,402.68
122,62,60,existence,218.85
60,12,48,payment,163.16
116,32,84,debt,266.52
128,22,106,payment,281.61
130,71,59,debt,279.06
69,62,7,existence,201.33
14,1,13,debt,55.49
153,33,120,payment,249.36
25,4,21,debt,79.46
37,14,23,existence,94.46
44,18,26,debt,88.06
119,89,30,debt,369.15
40,11,29,debt,105.93
50,1,49,existence,79.62
48,25,23,existence,136.97
66,41,25,payment,192.19
137,72,65,existence,312.96
66,45,21,existence,189.07
8,7,1,debt,49.53
67,19,48,existence,176.4
62,16,46,debt,125.29
67,62,5,payment,239.39
90,58,32,existence,265.83
10,5,5,existence,16.87
76,60,16,payment,213.25
9,6,3,debt,43.03
11,7,4,debt,56.4
98,47,51,existence,268.74
113,19,94,existence,155.51
1,1,0,existence,3.07
116,11,105,payment,220.6
153,46,107,debt,364.15
140,120,20,debt,348.82
63,48,15,payment,178.24
59,22,37,payment,156.12
59,48,11,payment,188.39
9,6,3,debt,41.84
155,96,59,existence,471.66
75,37,38,existence,213.34
134,63,71,debt,377.23
39,15,24,debt,76.18
21,19,2,payment,63.77
104,90,14,debt,243.68
111,9,102,payment,192.49
129,91,38,debt,445.7
154,34,120,debt,410.93
87,3,84,existence,113.72
42,41,1,payment,141.83
39,22,17,debt,145.24
40,14,26,payment,96.02
128,101,27,debt,383.33
151,86,65,payment,406.8
110,34,76,existence,242.14
20,1,19,debt,64.74
3,3,0,payment,15.74
42,34,8,payment,159.78
46,18,28,debt,144.91
61,46,15,payment,153.08
126,6,120,existence,160.02
28,12,16,payment,65.03
37,3,34,debt,81.03
33,30,3,payment,100.88
68,63,5,payment,202.33
26,7,19,payment,77.95
110,38,72,payment,203.29
122,63,59,existence,342.36
129,19,110,payment,190.92
80,46,34,existence,244.35
54,20,34,existence,140.93
123,123,0,existence,308.87
110,29,81,existence,155.11
31,2,29,payment,65.04
63,38,25,debt,172.79
137,33,104,debt,280.57
105,67,38,existence,304.87
3,3,0,debt,36.3
15,13,2,existence,50.5
95,20,75,debt,190.21
55,22,33,existence,134.41
120,19,101,payment,316.68
85,61,24,payment,244.16
85,44,41,debt,233.4
108,15,93,debt,235.08
68,16,52,debt,181.83
36,2,34,payment,82.63
76,58,18,debt,209.05
126,63,63,existence,240.48
127,94,33,payment,391.25
65,25,40,debt,146.54
41,24,17,debt,134.49
124,40,84,existence,206.09
91,88,3,debt,332.96
108,45,63,existence,232.75
14,13,1,payment,43.54
62,4,58,debt,159.52
71,45,26,existence,171.62
5,2,3,payment,20.52
50,46,4,existence,148.67
143,108,35,existence,496.26
134,89,45,existence,335.51
7,1,6,debt,21.4
72,20,52,payment,167.97
115,59,56,payment,263.96
89,19,70,existence,212
83,54,29,debt,182.21
30,15,15,existence,72.62
119,64,55,payment,298.31
14,1,13,existence,30.37
24,10,14,existence,51.95
116,27,89,payment,302.27
66,15,51,payment,140
72,58,14,payment,204.18
58,49,9,existence,193.16
73,35,38,debt,215.97
23,2,21,payment,51.69
62,54,8,debt,187.21
52,27,25,debt,132.57
100,59,41,debt,289.51
14,9,5,debt,56.65
57,54,3,existence,136.17
6,2,4,payment,28.04
89,60,29,debt,234.48
28,1,27,debt,55.68
135,92,43,payment,356.24
20,14,6,payment,78.75
89,25,64,debt,223.1
81,57,24,existence,172.43
5,1,4,existence,12.98
20,8,12,existence,48.6
81,34,47,payment,159.77
54,3,51,debt,140.05
28,1,27,existence,56.95
20,14,6,existence,45.15
45,33,12,debt,157.26
54,11,43,payment,137.72
39,36,3,existence,126.64
37,4,33,existence,60.55
136,17,119,existence,354.13
79,68,11,payment,231.13
117,6,111,payment,203.01
134,133,1,payment,432.04
144,94,50,debt,390.77
81,54,27,existence,205.01
97,16,81,payment,217.61
45,10,35,debt,132.55
152,93,59,existence,275.55
37,37,0,payment,124.54
63,32,31,existence,148.45
95,16,79,payment,143.12
48,39,9,debt,121.21
126,93,33,debt,308.05
4,4,0,payment,23.29
92,35,57,existence,229.68
150,83,67,debt,416.62
122,106,16,debt,361.82
150,100,50,payment,317.53
65,34,31,existence,160.97
114,24,90,existence,186.25
119,77,42,payment,370.97
136,75,61,existence,257.25
34,22,12,debt,92.89
126,44,82,payment,315.56
84,65,19,payment,195.74
94,67,27,existence,279.64
61,36,25,debt,151
80,16,64,payment,210.48
138,6,132,debt,346.3
22,16,6,payment,72.67
131,120,11,debt,376.42
147,49,98,payment,318.74
75,13,62,debt,123.8
69,25,44,debt,174.34
71,28,43,existence,207.48
26,1,25,existence,37.17
68,25,43,debt,136.88
55,40,15,existence,160.53
14,2,12,existence,33.4
56,39,17,existence,131.81
150,122,28,payment,368.58
42,41,1,debt,164.93
108,66,42,payment,330.41
124,116,8,debt,285.52
97,46,51,payment,207.85
45,7,38,debt,108.63
10,9,1,debt,58.11
127,89,38,debt,294.2
10,7,3,debt,31.71
58,19,39,debt,162.94
141,89,52,debt,415.81
7,5,2,payment,28.68
99,37,62,debt,167.54
71,20,51,existence,149.74
11,9,2,debt,37.54
4,3,1,payment,28.08
85,58,27,existence,196.18
38,16,22,payment,106.51
131,50,81,debt,281.12
91,68,23,existence,177.76
10,1,9,existence,17.16
6,5,1,payment,18.26
27,9,18,existence,43.2
117,100,17,debt,338.55
15,11,4,existence,38.09
51,33,18,debt,162.15
156,145,11,debt,411.87
155,43,112,payment,319.87
112,51,61,debt,216.67
32,11,21,existence,83.68
63,31,32,debt,190.61
45,31,14,existence,97.97
74,27,47,debt,122.78
67,14,53,existence,119.59
40,28,12,payment,136.06
122,23,99,payment,253.71
4,4,0,debt,19.62
26,9,17,debt,82.72
122,76,46,debt,326.11
61,43,18,payment,210.51
135,90,45,payment,362.79
84,37,47,existence,243.97
86,66,20,debt,262.56
124,33,91,existence,244.27
119,113,6,payment,287.61
112,92,20,debt,371.14
130,11,119,existence,332.7
33,31,2,debt,114.52
10,4,6,debt,38.97
82,73,9,debt,234.79
103,61,42,existence,196.79
59,29,30,debt,132.27
55,37,18,debt,177.95
62,10,52,payment,132.85
41,36,5,debt,147.97
62,22,40,payment,169.45
106,67,39,payment,246.53
86,2,84,payment,125.02
105,60,45,payment,212.9
5,1,4,debt,15.06
95,16,79,payment,206.73
55,28,27,existence,163.47
35,17,18,existence,95.17
138,15,123,existence,202.51
22,20,2,debt,90.63
113,75,38,payment,363.46
57,15,42,debt,140.53
144,55,89,debt,295.49
113,75,38,debt,244.04
128,88,40,existence,282.83
156,24,132,existence,331.06
103,77,26,payment,252.48
115,66,49,existence,304.56
64,44,20,debt,191.19
14,8,6,debt,39.41
59,6,53,existence,116.54
8,4,4,payment,32
39,14,25,existence,67.93
40,38,2,payment,135.15
46,32,14,existence,150.67
68,50,18,payment,211.94
114,72,42,payment,313.54
75,44,31,existence,161.25
145,102,43,payment,303.46
108,24,84,payment,188.89
151,87,64,debt,262.81
46,20,26,debt,109.66
22,22,0,payment,59.4
39,32,7,debt,128.48
42,32,10,debt,158.78
57,34,23,existence,176.35
16,11,5,payment,57.13
91,54,37,payment,279.2
24,10,14,existence,54.28
117,117,0,payment,307.23
132,78,54,debt,381.41
58,17,41,debt,123.28
72,51,21,existence,163.64
34,12,22,existence,58.12
33,4,29,existence,77.15
56,52,4,debt,189.16
154,91,63,debt,429.19
74,40,34,existence,184.42
152,83,69,existence,482.93
82,37,45,payment,234.25
93,65,28,debt,281.69
50,20,30,payment,112.95
22,5,17,payment,44.88
120,64,56,debt,242.22
151,30,121,payment,339.48
49,29,20,debt,155.17
103,89,14,payment,246.75
113,108,5,existence,338.32
33,23,10,payment,105.71
15,6,9,payment,46.91
111,89,22,payment,394.43
106,28,78,payment,184.97
102,15,87,existence,219.93
110,85,25,payment,274.23
83,58,25,payment,264.89
154,45,109,debt,315.58
128,76,52,payment,325.58
52,32,20,payment,183.75
42,11,31,debt,125.77
17,14,3,existence,41.74
14,11,3,payment,52.72
19,7,12,debt,54.91
68,1,67,existence,101.72
130,26,104,existence,278.93
41,33,8,debt,83.7
76,13,63,payment,132.2
6,3,3,payment,17.64
130,66,64,payment,260.37
107,42,65,payment,279.77
52,45,7,existence,127.44
6,1,5,debt,22.22
14,3,11,debt,49.98
139,39,100,payment,272.83
2,2,0,payment,11.87
80,4,76,payment,206.11
51,35,16,existence,131.1
46,46,0,debt,157.91
57,8,49,debt,123.6
69,66,3,existence,195.89
10,1,9,payment,22.08
110,38,72,payment,302.65
28,7,21,existence,44.19
140,125,15,payment,358.49
47,45,2,payment,165.68
65,54,11,payment,158.66
147,95,52,payment,430.23
125,39,86,debt,298.85
26,23,3,existence,75.13
29,13,16,debt,99.33
92,7,85,debt,197.23
60,12,48,debt,166.12
38,2,36,existence,73.84
94,15,79,payment,152.56
137,48,89,existence,313.23
81,17,64,payment,158.57
51,40,11,existence,138.64
89,76,13,existence,276.98
2,1,1,existence,5.2
131,31,100,debt,326.37
16,10,6,payment,44.03
80,44,36,payment,184.57
12,1,11,existence,21.73
99,67,32,existence,194.51
153,33,120,payment,308.52
152,133,19,existence,305.71
28,18,10,debt,107.42
53,51,2,debt,153.43
142,118,24,debt,428.57
63,52,11,debt,185.93
38,23,15,existence,90.52
10,10,0,payment,34.03
88,78,10,existence,291.16
71,51,20,debt,232.52
90,72,18,debt,247.44
113,107,6,existence,343.84
48,40,8,debt,133.67
83,56,27,debt,182
150,129,21,debt,527.73
114,97,17,payment,365.76
60,9,51,existence,132.11
23,7,16,debt,88.17
134,4,130,existence,230.23
37,8,29,debt,109.15
25,25,0,payment,79.93
57,48,9,payment,137.51
21,2,19,payment,51.99
93,21,72,payment,198.75
125,32,93,payment,261.31
124,39,85,debt,226.96
14,10,4,existence,37.58
145,47,98,existence,234.09
19,8,11,debt,64.46
51,32,19,existence,169.74
143,93,50,payment,306.49
39,15,24,payment,79.89
4,3,1,debt,20.68
58,52,6,debt,180.37
23,18,5,debt,82.13
22,17,5,debt,92.77
22,16,6,payment,79.83
128,114,14,debt,362.7
119,29,90,debt,224.21
111,49,62,debt,331.36
13,12,1,existence,32.76
53,1,52,existence,108.93
94,11,83,debt,141.93
100,20,80,existence,245.33
36,11,25,payment,74.82
51,11,40,debt,147.4
78,57,21,payment,254.91
71,31,40,payment,225.81
31,31,0,payment,115.01
4,1,3,existence,6.07
140,48,92,debt,216.43
67,5,62,debt,189.8
113,58,55,existence,231.93
84,84,0,payment,272.16
90,44,46,payment,216.57
80,1,79,existence,135.09
122,60,62,existence,333.4
24,1,23,debt,52.17
94,84,10,debt,218.5
94,24,70,debt,265.87
111,25,86,existence,169.18
102,7,95,payment,158.41
29,24,5,existence,78.93
62,4,58,debt,119.64
109,46,63,debt,229.3
53,38,15,debt,133.55
28,16,12,existence,49.27
94,78,16,debt,323.99
39,3,36,existence,85.71
136,54,82,existence,362.92
21,7,14,payment,51.92
36,8,28,payment,82.75
42,17,25,existence,78.46
17,16,1,debt,71.12
63,54,9,payment,154.79
69,4,65,existence,97.86
94,44,50,existence,192.74
137,60,77,existence,378.98
96,19,77,payment,171.46
79,23,56,existence,173.12
126,93,33,payment,420.44
78,30,48,existence,126.57
117,62,55,debt,346.9
136,129,7,existence,337.81
100,73,27,payment,269.94
1,1,0,debt,28.67
80,27,53,existence,194.97
17,1,16,payment,33.76
85,51,34,payment,214.13
81,34,47,payment,156.87
108,54,54,payment,219.73
117,1,116,payment,278.54
32,11,21,debt,105.15
128,88,40,existence,374.86
112,69,43,payment,286.43
54,34,20,debt,164.7
17,13,4,payment,59.24
25,20,5,payment,99.38
121,78,43,payment,320.94
137,133,4,payment,466.68
110,79,31,debt,316.4
136,126,10,debt,513.46
133,90,43,existence,370.54
9,5,4,existence,24.61
10,8,2,payment,48.14
136,119,17,payment,371.64
139,32,107,debt,227.98
93,33,60,existence,195.93
71,45,26,existence,218.01
57,56,1,payment,141.1
42,5,37,debt,81.72
61,18,43,existence,159.43
117,114,3,debt,459.85
10,4,6,payment,43.92
61,7,54,payment,145.47
76,60,16,existence,216.76
157,146,11,debt,512.69
75,7,68,payment,188.01
66,52,14,existence,151.34
76,25,51,existence,132.13
150,125,25,existence,460.72
20,20,0,existence,56.29
18,1,17,debt,61.49
32,22,10,debt,134.71
67,49,18,payment,218.46
32,31,1,debt,103.26
135,125,10,payment,384.03
25,8,17,existence,58.92
14,12,2,existence,31.28
112,5,107,existence,238.12
121,31,90,debt,305.23
105,70,35,payment,349.7
63,39,24,payment,150.97
118,109,9,payment,299.76
18,7,11,existence,39.13
70,32,38,payment,207.01
114,62,52,debt,296.35
45,26,19,existence,85.07
26,15,11,debt,82.08
56,2,54,debt,108.8
147,64,83,existence,371.96
44,15,29,existence,81.66
83,37,46,payment,229.28
139,9,130,existence,260.95
83,39,44,existence,196.26
32,16,16,payment,106.28
44,24,20,payment,137.19
93,49,44,payment,197.78
72,11,61,existence,186.96
28,28,0,debt,100.7
49,24,25,payment,119.67
77,14,63,payment,158.41
76,38,38,debt,226.04
100,19,81,payment,183.24
138,129,9,debt,429.16
36,18,18,debt,108.82
69,61,8,existence,188.64
73,67,6,debt,225.18
52,46,6,payment,174.29
89,14,75,existence,168.81
46,17,29,payment,101.04
85,79,6,debt,225.33
137,70,67,existence,334.66
149,117,32,payment,337.56
90,18,72,debt,236.54
22,11,11,existence,44.48
56,42,14,payment,119.73
144,134,10,debt,500.67
36,6,30,payment,96.55
117,39,78,payment,205.64
85,68,17,debt,206.35
118,18,100,payment,217.32
93,84,9,payment,353.75
71,5,66,payment,189.67
69,16,53,payment,154.85
33,6,27,payment,77.16
26,10,16,existence,50.45
69,57,12,existence,152.82
135,43,92,payment,367.71
114,101,13,existence,329.27
156,28,128,payment,375.66
154,89,65,existence,360.22
157,100,57,payment,504.69
96,67,29,debt,293.23
28,18,10,payment,88.23
138,79,59,existence,347.73
67,9,58,debt,102.78
92,57,35,payment,292.97
137,90,47,existence,378.4
152,140,12,existence,360.39
100,83,17,debt,271.76
153,124,29,existence,356.08
75,33,42,debt,192.08
85,84,1,debt,327.67
31,29,2,debt,89.32
12,7,5,payment,25.77
93,89,4,debt,332.28
91,3,88,debt,243.32
93,90,3,existence,251.89
98,2,96,existence,229.01
41,19,22,debt,125.61
21,20,1,debt,76.03
153,71,82,existence,304.63
157,107,50,payment,450.84
104,33,71,existence,197.58
86,62,24,payment,178.42
86,16,70,existence,119.98
113,60,53,payment,265
139,115,24,debt,443.95
10,4,6,payment,40.92
122,15,107,payment,231.25
141,53,88,payment,328.64
52,38,14,payment,185.43
104,101,3,existence,241.09
125,98,27,existence,300.13
128,122,6,existence,310.45
139,5,134,payment,225.53
58,25,33,payment,148.62
22,6,16,existence,42.63
29,20,9,debt,81.67
81,15,66,payment,151.1
78,11,67,existence,148.11
53,21,32,debt,111.85
38,22,16,debt,116.1
127,4,123,payment,282.69
42,15,27,payment,115.25
114,72,42,existence,261.39
157,18,139,payment,355.35
37,33,4,existence,76.29
120,23,97,payment,266.7
25,5,20,payment,51.74
52,49,3,existence,124.58
129,64,65,payment,281.63
121,79,42,payment,324.04
131,116,15,existence,339.89
56,7,49,existence,107.91
93,38,55,payment,274.23
76,34,42,payment,160.85
86,10,76,payment,212.7
64,62,2,payment,208.33
132,129,3,debt,378.75
70,15,55,payment,194.76
93,4,89,debt,251.68
112,95,17,existence,324.54
76,8,68,payment,103.22
25,14,11,payment,67.96
140,123,17,debt,334.74
42,32,10,existence,146.8
143,105,38,existence,433.67
41,11,30,debt,126.76
122,29,93,debt,220.95
24,17,7,debt,100.74
29,10,19,existence,50.63
146,93,53,payment,395.73
96,24,72,debt,229.1
35,20,15,debt,105.25
151,134,17,payment,386.51
91,51,40,payment,288.7
21,1,20,payment,36.84
33,20,13,existence,76.6
152,124,28,payment,421.93
99,24,75,debt,246.32
50,13,37,debt,149.92
89,54,35,payment,194.95
142,22,120,payment,360.92
128,52,76,debt,240.82
153,116,37,debt,473.33
131,37,94,existence,234.08
12,5,7,existence,22.18
140,138,2,payment,347.28
66,27,39,debt,170.21
32,8,24,existence,49.35
134,52,82,payment,257.91
49,46,3,debt,171.78
105,27,78,payment,187.81
47,7,40,payment,110.42
101,80,21,debt,308.7
47,10,37,payment,112.7
121,90,31,payment,310.07
29,21,8,payment,92.52
74,37,37,existence,147.75
133,46,87,existence,217.83
24,18,6,payment,83.81
117,110,7,payment,244.23
119,33,86,debt,222.36
145,127,18,payment,397.68
133,111,22,debt,365.86
138,1,137,existence,316.35
84,35,49,debt,218.99
110,18,92,payment,201.49
35,34,1,payment,134.59
11,1,10,debt,32.23
136,31,105,debt,352.74
126,54,72,debt,302.61
8,5,3,payment,28.34
129,17,112,existence,270.69
3,3,0,debt,22.38
29,26,3,existence,96.71
151,124,27,payment,377.79
96,61,35,debt,212.78
83,38,45,payment,154.61
36,15,21,existence,103.26
147,98,49,debt,447.74
63,33,30,debt,178.96
6,6,0,payment,34.85
109,93,16,debt,384.11
124,123,1,payment,437.05
106,60,46,payment,282.91
113,26,87,existence,173.08
97,7,90,debt,178.52
45,36,9,debt,147.41
32,9,23,debt,101.72
105,86,19,debt,301.93
40,16,24,debt,114.61
12,4,8,payment,31.75
131,119,12,payment,409.73
59,13,46,debt,139.47
31,28,3,payment,83.49
46,23,23,existence,76.56
107,67,40,payment,253.5
47,25,22,debt,130.08
127,38,89,payment,274.66
3,3,0,debt,25.87
81,33,48,payment,243.2
29,11,18,payment,73.45
13,12,1,payment,38.4
32,4,28,existence,51.85
135,53,82,payment,237.94
8,7,1,payment,42.2
31,7,24,payment,93.46
50,34,16,existence,99.66
101,46,55,existence,192.55
25,5,20,payment,77.91
26,5,21,existence,69.05
116,62,54,existence,318.31
143,136,7,existence,417.37
143,56,87,payment,389.43
56,29,27,existence,145.19
128,39,89,payment,232.87
110,23,87,debt,256.65
117,62,55,debt,385.07
56,33,23,existence,138.92
23,22,1,existence,66.88
115,38,77,existence,259.4
123,72,51,existence,301.73
6,1,5,payment,28.91
79,23,56,payment,227.8
33,21,12,debt,96.6
101,67,34,existence,271.17
45,6,39,payment,123.99
27,25,2,existence,79.73
118,116,2,existence,302
155,67,88,existence,288.53
50,32,18,existence,120.28
123,55,68,existence,368.11
155,126,29,existence,399.5
65,26,39,payment,150.43
125,94,31,existence,280.87
149,46,103,debt,239.24
124,20,104,existence,194.61
152,47,105,existence,262.76
51,32,19,existence,148.25
39,29,10,payment,127.1
82,34,48,payment,241.12
59,28,31,payment,172.99
54,14,40,debt,160.96
151,23,128,existence,201.35
2,1,1,payment,14.85
48,24,24,payment,79.94
9,4,5,debt,35.96
133,13,120,debt,305.91
62,40,22,existence,199.26
110,10,100,payment,296.54
34,11,23,debt,100.4
105,28,77,debt,270.67
22,6,16,payment,60.89
88,46,42,existence,165.84
39,16,23,debt,84.08
155,5,150,payment,322.7
103,56,47,debt,218.43
32,21,11,payment,80.93
117,74,43,existence,345.15
18,3,15,payment,51.56
125,40,85,debt,257.28
124,54,70,debt,381.11
118,7,111,existence,269.83
68,25,43,existence,183.07
147,27,120,payment,361.44
1,1,0,existence,3.48
73,7,66,debt,186.51
77,64,13,debt,202.73
71,26,45,existence,140.92
86,29,57,debt,217.8
35,4,31,existence,46.74
33,14,19,payment,61.52
4,2,2,existence,12.12
62,44,18,debt,155.15
40,40,0,debt,150.32
87,56,31,payment,215.91
88,29,59,payment,199.96
155,82,73,payment,431.17
85,29,56,payment,205.93
59,4,55,existence,116.77
149,42,107,debt,330.96
68,22,46,existence,145.61
132,40,92,debt,338.88
57,53,4,debt,159.02
132,83,49,existence,400.69
32,2,30,payment,92.59
35,22,13,existence,112.9
14,11,3,existence,40.77
146,66,80,debt,293.86
142,22,120,payment,281.34
17,16,1,payment,64.41
36,22,14,debt,125.24
43,10,33,payment,71.65
29,19,10,existence,59.51
57,5,52,existence,83.45
24,17,7,existence,48.6
45,35,10,payment,171.44
10,7,3,payment,36.05
63,20,43,payment,162.62
45,44,1,existence,147.22
12,3,9,debt,28.47
122,32,90,debt,331.42
157,2,155,payment,297.76
28,17,11,debt,74.97
38,3,35,payment,69.29
102,41,61,existence,198.3
121,117,4,existence,315.91
51,9,42,debt,115.42
2,2,0,debt,31.41
129,55,74,payment,293.11
157,113,44,existence,482.91
75,56,19,payment,246.85
53,38,15,existence,111.91
94,22,72,debt,279.7
36,3,33,existence,72.71
35,14,21,payment,79.29
46,9,37,payment,99.38
114,32,82,existence,184.73
71,51,20,existence,205.01
122,117,5,existence,316.29
62,54,8,payment,142.56
67,1,66,payment,107.11
99,37,62,payment,235.81
29,24,5,payment,93.42
7,1,6,payment,27.91
121,10,111,payment,173.52
41,26,15,existence,119.2
1,1,0,payment,14.59
154,103,51,payment,438.87
107,53,54,payment,320.2
13,4,9,existence,30.75
150,107,43,existence,482.52
61,54,7,payment,158.2
22,6,16,payment,56.46
41,26,15,existence,129.47
10,4,6,existence,23.74
70,65,5,existence,234.12
127,77,50,existence,357.02
19,3,16,existence,41.11
93,22,71,debt,179.92
44,14,30,existence,109.53
91,45,46,debt,254.91
104,52,52,payment,329.95
135,59,76,existence,343.57
89,60,29,existence,258.41
61,50,11,payment,227.95
157,69,88,payment,354.35
33,11,22,debt,60.85
76,27,49,existence,192.68
110,65,45,debt,266.7
86,67,19,payment,281.26
63,6,57,payment,120.15
53,34,19,payment,175.02
88,11,77,existence,163.09
106,84,22,payment,360.65
62,55,7,debt,207.81
36,29,7,debt,141.11
131,13,118,debt,271.52
102,17,85,existence,223.71
119,55,64,debt,324.29
28,26,2,existence,71.56
63,52,11,existence,215.86
67,49,18,debt,170.94
119,91,28,existence,359.55
99,4,95,payment,245.49
103,90,13,debt,331.6
34,2,32,debt,103.35
58,31,27,existence,143.82
60,40,20,debt,175.37
124,93,31,payment,403.64
73,59,14,existence,209.75
117,62,55,debt,292.2
91,90,1,debt,236.85
110,61,49,existence,269.03
120,54,66,payment,214.05
17,6,11,payment,48.16
119,10,109,debt,172.3
80,3,77,payment,199.67
31,4,27,existence,61.81
75,10,65,existence,136.47
106,18,88,debt,274.03
123,105,18,debt,384.73
80,21,59,payment,152.46
49,32,17,payment,129.76
98,92,6,payment,291.88
61,34,27,payment,200.91
62,5,57,payment,145.05
102,57,45,debt,224.05
141,137,4,payment,445.38
53,15,38,existence,151.16
31,22,9,payment,116.93
82,46,36,payment,183.34
36,4,32,debt,66.65
45,10,35,debt,115.81
22,3,19,debt,71.94
145,125,20,debt,327.62
75,14,61,payment,178.62
119,22,97,debt,313.14
60,24,36,payment,106.99
35,25,10,existence,76.97
130,85,45,existence,382.57
11,10,1,debt,61.08
57,16,41,existence,92.85
102,85,17,payment,229.26
118,102,16,debt,283.69
27,10,17,payment,83.18
156,50,106,existence,425.92
69,60,9,existence,138.78
88,48,40,existence,242.72
123,7,116,payment,212.68
65,52,13,existence,204.42
148,116,32,debt,330.96
61,50,11,existence,130.01
28,16,12,payment,67.98
121,79,42,payment,297.42
142,121,21,debt,469.17
42,18,24,payment,127.68
94,7,87,payment,150.08
8,8,0,debt,41.67
93,82,11,existence,254.06
94,2,92,payment,178.07
140,98,42,debt,388.7
66,54,12,existence,158.23
72,10,62,existence,136.2
116,63,53,debt,301.8
16,16,0,payment,55.58
113,22,91,existence,236.43
65,21,44,payment,149.16
103,63,40,debt,268.3
53,45,8,payment,126.86
81,63,18,existence,170.02
156,59,97,payment,304.23
91,53,38,payment,222.51
6,4,2,payment,33.78
99,22,77,debt,248.7
7,6,1,payment,31.56
150,82,68,debt,340.25
65,39,26,payment,182.29
43,14,29,payment,113.12
95,9,86,existence,186
147,4,143,payment,328.56
35,31,4,payment,124.64
114,26,88,debt,226.09
57,39,18,existence,147.7
77,6,71,existence,167.9
32,6,26,debt,104.41
14,5,9,existence,32.07
123,37,86,payment,217.44
18,5,13,debt,53.61
113,2,111,existence,199.54
44,21,23,payment,109.4
91,68,23,existence,297.28
120,93,27,debt,394.55
78,19,59,existence,164.8
154,88,66,payment,337.31
112,35,77,existence,222.59
53,45,8,existence,100.98
67,8,59,existence,170.8
91,47,44,payment,222.88
10,9,1,payment,51.23
118,69,49,debt,351.1
79,18,61,debt,219.83
143,108,35,existence,354.4
38,33,5,debt,104.88
30,26,4,debt,111.41
8,1,7,debt,28.88
115,66,49,payment,253.65
10,9,1,existence,24.49
87,62,25,debt,254.22
121,22,99,debt,228.65
105,72,33,existence,208.18
65,5,60,payment,90.15
26,2,24,debt,60.59
35,8,27,debt,94.86
43,20,23,payment,129.7
20,16,4,existence,38.9
60,37,23,debt,131.35
25,15,10,debt,70.68
78,44,34,existence,216.18
102,43,59,debt,256.39
105,94,11,existence,298.59
13,5,8,debt,43.2
24,3,21,existence,44.63
21,21,0,payment,70.8
48,43,5,payment,144.56
154,43,111,debt,345.91
44,15,29,payment,83.67
58,54,4,debt,172.71
118,56,62,payment,332.11
39,10,29,debt,99.56
150,51,99,payment,312.78
155,47,108,existence,327.94
108,13,95,debt,174.3
122,12,110,payment,309.6
12,9,3,existence,29.83
100,76,24,existence,253.21
14,4,10,payment,34.97
26,20,6,existence,49.64
144,60,84,existence,357.95
52,1,51,debt,102.85
12,12,0,existence,35.02
59,45,14,debt,193.24
87,79,8,payment,301.33
29,6,23,payment,71.52
27,10,17,existence,51.95
73,32,41,debt,189.1
152,3,149,debt,228.47
118,8,110,debt,300.73
147,90,57,payment,394.22
134,94,40,payment,345.91
96,59,37,debt,256.15
25,2,23,debt,70.08
154,116,38,payment,458.69
52,1,51,existence,99.16
5,4,1,payment,28.02
19,1,18,debt,72.33
62,26,36,payment,118.87
10,4,6,payment,29.09
16,3,13,debt,58.78
77,5,72,existence,196.09
33,30,3,payment,98.23
119,82,37,debt,313.74
26,13,13,payment,76.59
117,66,51,debt,306.1
39,15,24,debt,124.71
5,2,3,debt,29.56
11,4,7,debt,47.61
5,5,0,debt,21.25
77,66,11,payment,214.3
113,40,73,payment,195.24
127,35,92,existence,270.04
42,28,14,payment,115.51
40,29,11,payment,85.46
21,7,14,debt,62.09
91,47,44,existence,228.12
44,21,23,existence,102.01
8,6,2,debt,29.25
32,1,31,existence,39.99
19,5,14,payment,46.29
75,34,41,existence,222.77
141,126,15,debt,421.4
110,109,1,payment,377.79
114,13,101,existence,270.03
139,59,80,debt,278.48
143,1,142,payment,268.13
65,29,36,debt,218.16
31,22,9,payment,85.9
21,18,3,debt,79.22
1,1,0,payment,13.83
45,38,7,payment,133.06
16,12,4,existence,49.18
80,69,11,existence,176.15
148,138,10,existence,438.58
94,9,85,debt,214.84
16,7,9,existence,45.25
70,6,64,payment,133.11
135,43,92,debt,232.26
111,22,89,existence,261.08
5,3,2,payment,23.64
120,92,28,existence,390.3
72,30,42,existence,142.03
6,5,1,payment,39.13
66,42,24,existence,156.79
97,24,73,payment,160.54
116,75,41,existence,226.33
58,42,16,existence,117.36
30,1,29,existence,51.87
6,5,1,debt,30.25
57,35,22,payment,113.72
114,55,59,existence,244.4
130,98,32,existence,440.27
63,25,38,existence,154.39
56,7,49,existence,81.71
29,28,1,debt,127.24
80,58,22,payment,207.95
114,71,43,debt,260.59
86,86,0,existence,277.61
19,5,14,payment,67
90,69,21,payment,206.22
96,43,53,debt,283.75
80,49,31,existence,213.64
62,21,41,existence,174.53
42,22,20,payment,119.11
96,37,59,debt,266.46
124,70,54,payment,331.82
139,65,74,existence,381.54
13,10,3,payment,56.23
145,6,139,payment,233.39
115,55,60,existence,283.94
13,11,2,existence,40.2
109,98,11,payment,229.42
32,32,0,debt,80.51
106,52,54,debt,321.21
39,39,0,existence,115.77
3,2,1,debt,20.36
57,21,36,debt,125.41
127,123,4,existence,363.64
88,40,48,payment,177.28
55,32,23,debt,179.77
18,8,10,debt,59.06
101,46,55,existence,291.7
86,18,68,existence,206.18
111,85,26,payment,217.67
120,64,56,debt,287.3
76,37,39,debt,243.66
97,10,87,debt,171.51
106,10,96,existence,238.95
76,14,62,debt,145.68
47,14,33,debt,125.03
38,7,31,debt,115.55
121,2,119,debt,270.33
71,41,30,debt,157.99
43,13,30,existence,66.59
142,94,48,existence,463.7
35,3,32,debt,78.11
147,61,86,existence,343.06
61,39,22,payment,221.41
117,84,33,payment,341.54
10,8,2,existence,31.72
23,18,5,debt,90.5
60,33,27,payment,164.13
118,62,56,payment,240.5
49,25,24,debt,112.08
130,9,121,existence,329.43
83,59,24,payment,185.36
143,73,70,existence,343.56
27,1,26,debt,68.48
99,8,91,debt,253.99
67,29,38,debt,121.19
83,71,12,debt,206.49
14,10,4,debt,45.57
17,13,4,existence,40.25
23,19,4,payment,63.08
28,22,6,existence,99.77
58,8,50,payment,129.55
26,26,0,payment,80.54
44,17,27,payment,127.53
54,10,44,payment,100.13
151,17,134,existence,318.38
38,9,29,debt,89.15
94,85,9,payment,345.92
98,2,96,payment,183.25
149,140,9,payment,563.26
154,68,86,debt,358.24
80,38,42,existence,134.47
1,1,0,existence,3.47
110,72,38,payment,226.09
150,128,22,existence,358.06
75,38,37,payment,222.6
40,39,1,payment,135.36
156,1,155,existence,248.57
33,11,22,payment,103.65
149,18,131,payment,203.14
30,14,16,payment,92.17
34,19,15,existence,70.95
80,7,73,debt,187.5
149,86,63,debt,400.23
68,24,44,existence,126.93
60,26,34,payment,154.98
52,38,14,payment,107.76
59,21,38,existence,126.98
107,99,8,debt,364.03
90,43,47,existence,188.98
14,9,5,debt,74.28
18,12,6,debt,74.93
56,2,54,debt,103.64
110,49,61,existence,239.33
66,66,0,debt,226.11
140,47,93,existence,305.07
64,40,24,payment,133.46
26,17,9,debt,73.16
78,34,44,existence,145.32
45,2,43,payment,124.31
138,69,69,existence,330.17
42,18,24,debt,93.53
157,111,46,payment,430.33
109,37,72,existence,283.86
156,8,148,debt,343.73
83,33,50,existence,171.83
117,113,4,payment,401.56
130,113,17,debt,376.07
8,6,2,payment,29.64
154,153,1,payment,363.6
24,11,13,payment,65.76
17,9,8,existence,31.44
62,38,24,debt,174.8
87,47,40,payment,235.5
22,20,2,debt,84.65
28,11,17,existence,71.98
8,4,4,debt,38.6
25,18,7,debt,67.8
148,65,83,debt,291.83
143,7,136,existence,289.94
67,42,25,payment,196.31
96,30,66,existence,158.7
37,9,28,debt,71.92
44,31,13,debt,147.72
137,40,97,existence,248.69
71,7,64,existence,161.97
120,85,35,payment,312.77
63,15,48,existence,139.08
147,82,65,payment,313.73
87,29,58,payment,158.46
77,22,55,debt,149.17
125,91,34,payment,335.7
154,130,24,debt,416.18
70,57,13,existence,226.56
38,4,34,existence,86.89
95,67,28,payment,347.99
131,62,69,existence,363.76
39,5,34,payment,82.54
32,25,7,debt,88.79
148,43,105,payment,286.18
12,12,0,payment,53.69
157,65,92,payment,323.88
71,27,44,existence,181.6
97,70,27,debt,284.09
63,16,47,debt,169.08
11,4,7,existence,31.08
94,70,24,debt,251.25
92,67,25,existence,252.29
60,43,17,existence,178.05
122,70,52,payment,321.19
155,107,48,existence,380.12
112,25,87,payment,204.19
4,1,3,debt,29.04
41,16,25,payment,100.86
57,57,0,existence,191.54
108,18,90,payment,239.83
97,6,91,existence,206.44
105,38,67,debt,293.59
35,23,12,payment,123.06
56,50,6,payment,206.11
36,5,31,existence,93.69
1,1,0,debt,11.6
15,11,4,debt,52.59
117,70,47,payment,310.35
94,41,53,existence,169.05
114,112,2,payment,245.44
78,18,60,payment,131.88
24,15,9,existence,62.88
48,4,44,existence,89.78
127,101,26,payment,377.12
35,5,30,payment,75.57
58,30,28,debt,149.94
50,10,40,payment,90.75
37,22,15,payment,103.65
157,96,61,existence,458.55
33,1,32,existence,78.52
100,12,88,payment,221.58
144,7,137,existence,299.07
30,15,15,payment,81.77
129,95,34,debt,316.35
84,70,14,existence,253.71
38,22,16,existence,116.51
81,41,40,debt,260.06
119,63,56,payment,240.1
50,23,27,debt,145.14
93,93,0,debt,287.69
44,7,37,debt,84.19
131,115,16,debt,412.69
113,24,89,debt,200.08
10,7,3,payment,35.19
62,58,4,payment,192.02
123,25,98,debt,213.22
83,42,41,existence,164.92
40,1,39,debt,77.57
66,31,35,existence,130.17
119,6,113,existence,170.76
24,4,20,existence,59.83
68,36,32,payment,208.19
139,111,28,existence,325.13
137,31,106,payment,230.22
103,87,16,payment,322.08
61,42,19,debt,179.27
52,8,44,debt,133.88
95,57,38,debt,284.81
154,45,109,existence,409.9
122,111,11,payment,318.19
127,10,117,existence,229.94
91,81,10,debt,245.75
126,119,7,existence,321.58
41,16,25,debt,119.11
2,2,0,debt,18.57
62,32,30,payment,140.42
53,40,13,payment,190.4
39,26,13,existence,74.52
46,40,6,debt,148.21
108,44,64,payment,272.09
36,18,18,existence,69.48
76,13,63,debt,121.88
96,80,16,debt,293.62
50,28,22,existence,138.4
32,32,0,existence,97.22
22,1,21,payment,69.53
125,28,97,debt,260.67
135,127,8,existence,437.22
49,18,31,payment,104.44
96,49,47,debt,302.68
12,10,2,existence,32.6
52,17,35,debt,174.72
131,34,97,debt,335.89
61,56,5,existence,196.74
35,30,5,payment,75.86
107,90,17,payment,358.58
68,50,18,payment,149.58
107,46,61,payment,239.24
28,16,12,existence,53.46
147,55,92,debt,329.92
52,3,49,existence,96.5
147,83,64,debt,485.32
23,21,2,debt,88.57
71,51,20,payment,165.89
59,21,38,debt,171.46
30,16,14,payment,70.02
17,13,4,existence,58.3
40,24,16,payment,144.26
63,51,12,payment,176.92
97,30,67,debt,216.92
71,54,17,existence,180.19
148,133,15,existence,379.97
83,19,64,payment,204.52
39,8,31,debt,102.47
60,21,39,payment,154.09
10,10,0,existence,30.08
37,30,7,existence,78.63
83,52,31,debt,268.17
49,47,2,existence,138.21
151,17,134,payment,215.15
51,23,28,existence,115.85
126,72,54,payment,401.5
92,53,39,debt,248.29
81,23,58,payment,173.72
125,78,47,existence,294.34
123,78,45,payment,305.41
52,27,25,existence,122.31
56,20,36,debt,156.26
5,1,4,payment,25.21
136,80,56,debt,433.29
140,130,10,payment,480.99
11,1,10,existence,25.17
78,19,59,payment,170.71
33,29,4,debt,105.64
63,8,55,debt,151.53
106,56,50,existence,220
149,140,9,payment,435.74
119,24,95,existence,247.97
20,20,0,debt,81.26
49,7,42,debt,150.29
11,10,1,payment,44.65
106,34,72,existence,217.88
82,6,76,existence,112.14
81,14,67,payment,224.11
118,24,94,payment,322.06
148,38,110,debt,322.87
139,20,119,payment,199.19
110,64,46,existence,284.37
56,7,49,existence,106.07
105,49,56,existence,217.64
7,4,3,existence,17.01
113,9,104,existence,217
141,68,73,debt,412.6
48,43,5,debt,163.1
21,14,7,debt,76.7
145,54,91,debt,363.6
111,46,65,payment,305.31
83,5,78,debt,182.86
73,69,4,debt,241.93
90,4,86,payment,214.27
105,99,6,payment,312.03
109,17,92,existence,215.64
79,2,77,existence,154.28
135,61,74,existence,382.82
144,105,39,existence,425.55
3,1,2,payment,20
92,58,34,existence,151.87
98,85,13,existence,244.71
108,55,53,debt,220.5
120,109,11,existence,342.25
154,57,97,payment,372.63
18,6,12,existence,36.53
85,50,35,existence,203.25
29,6,23,payment,56.07
66,42,24,payment,184.56
109,71,38,existence,280.24
137,16,121,existence,296.4
152,29,123,payment,415.2
120,43,77,payment,268.94
96,55,41,payment,224.85
64,14,50,debt,122.3
88,71,17,debt,276.81
68,20,48,payment,180.52
68,13,55,existence,113.6
33,5,28,payment,74.25
47,23,24,existence,83.18
37,12,25,payment,89.17
101,34,67,debt,242.26
82,31,51,existence,172.96
14,7,7,existence,35.73
41,41,0,existence,130.73
22,17,5,payment,65.02
42,25,17,payment,137.57
13,8,5,existence,39.76
54,44,10,debt,166.62
137,103,34,debt,354.48
46,37,9,payment,155.45
20,6,14,existence,38.65
90,75,15,payment,215.83
19,18,1,payment,71.26
110,83,27,existence,206.88
7,3,4,payment,26.65
138,101,37,existence,361.38
122,113,9,payment,382.93
97,73,24,payment,279.53
33,21,12,payment,114.45
12,11,1,payment,53.06
127,127,0,payment,446.64
33,15,18,debt,84.26
48,26,22,debt,144.41
72,60,12,debt,227.96
91,34,57,payment,207.41
113,106,7,payment,241.56
138,61,77,existence,397.47
108,49,59,existence,335.74
60,48,12,payment,196.58
145,66,79,existence,334.39
47,8,39,payment,73.62
21,10,11,existence,44.79
49,35,14,payment,130.22
152,44,108,payment,305.95
78,16,62,existence,210.1
156,24,132,payment,287.02
155,9,146,payment,244.23
95,80,15,payment,312.09
107,92,15,existence,292.92
111,18,93,debt,311.61
147,91,56,debt,372.49
56,55,1,existence,133.74
131,44,87,existence,224.14
122,46,76,payment,341.6
104,25,79,existence,191.65
57,8,49,existence,96.41
119,40,79,payment,291.82
111,49,62,debt,218.57
69,38,31,debt,181.74
114,106,8,debt,261.05
71,37,34,debt,205.54
68,55,13,payment,202.31
85,35,50,payment,225.42
70,17,53,existence,174.29
96,40,56,debt,167.33
104,22,82,payment,214.57
145,43,102,payment,384.73
18,2,16,debt,56.95
97,54,43,payment,206.18
8,1,7,payment,25.48
19,14,5,debt,57.86
29,9,20,debt,60.4
67,65,2,existence,198.51
44,19,25,payment,130.31
26,21,5,debt,98.92
89,64,25,payment,228.1
99,76,23,existence,331.96
4,3,1,payment,19.35
79,72,7,debt,247.92
29,24,5,debt,76.2
14,14,0,payment,52.54
151,147,4,debt,609.58
84,80,4,debt,340.6
23,19,4,payment,85.86
121,78,43,debt,437.27
28,22,6,payment,103.98
16,2,14,existence,30.2
68,2,66,existence,128.41
156,72,84,existence,387.71
81,20,61,existence,199.9
46,21,25,debt,160.84
134,2,132,existence,186.09
146,145,1,existence,439.76
131,98,33,existence,418.05
76,55,21,debt,247.67
140,73,67,debt,253.42
141,24,117,existence,265.33
81,39,42,debt,168.76
117,107,10,existence,245.93
141,107,34,debt,465.45
55,35,20,existence,105.09
118,85,33,debt,323.96
45,1,44,existence,110.57
151,43,108,existence,339.47
25,20,5,debt,100.96
152,117,35,debt,338.06
64,42,22,debt,167.22
122,47,75,debt,369.47
122,70,52,existence,276.98
47,27,20,existence,103.84
91,71,20,existence,274.44
62,59,3,existence,157.87
94,73,21,debt,302.57
114,2,112,payment,260.3
13,9,4,existence,43.11
102,62,40,debt,258.72
73,7,66,debt,104.94
40,16,24,payment,131.8
12,1,11,payment,35.85
148,111,37,payment,328.25
40,24,16,debt,107.52
8,2,6,debt,29.56
71,6,65,existence,173.53
55,54,1,existence,176.58
37,3,34,payment,74.29
29,21,8,existence,90.15
20,10,10,payment,60.01
98,96,2,existence,270.88
52,26,26,payment,165.41
118,43,75,existence,330.8
56,46,10,debt,145.96
141,2,139,debt,317.08
15,14,1,payment,61.91
57,26,31,payment,144.56
23,19,4,existence,54.11
78,54,24,payment,188.05
85,77,8,payment,201.86
151,42,109,debt,258.85
37,32,5,payment,108.44
47,19,28,payment,104.08
123,49,74,existence,261.26
46,8,38,payment,101.44
46,32,14,debt,158.7
15,1,14,existence,28.19
73,42,31,existence,136.05
157,23,134,debt,234.56
131,83,48,payment,356.34
74,73,1,debt,214.49
150,130,20,payment,395.66
94,3,91,existence,157.69
47,2,45,payment,94.07
108,27,81,debt,269.6
61,24,37,debt,165.87
41,18,23,payment,92.34
71,24,47,payment,153.18
136,9,127,debt,304.56
37,19,18,existence,72.28
24,20,4,existence,62.92
118,38,80,payment,276
153,134,19,existence,373.43
104,47,57,payment,256.08
107,15,92,existence,142.16
115,106,9,existence,240.97
8,8,0,debt,42.85
83,2,81,existence,198.47
150,60,90,debt,358.35
120,70,50,debt,282.76
100,61,39,debt,270.61
33,5,28,debt,95.38
84,68,16,debt,280.95
5,5,0,debt,28.17
13,8,5,debt,70.28
16,10,6,payment,59.67
97,91,6,payment,248.58
146,100,46,debt,449.41
120,31,89,existence,184.43
128,35,93,existence,321.59
45,25,20,payment,89.64
45,29,16,existence,105.03
55,50,5,existence,155.61
34,6,28,payment,65.91
86,12,74,debt,158.89
47,33,14,existence,142.66
18,15,3,existence,52.48
149,6,143,debt,198.19
134,74,60,existence,309.44
97,65,32,existence,277.19
138,106,32,debt,436.17
40,11,29,debt,129.03
103,87,16,debt,397.62
60,55,5,existence,204.34
120,116,4,debt,382.94
155,118,37,debt,504.4
58,51,7,payment,192.68
95,5,90,debt,140.04
48,47,1,debt,146.84
80,56,24,debt,200.13
141,56,85,existence,340.61
6,4,2,debt,37.69
30,14,16,existence,47.72
156,36,120,existence,246.5
44,28,16,existence,76.01
29,27,2,existence,65.48
137,60,77,existence,257.82
116,6,110,payment,280.49
25,9,16,debt,80.01
153,25,128,debt,420.01
4,4,0,existence,12.79
4,1,3,payment,20.23
127,42,85,payment,343.07
19,17,2,existence,63.92
6,5,1,payment,32.99
94,93,1,payment,285.59
101,24,77,payment,280.1
47,26,21,existence,107.95
153,131,22,debt,504.08
108,99,9,existence,274.82
42,8,34,existence,80.46
127,79,48,existence,289.06
11,6,5,debt,36.01
145,145,0,payment,451.85
76,56,20,debt,208.69
111,79,32,existence,253.94
145,54,91,existence,251.92
97,2,95,debt,147.29
78,51,27,payment,182.51
125,70,55,existence,295.2
27,6,21,existence,55.88
6,3,3,existence,9.99
50,3,47,debt,106
102,41,61,existence,226.12
105,93,12,debt,309.41
65,12,53,debt,187.85
1,1,0,debt,12.52
152,55,97,debt,300.72
23,4,19,debt,48.5
10,2,8,payment,31.37
146,18,128,existence,305.91
157,103,54,debt,357.11
34,25,9,payment,79.07
80,66,14,existence,286.37
152,73,79,payment,330.65
143,129,14,existence,330.68
145,12,133,debt,297.31
84,24,60,debt,162.86
152,113,39,debt,472.86
122,112,10,existence,324.49
90,21,69,payment,171.4
94,27,67,existence,179.33
149,72,77,payment,281.73
108,8,100,debt,158.29
141,122,19,payment,468.65
157,112,45,payment,344.62
56,13,43,existence,96.77
65,14,51,payment,176.09
126,85,41,existence,243.53
57,53,4,existence,146.26
56,14,42,debt,135.16
32,17,15,debt,108.29
54,6,48,payment,87.06
35,28,7,payment,111
131,23,108,existence,207.4
152,102,50,payment,420.14
152,73,79,existence,468.84
140,123,17,existence,345.75
134,41,93,existence,348.64
60,28,32,existence,124.13
48,27,21,existence,115.82
109,31,78,payment,179.44
40,37,3,existence,93.07
24,24,0,existence,90
84,52,32,payment,263.44
54,26,28,existence,138.28
95,27,68,payment,190.96
115,107,8,existence,281.63
75,13,62,debt,210.67
133,119,14,payment,379.52
109,9,100,debt,160.45
149,111,38,debt,454.48
2,2,0,existence,5.66
37,37,0,existence,103.82
51,26,25,debt,101.29
20,15,5,debt,69.39
111,106,5,payment,394.56
116,64,52,existence,296.68
83,44,39,existence,145.34
151,8,143,debt,218.56
56,15,41,debt,144.1
151,11,140,payment,203.39
77,64,13,payment,219.18
13,5,8,existence,33.11
54,43,11,existence,150.28
112,75,37,existence,250.01
42,38,4,existence,118.25
118,98,20,payment,329.18
132,34,98,payment,300.2
121,44,77,debt,327.34
25,9,16,existence,47.32
20,1,19,payment,54.28
45,44,1,existence,113.04
99,49,50,debt,191.97
121,44,77,payment,289.13
130,3,127,existence,299.94
128,110,18,payment,434.13
107,6,101,existence,181.53
21,6,15,debt,52.66
108,58,50,debt,278.47
114,38,76,existence,206.47
101,55,46,debt,306.72
139,10,129,debt,385.03
39,32,7,existence,81.47
72,64,8,debt,288.69
88,55,33,existence,236.54
9,5,4,existence,20.53
33,10,23,existence,83.76
22,13,9,debt,88.96
103,96,7,existence,246.98
47,29,18,existence,100.33
16,11,5,payment,44.91
22,15,7,existence,53.85
112,50,62,existence,327.06
10,2,8,payment,41.25
120,5,115,debt,172.04
66,31,35,payment,129.56
57,12,45,existence,79.5
139,101,38,payment,397.7
139,30,109,payment,374.04
155,59,96,existence,375.34
157,112,45,existence,389.09
6,5,1,debt,21.45
49,29,20,payment,123.82
74,59,15,payment,164.47
138,92,46,debt,419.65
14,7,7,existence,31.23
57,49,8,payment,207.69
107,51,56,debt,196.98
146,122,24,payment,339.07
61,45,16,existence,131.99
105,95,10,payment,302.42
122,57,65,payment,231.5
115,19,96,existence,234.92
76,24,52,existence,111.86
106,56,50,existence,267.25
58,21,37,existence,108.22
128,15,113,existence,200.53
82,77,5,payment,218.22
68,44,24,payment,197.32
92,7,85,existence,237.44
122,56,66,payment,270.56
146,53,93,payment,348.45
146,64,82,existence,252.66
75,72,3,existence,197.34
126,34,92,existence,287.59
136,76,60,payment,353.07
76,39,37,existence,220.52
107,99,8,payment,374.95
100,14,86,payment,160.93
77,18,59,payment,182.1
3,1,2,existence,7.09
67,44,23,existence,149.28
105,105,0,debt,364.86
141,3,138,payment,251.26
115,5,110,existence,278.78
137,31,106,payment,364.58
100,17,83,existence,197.65
2,2,0,debt,26.93
125,67,58,debt,367.84
108,64,44,payment,271.48
20,19,1,existence,44.82
44,25,19,existence,75.62
139,15,124,debt,260.79
78,23,55,existence,133.83
92,71,21,debt,297.81
36,4,32,existence,66.12
66,37,29,debt,158.86
95,88,7,existence,286.03
150,21,129,existence,264.18
112,16,96,existence,292.64
64,41,23,debt,187.55
25,1,24,existence,30.44
42,37,5,existence,138.21
24,19,5,existence,63.62
15,1,14,payment,49.2
36,7,29,existence,51.86
31,7,24,existence,54.61
130,14,116,debt,214
34,1,33,payment,61.56
155,64,91,debt,356.5
108,88,20,existence,337.03
136,132,4,existence,433.75
51,45,6,existence,181.2
70,10,60,debt,156.42
127,118,9,payment,425.68
7,1,6,existence,9.61
136,54,82,debt,264.8
63,16,47,payment,190.85
104,40,64,debt,224.7
9,8,1,debt,40.69
152,109,43,existence,369.21
105,45,60,existence,241.85
40,23,17,existence,115.53
78,11,67,debt,192.04
98,16,82,existence,200.26
13,4,9,debt,61.56
120,3,117,existence,183.49
126,104,22,debt,292.1
51,17,34,debt,113.32
7,4,3,existence,17.84
103,96,7,debt,395.38
87,55,32,existence,206.48
43,37,6,existence,103.79
8,6,2,existence,20.58
69,49,20,existence,241.51
124,59,65,payment,389.46
2,1,1,debt,22.31
32,1,31,payment,93.01
100,18,82,payment,212.09
5,1,4,payment,25.86
51,34,17,debt,179.63
92,81,11,debt,306.51
77,22,55,existence,140.28
153,120,33,existence,353.88
137,37,100,debt,251.91
17,7,10,debt,54.04
3,1,2,debt,32.86
124,63,61,existence,276.6
26,5,21,debt,76.28
68,53,15,existence,119.9
98,8,90,debt,140.21
152,132,20,debt,399.43
116,112,4,payment,377.9
70,34,36,debt,152.05
119,63,56,existence,341.61
125,118,7,existence,300.29
151,17,134,debt,272.59
106,34,72,debt,175.95
133,129,4,existence,486.73
20,16,4,existence,54.33
43,16,27,debt,144.98
83,72,11,debt,193.64
124,3,121,existence,224.25
36,23,13,payment,100.17
60,22,38,payment,150.56
138,77,61,debt,312.31
72,4,68,payment,175.96
132,58,74,payment,357.04
127,7,120,existence,192.08
53,29,24,existence,158.01
69,67,2,payment,257.37
42,21,21,existence,109.69
109,63,46,existence,335.14
1,1,0,existence,2.81
60,10,50,debt,149.8
5,5,0,payment,19.61
101,100,1,debt,231.07
150,105,45,debt,353.35
103,88,15,payment,255.81
55,9,46,payment,155.31
1,1,0,payment,14.92
35,27,8,existence,92.75
14,3,11,debt,45.85
88,23,65,existence,235.68
129,98,31,existence,395.32
20,4,16,payment,63.47
27,16,11,payment,102.34
16,15,1,payment,65.49
156,107,49,payment,436.8
87,78,9,existence,200.59
144,51,93,existence,385.8
146,90,56,existence,276.79
42,39,3,payment,118.69
82,56,26,debt,188.25
34,25,9,existence,78.05
70,48,22,existence,217.19
8,1,7,existence,10.68
2,2,0,payment,22.26
130,2,128,debt,194.24
59,41,18,debt,204.42
147,65,82,existence,286.87
55,12,43,existence,99.28
95,95,0,payment,335.44
100,8,92,debt,198.7
28,13,15,payment,96.7
23,7,16,debt,91.42
51,38,13,debt,139.62
72,48,24,debt,261.92
97,6,91,debt,161.36
86,22,64,debt,223
67,49,18,debt,168.84
125,24,101,payment,254.44
156,96,60,payment,381.36
9,2,7,debt,33.9
155,57,98,debt,361.24
27,24,3,existence,55.66
58,28,30,existence,129.32
15,15,0,existence,44.3
148,105,43,debt,301.84
47,28,19,existence,139.97
61,46,15,existence,115.68
105,17,88,payment,155.96
119,18,101,payment,223.52
150,139,11,existence,400.5
102,97,5,payment,349.22
146,81,65,payment,313.76
122,99,23,existence,219.86
115,47,68,existence,228.24
39,15,24,existence,114.14
118,39,79,debt,354.1
51,12,39,debt,133.02
128,83,45,payment,366.09
50,11,39,payment,139.37
104,30,74,debt,221.27
151,147,4,existence,505.88
91,73,18,debt,225.64
18,8,10,existence,46.43
13,4,9,payment,40.96
120,61,59,debt,258.74
12,6,6,debt,45.21
148,137,11,debt,411.12
60,25,35,payment,157.91
95,36,59,payment,170.61
105,10,95,existence,251.8
57,25,32,payment,119.55
9,2,7,existence,14.33
107,43,64,debt,270.51
24,11,13,existence,59.22
139,18,121,debt,292.74
19,18,1,debt,91.98
151,92,59,payment,484.54
117,91,26,payment,285.42
97,22,75,existence,214.32
127,54,73,debt,268.89
141,111,30,existence,461.94
62,59,3,payment,215.98
101,27,74,existence,230.28
138,10,128,payment,237.24
96,12,84,existence,208.66
65,24,41,payment,161.24
147,14,133,payment,249.08
151,37,114,debt,383.07
12,5,7,debt,35.62
29,20,9,payment,82.82
139,8,131,payment,190.9
19,19,0,existence,65.3
110,29,81,payment,274.45
121,74,47,existence,308.05
116,103,13,debt,271.26
114,41,73,existence,223.2
13,1,12,debt,50.91
137,83,54,debt,290.7
13,6,7,existence,33.4
34,13,21,payment,75.37
29,29,0,existence,93.52
71,33,38,payment,203.84
32,14,18,payment,96.89
25,6,19,existence,38.91
76,48,28,debt,219.06
32,5,27,payment,52.42
117,32,85,debt,294.92
58,15,43,existence,117.44
120,39,81,existence,321.73
97,33,64,debt,309.94
8,6,2,existence,21.95
55,9,46,payment,107.02
50,30,20,payment,159.74
131,75,56,payment,243.71
64,3,61,debt,184.09
40,16,24,existence,107.85
103,47,56,existence,293.92
92,41,51,debt,250.01
147,76,71,debt,305.22
85,8,77,existence,197.89
33,21,12,debt,80.59
157,3,154,debt,308.2
90,28,62,payment,188.55
139,48,91,debt,307.73
124,11,113,debt,326.62
74,29,45,payment,142.52
104,49,55,existence,281.37
6,4,2,debt,31.88
59,46,13,payment,177.11
32,15,17,payment,89.8
56,4,52,existence,129.96
47,11,36,existence,80.83
131,20,111,payment,202.45
24,9,15,debt,76.11
126,105,21,debt,443.96
100,87,13,existence,279.37
114,37,77,debt,338.56
70,25,45,debt,206.23
116,30,86,debt,245.51
22,7,15,existence,45.03
143,18,125,existence,292.95
76,3,73,debt,151.37
115,78,37,existence,309.46
117,83,34,debt,322.21
116,39,77,debt,215.13
104,47,57,payment,254.55
22,8,14,existence,55.62
153,52,101,payment,279.75
122,105,17,debt,415.86
87,66,21,existence,251.28
52,16,36,payment,122.94
104,8,96,existence,174.71
31,4,27,payment,77.43
20,14,6,existence,64.7
33,8,25,existence,81.6
64,64,0,debt,184.01
100,70,30,payment,257.94
137,100,37,payment,434.29
41,25,16,debt,114.12
147,116,31,payment,349.19
12,10,2,existence,31.06
26,4,22,debt,53.18
119,37,82,debt,224.62
3,2,1,payment,23.79
57,40,17,existence,169.41
123,116,7,existence,302.3
111,27,84,existence,199.02
1,1,0,payment,17.95
124,80,44,existence,294.88
146,38,108,payment,312.51
64,64,0,debt,243.24
16,12,4,debt,82.84
146,132,14,debt,433.25
98,13,85,payment,236.76
108,93,15,existence,349.12
86,48,38,debt,259.61
101,31,70,payment,245.53
128,108,20,payment,374.96
130,2,128,debt,267.58
71,68,3,existence,191.71
104,12,92,existence,180.67
56,26,30,existence,113.73
114,85,29,payment,267.32
23,8,15,payment,73.07
58,1,57,existence,75.4
63,25,38,existence,145.95
80,59,21,debt,184.06
54,27,27,payment,163.38
22,14,8,existence,66.67
8,6,2,payment,36.58
43,11,32,existence,70.86
118,7,111,payment,192.18
8,4,4,payment,29.18
17,2,15,existence,23.46
97,72,25,payment,231.14
83,16,67,debt,164.77
42,27,15,payment,144.03
48,24,24,payment,156.11
48,27,21,payment,140.88
141,26,115,existence,370.36
32,29,3,payment,93.29
52,51,1,existence,109.12
136,114,22,existence,284.8
84,22,62,debt,166.3
10,9,1,debt,44.13
43,17,26,debt,112.83
69,69,0,debt,260.29
28,14,14,debt,80.29
87,19,68,existence,167.61
77,1,76,payment,164.64
13,3,10,existence,32.26
150,123,27,existence,452.37
48,20,28,existence,134.16
50,36,14,payment,121.79
109,19,90,payment,296.67
93,52,41,payment,230.07
49,48,1,debt,126.45
141,60,81,debt,319.25
59,21,38,payment,116.64
114,88,26,payment,384.07
141,121,20,existence,317.34
127,40,87,debt,213.63
11,9,2,debt,47.24
46,1,45,payment,67.97
45,42,3,debt,150.72
130,12,118,existence,210.65
35,25,10,debt,134.96
108,99,9,payment,279.9
83,3,80,existence,202.85
85,59,26,payment,203.04
123,94,29,payment,292.47
84,17,67,debt,138.01
107,54,53,payment,246.73
123,45,78,existence,235.06
48,13,35,payment,83.73
88,61,27,debt,280.1
109,36,73,debt,286.13
90,60,30,payment,227.33
89,47,42,payment,287.29
113,39,74,existence,303.66
130,19,111,payment,337.58
25,2,23,payment,74.09
7,5,2,payment,32.91
156,14,142,existence,241.6
72,15,57,payment,201.54
129,45,84,existence,290.88
64,38,26,debt,165.08
148,101,47,debt,382.65
127,123,4,existence,302.64
53,8,45,debt,170.41
146,20,126,debt,308.77
113,92,21,debt,337.99
108,90,18,payment,260.52
151,120,31,existence,544.53
79,17,62,existence,214.9
96,89,7,existence,215.69
66,57,9,existence,186.36
108,86,22,payment,283.03
104,32,72,existence,196.85
145,50,95,existence,260.19
37,18,19,debt,71.59
62,46,16,debt,202.65
85,1,84,debt,181.1
97,51,46,debt,245.02
135,123,12,debt,309.56
38,16,22,payment,78
33,8,25,payment,62.53
119,13,106,payment,217.28
1,1,0,existence,2.68
32,9,23,debt,90
23,16,7,debt,88.24
118,31,87,payment,257.39
62,18,44,debt,199.91
101,80,21,payment,198.29
115,19,96,payment,276.41
128,102,26,existence,332.79
145,5,140,debt,236.19
31,3,28,debt,62.28
62,2,60,debt,128.59
150,3,147,existence,173.31
34,24,10,debt,113.43
21,9,12,debt,76.97
105,91,14,existence,231.9
41,23,18,existence,127.69
86,74,12,debt,217.32
117,21,96,debt,279.75
130,58,72,payment,225.37
10,4,6,existence,18.64
51,18,33,existence,138.51
72,47,25,existence,216.08
95,95,0,existence,361.18
152,14,138,payment,263.54
2,2,0,payment,18.73
148,146,2,debt,415.5
60,27,33,existence,120.33
5,2,3,debt,24.78
101,31,70,existence,149.56
30,7,23,debt,84.97
145,70,75,payment,405
88,44,44,debt,172.4
101,77,24,debt,239.25
136,72,64,existence,288.2
118,5,113,payment,157.5
21,21,0,existence,80.96
18,14,4,debt,84.24
90,49,41,debt,169.33
112,112,0,payment,409.16
18,16,2,payment,57.47
58,18,40,debt,141.47
90,79,11,existence,315.42
144,6,138,debt,245.1
56,31,25,payment,120.96
9,6,3,payment,34.6
110,101,9,existence,309.15
37,30,7,payment,120.75
130,102,28,existence,267.74
129,4,125,payment,193.43
42,5,37,payment,94.24
2,1,1,debt,29.87
139,44,95,payment,340.38
89,68,21,payment,197.34
67,44,23,payment,168.26
107,56,51,payment,264.69
61,29,32,payment,111.92
133,91,42,existence,318.63
44,17,27,debt,100.48
85,31,54,payment,183.69
113,64,49,payment,345.29
120,1,119,payment,262.93
51,45,6,existence,123.09
67,45,22,debt,223.25
140,105,35,existence,306.34
107,14,93,existence,251.56
53,14,39,existence,92.16
5,3,2,payment,32.42
145,126,19,existence,281.09
17,5,12,debt,52.07
41,24,17,payment,108.93
108,77,31,debt,352.23
106,31,75,payment,214.66
20,6,14,debt,44.52
33,2,31,existence,73.7
145,76,69,payment,350.47
104,27,77,existence,225.08
152,80,72,payment,450.41
67,43,24,payment,213.1
106,28,78,existence,175.73
22,14,8,payment,84.41
125,102,23,payment,398.39
73,41,32,debt,154.36
146,77,69,existence,335.15
23,15,8,payment,70.1
137,71,66,debt,403.27
141,121,20,payment,462.1
39,5,34,existence,48.57
78,14,64,payment,179.13
99,72,27,payment,323.25
80,48,32,debt,156.42
149,84,65,existence,409.5
111,37,74,payment,298.43
39,38,1,payment,135.48
138,125,13,existence,300.5
14,7,7,payment,50.36
91,72,19,debt,316
97,9,88,debt,176.93
7,4,3,existence,15.74
48,47,1,debt,118.2
8,1,7,debt,29.16
41,36,5,debt,104.78
91,15,76,debt,174.83
107,6,101,existence,177.62
18,5,13,existence,41.61
21,7,14,payment,53.75
103,58,45,payment,225.45
43,30,13,existence,135.26
56,46,10,debt,153.77
137,52,85,existence,236.22
104,35,69,debt,187.83
127,28,99,debt,249.24
60,16,44,existence,149.27
5,3,2,existence,16.23
114,71,43,existence,243.51
58,16,42,payment,119.89
113,40,73,payment,216.8
29,24,5,payment,87.65
151,54,97,debt,288.65
148,138,10,payment,404.26
61,38,23,existence,131.66
134,62,72,debt,293.67
119,55,64,debt,218.13
154,36,118,payment,379.46
81,58,23,debt,276.73
120,100,20,debt,302.6
101,59,42,debt,190.25
91,13,78,debt,243.86
134,14,120,payment,322.9
23,15,8,existence,52.05
138,97,41,debt,393.36
150,143,7,payment,471.53
57,42,15,existence,128.62
121,69,52,existence,263.95
1,1,0,existence,2.73
7,5,2,payment,27.29
63,8,55,debt,150.36
73,33,40,payment,159.11
43,24,19,existence,134.33
117,16,101,debt,281.56
90,4,86,existence,145.55
95,49,46,debt,317.91
67,15,52,debt,183.47
22,5,17,existence,52.35
149,45,104,existence,274.38
125,51,74,debt,320.83
11,2,9,existence,21.23
39,12,27,existence,98.35
134,71,63,payment,250.23
154,120,34,existence,514.15
121,93,28,payment,312.09
129,117,12,payment,491.17
17,10,7,debt,62.56
30,18,12,existence,85.13
12,12,0,payment,42.58
85,42,43,debt,231.81
100,14,86,payment,150.94
132,131,1,existence,398.31
75,58,17,payment,280.97
100,98,2,debt,260.51
155,117,38,payment,470.73
129,126,3,payment,416.9
128,100,28,existence,284.94
56,30,26,payment,174.17
8,1,7,existence,15.33
90,43,47,existence,257.42
92,38,54,debt,211.94
134,112,22,payment,428.19
121,14,107,existence,191.93
144,77,67,payment,291.29
28,26,2,debt,100.61
47,25,22,payment,108.62
97,9,88,existence,138.08
139,55,84,debt,372.11
32,13,19,existence,75.68
34,25,9,payment,101.88
16,10,6,debt,62.67
9,6,3,debt,47.86
130,5,125,debt,281.55
82,18,64,payment,168.44
143,112,31,debt,371.97
102,100,2,debt,293.85
74,12,62,debt,186.45
75,16,59,debt,212.29
102,54,48,payment,242.7
154,42,112,existence,274.82
58,22,36,debt,151.84
72,54,18,existence,160.27
132,39,93,debt,298.24
59,58,1,debt,235.34
103,41,62,existence,198.4
85,49,36,debt,168.79
132,99,33,debt,458.89
83,35,48,payment,207.39
16,12,4,debt,73.57
87,71,16,existence,278.77
4,3,1,debt,29.37
28,20,8,debt,93.01
30,11,19,existence,85.87
95,45,50,debt,186.94
136,35,101,payment,369.35
22,11,11,debt,79.6
34,29,5,payment,88.79
103,57,46,existence,204.98
132,5,127,payment,288.31
143,30,113,payment,340.21
139,76,63,debt,422.46
143,80,63,payment,335.53
134,52,82,debt,299.89
129,52,77,payment,305.94
71,6,65,existence,138.33
121,27,94,debt,223.14
73,67,6,existence,272.22
5,5,0,debt,21.5
104,45,59,existence,189.11
126,5,121,existence,274.29
142,72,70,existence,404.27
80,4,76,payment,126.75
153,50,103,existence,241.35
131,57,74,payment,271.98
12,12,0,existence,33.55
21,11,10,debt,76.87
135,107,28,payment,356.21
72,48,24,debt,196.8
36,28,8,debt,108.19
4,2,2,existence,11.42
83,56,27,debt,247.46
138,59,79,existence,303.35
15,11,4,payment,49.17
119,44,75,debt,282.9
29,1,28,debt,55.35
91,9,82,existence,158.18
4,4,0,payment,22.92
123,111,12,existence,372.03
79,70,9,existence,241.04
150,102,48,debt,452.41
108,93,15,existence,341.95
130,100,30,debt,402.59
33,32,1,payment,109.15
105,88,17,debt,368.19
25,25,0,payment,61.59
71,12,59,existence,90.55
71,48,23,existence,174.31
4,4,0,existence,10.64
105,23,82,existence,244.06
80,17,63,existence,154.28
137,28,109,debt,282.81
39,34,5,payment,93.52
7,7,0,debt,52.45
96,32,64,payment,232.85
84,67,17,payment,190.6
140,116,24,debt,284.03
124,69,55,existence,273.69
121,47,74,payment,338.11
142,74,68,debt,450.16
24,3,21,payment,52.64
34,31,3,existence,84.35
122,97,25,debt,283.8
130,19,111,debt,339.21
83,58,25,existence,216.26
8,7,1,debt,24.88
18,13,5,payment,58.39
105,34,71,payment,211.36
77,40,37,debt,170.3
153,20,133,payment,338.08
136,107,29,debt,368.9
153,11,142,payment,285.87
83,79,4,existence,241.06
153,74,79,payment,320.79
82,6,76,payment,132.82
122,102,20,payment,327.28
53,3,50,payment,142.79
112,35,77,payment,221.49
102,32,70,existence,154.62
139,129,10,debt,444.52
111,106,5,debt,370.45
151,51,100,debt,268.84
156,43,113,existence,296.69
115,71,44,existence,251.3
132,127,5,existence,321.81
28,23,5,payment,82.32
24,17,7,payment,57.25
52,19,33,existence,145.63
139,4,135,payment,317.69
112,109,3,debt,306.79
129,62,67,payment,245.82
116,77,39,payment,373.17
1,1,0,debt,19.54
41,35,6,debt,162.21
28,7,21,existence,40.71
30,29,1,existence,103.35
37,29,8,existence,77.46
142,139,3,existence,333.92
156,26,130,debt,366.18
111,53,58,existence,219.83
125,11,114,debt,226.32
76,22,54,payment,213.12
112,69,43,payment,295.48
83,10,73,payment,237.04
99,13,86,existence,197.27
126,120,6,payment,399.61
62,15,47,existence,149.35
10,1,9,existence,15.07
117,85,32,payment,328.02
73,60,13,existence,162.03
153,33,120,payment,424.65
72,44,28,payment,186.37
133,91,42,existence,364.78
10,3,7,existence,27.12
88,83,5,existence,177.87
74,68,6,payment,160.8
94,77,17,debt,240.15
37,9,28,payment,104.55
155,99,56,debt,436.95
157,61,96,debt,381.32
119,11,108,existence,236.87
128,21,107,payment,239.16
140,108,32,payment,449.02
34,4,30,existence,74.19
13,2,11,existence,22.88
35,7,28,payment,67.06
154,29,125,payment,356.6
50,27,23,debt,140.74
2,1,1,debt,12.04
130,121,9,debt,391.88
121,14,107,payment,235.12
38,38,0,existence,82.84
130,110,20,payment,395.88
67,47,20,debt,192.39
140,129,11,payment,471.97
29,10,19,existence,58.05
107,17,90,payment,280.57
131,34,97,existence,349.22
147,39,108,existence,245.05
140,35,105,existence,349.65
51,10,41,payment,120.39
114,40,74,debt,281.36
66,46,20,payment,168
151,75,76,existence,476.24
22,11,11,debt,91.51
120,59,61,debt,326.35
132,102,30,existence,378
53,30,23,payment,155.6
29,24,5,payment,67.81
18,8,10,payment,55.43
43,16,27,payment,87.36
9,8,1,payment,32.59
40,37,3,existence,90.83
74,16,58,debt,128.52
12,3,9,existence,22.74
12,11,1,existence,40.5
56,48,8,debt,139.68
125,111,14,payment,346.35
133,44,89,debt,387.81
15,12,3,existence,48.7
142,140,2,payment,352
75,16,59,debt,131.46
156,87,69,debt,355.04
17,13,4,existence,47.1
132,51,81,existence,218.61
12,5,7,existence,27.83
18,4,14,payment,57.37
39,28,11,payment,134.2
139,10,129,debt,256.72
36,8,28,debt,103.81
40,39,1,payment,116.65
22,18,4,debt,81.84
94,47,47,debt,229.82
140,2,138,payment,321.65
53,30,23,existence,175.56
30,29,1,existence,73.96
106,74,32,payment,246.87
67,35,32,existence,190.7
138,61,77,payment,271.89
56,32,24,existence,127.28
144,43,101,existence,407.88
136,98,38,debt,351.78
5,5,0,existence,14.62
143,87,56,existence,297.76
46,28,18,existence,91.95
15,1,14,payment,26.44
3,1,2,payment,16.05
67,10,57,payment,132.07
32,29,3,debt,115.47
18,13,5,existence,62.33
75,44,31,payment,244.96
105,86,19,debt,391.5
143,51,92,payment,269.83
36,8,28,payment,108.06
145,59,86,existence,213.93
32,5,27,debt,89.17
98,75,23,debt,298.17
101,30,71,existence,267.53
14,14,0,payment,48.09
80,71,9,debt,255.25
128,110,18,debt,437.65
29,4,25,payment,48.23
9,4,5,payment,28.58
105,12,93,payment,169.21
100,74,26,debt,270.73
58,45,13,existence,169.06
108,74,34,existence,371.96
59,13,46,existence,117.15
68,56,12,payment,182.15
6,1,5,payment,24.61
105,10,95,debt,179.02
70,21,49,debt,128.99
67,4,63,debt,133.45
10,7,3,existence,34.79
135,85,50,existence,289.08
22,3,19,payment,72.81
139,2,137,payment,308.01
124,51,73,existence,194.11
42,32,10,payment,112.13
95,43,52,payment,216.72
98,63,35,payment,250.86
98,83,15,existence,250.99
52,11,41,debt,131.68
99,6,93,payment,210.94
55,4,51,payment,87.62
117,10,107,existence,288.86
22,8,14,existence,52.17
142,15,127,payment,307.82
108,108,0,existence,245.47
32,16,16,payment,102.91
129,67,62,existence,346.66
119,29,90,existence,234.62
22,14,8,debt,79.14
143,110,33,payment,509.1
56,33,23,debt,142.1
62,12,50,payment,132.16
45,21,24,debt,124.55
57,23,34,existence,149.22
154,57,97,existence,255.64
81,32,49,payment,263.3
45,23,22,existence,94.92
77,15,62,payment,187.06
18,13,5,existence,53.93
61,61,0,payment,219.8
37,8,29,existence,62.08
78,48,30,existence,201.88
95,31,64,payment,255.45
42,3,39,debt,66.01
87,79,8,debt,283.58
89,87,2,payment,291.63
125,115,10,payment,304.12
36,1,35,existence,62.03
123,119,4,existence,338.73
4,4,0,existence,9.36
101,78,23,existence,252.31
110,50,60,payment,205.44
156,82,74,debt,251.53
108,45,63,existence,184.1
71,52,19,debt,220.44
124,121,3,payment,425
65,20,45,debt,146.85
60,47,13,debt,147.62
114,48,66,existence,341.93
155,74,81,payment,386.19
89,86,3,existence,317.63
133,85,48,debt,304.13
43,42,1,existence,151.38
145,114,31,debt,393.98
4,1,3,payment,22.08
148,99,49,existence,293.13
113,5,108,payment,251.6
25,5,20,existence,67.15
150,10,140,existence,304.65
17,4,13,debt,37.62
6,1,5,payment,25.49
2,2,0,existence,6.79
83,72,11,debt,230.57
143,56,87,existence,297.01
138,34,104,debt,340.42
155,73,82,debt,463.26
63,6,57,payment,123.61
69,9,60,existence,94.69
109,37,72,existence,282.5
146,22,124,existence,208.19
136,47,89,payment,244.03
27,14,13,payment,74.97
147,88,59,existence,357.76
48,41,7,existence,151.5
150,92,58,debt,427.35
156,61,95,debt,342.89
110,101,9,existence,255.58
4,1,3,payment,16.1
124,86,38,existence,308.59
68,16,52,payment,147.57
74,26,48,payment,143.02
25,6,19,existence,33.94
74,57,17,payment,231.29
109,1,108,existence,174.08
95,58,37,debt,212.62
109,32,77,payment,191.81
49,2,47,payment,89.55
96,15,81,payment,277.4
25,2,23,debt,77.16
81,58,23,existence,247.72
111,47,64,existence,297.88
135,53,82,debt,395.62
58,44,14,existence,170.6
141,33,108,debt,315.31
156,24,132,existence,235.34
68,64,4,debt,220.59
121,105,16,debt,341.36
31,30,1,debt,86.4
2,2,0,existence,6.52
140,14,126,debt,289.07
120,60,60,payment,256.01
115,9,106,payment,224.98
149,112,37,debt,425.46
45,26,19,existence,85.77
32,4,28,debt,62.99
132,86,46,payment,224.46
125,110,15,payment,383.34
109,52,57,debt,279.62
110,74,36,payment,377.21
8,4,4,payment,31.04
102,49,53,payment,239.09
41,2,39,debt,75.84
44,10,34,payment,86.6
131,115,16,existence,297.37
4,4,0,payment,25.83
80,7,73,debt,203.6
50,27,23,existence,110.01
39,29,10,existence,121.56
71,34,37,debt,222.73
155,100,55,debt,429.96
140,140,0,debt,404.44
127,101,26,payment,280.96
149,128,21,existence,280.89
33,1,32,debt,91.7
150,37,113,debt,357.82
35,4,31,payment,71.55
43,9,34,debt,124.09
107,73,34,existence,251.19
17,9,8,payment,45.69
67,18,49,payment,181.51
3,3,0,existence,8.43
155,8,147,payment,227.26
46,14,32,existence,90.24
56,45,11,existence,183.8
30,10,20,payment,83.48
70,13,57,debt,176.24
135,77,58,payment,335.08
157,71,86,debt,327.61
118,111,7,debt,263.95
94,26,68,existence,190.47
10,4,6,debt,41.05
136,23,113,debt,249.87
147,89,58,existence,346.66
78,52,26,existence,196.6
117,68,49,existence,294.91
102,33,69,existence,230.71
49,48,1,debt,125.57
110,10,100,payment,273.15
12,2,10,payment,31.71
156,11,145,existence,188.01
121,86,35,payment,311.83
103,44,59,payment,188.29
36,31,5,debt,99.37
122,41,81,payment,254.97
65,2,63,existence,142.68
10,2,8,debt,38.72
69,57,12,existence,189.87
155,32,123,debt,234.51
93,1,92,existence,163.63
46,38,8,existence,122.87
83,24,59,debt,164.05
106,19,87,debt,252.46
134,16,118,debt,320.74
37,10,27,existence,64.47
46,19,27,existence,112.87
28,12,16,existence,63.03
58,34,24,existence,126.57
109,29,80,debt,242.75
40,15,25,existence,99.42
88,45,43,payment,247.23
121,19,102,existence,223.23
7,4,3,existence,21.01
95,78,17,existence,278.89
87,16,71,payment,165.87
14,4,10,existence,20.76
4,4,0,existence,12.76
34,9,25,existence,55.33
129,105,24,payment,363.56
46,46,0,payment,114.24
13,7,6,existence,23.74
51,5,46,debt,109.79
62,14,48,existence,164.82
127,48,79,debt,299.66
157,79,78,existence,355.38
121,74,47,payment,401.85
156,91,65,existence,418.06
69,52,17,payment,198.87
24,17,7,debt,95.72
7,3,4,payment,23.21
118,28,90,existence,276.54
134,88,46,payment,350.25
123,97,26,payment,295.36
122,70,52,payment,318.82
125,20,105,payment,287.74
143,11,132,payment,262.35
8,8,0,payment,34.62
157,133,24,debt,487.87
125,41,84,payment,364.42
104,71,33,debt,351.38
47,7,40,debt,104.39
149,105,44,payment,456.29
123,19,104,debt,265.27
30,30,0,payment,71.49
127,119,8,debt,370.74
121,1,120,existence,277.9
6,4,2,payment,35.39
67,57,10,debt,231.9
131,1,130,existence,276.87
156,154,2,payment,429.49
127,125,2,existence,386.89
39,37,2,existence,117.45
157,60,97,debt,445.06
83,57,26,existence,162.17
27,15,12,debt,69.68
28,8,20,existence,54.88
113,82,31,debt,228.18
53,16,37,payment,145.95
86,48,38,payment,170.21
144,137,7,payment,429.68
38,6,32,payment,110.68
53,34,19,debt,127.19
50,31,19,existence,104.15
89,56,33,existence,285.53
114,22,92,payment,238.92
148,63,85,payment,255.94
27,14,13,payment,91.81
29,1,28,existence,58.24
44,14,30,existence,77.72
57,42,15,existence,172.64
59,19,40,payment,136.34
75,65,10,debt,235.15
112,20,92,existence,183.15
37,17,20,debt,132.44
117,75,42,debt,353.49
5,4,1,debt,34.07
79,35,44,payment,209.8
134,77,57,payment,319.6
144,4,140,existence,218.05
33,3,30,payment,60.23
7,7,0,payment,27.3
2,1,1,payment,16.87
72,68,4,existence,246.5
140,40,100,payment,344.25
97,84,13,payment,208.73
2,1,1,payment,13.41
28,25,3,payment,84.87
19,5,14,existence,42.83
104,28,76,debt,186.67
66,11,55,payment,144.84
76,19,57,payment,146.63
102,51,51,debt,321.34
140,103,37,existence,353.06
70,36,34,debt,185.5
37,6,31,debt,104.38
33,27,6,payment,80.65
68,45,23,payment,176.31
106,36,70,payment,306.12
133,22,111,debt,329.09
148,73,75,payment,302.61
108,80,28,debt,335.98
14,12,2,debt,43.78
64,5,59,debt,155.44
41,6,35,existence,83.02
74,44,30,debt,174.2
30,18,12,existence,93.31
24,12,12,existence,40.72
101,73,28,payment,238.11
3,3,0,existence,6.89
125,64,61,existence,262.62
70,1,69,existence,141.83
119,65,54,debt,261.07
69,20,49,existence,165.52
122,80,42,debt,283.77
101,43,58,debt,288.65
38,16,22,debt,101.04
45,27,18,payment,132.92
127,50,77,debt,373.22
157,55,102,debt,449.47
58,9,49,debt,173.86
38,10,28,debt,79.37
118,50,68,payment,227.99
83,37,46,payment,225.43
1,1,0,debt,13.45
25,10,15,existence,60.38
89,83,6,payment,284.39
5,1,4,debt,29.92
74,41,33,debt,171.07
4,1,3,payment,21.7
3,1,2,existence,7.41
124,21,103,payment,263.02
119,2,117,existence,174.63
9,1,8,payment,31.84
61,40,21,debt,209.57
7,2,5,debt,42.63
69,29,40,existence,189.3
44,34,10,existence,98.23
26,18,8,existence,64.76
111,88,23,existence,391.03
113,104,9,debt,387.09
52,10,42,payment,88.64
29,13,16,existence,60.18
115,25,90,payment,311.3
25,13,12,payment,79.63
126,18,108,debt,211.06
55,51,4,payment,191.19
119,114,5,existence,375.5
129,46,83,debt,207.59
128,74,54,payment,285.7
55,41,14,existence,120.91
153,80,73,existence,399.23
39,21,18,existence,114.37
83,35,48,debt,130.77
79,57,22,debt,179.48
117,73,44,payment,355.67
32,17,15,payment,63.7
109,107,2,payment,239.05
84,1,83,existence,129.53
103,47,56,debt,311.62
94,64,30,payment,243.34
137,16,121,debt,231.26
127,29,98,payment,304.62
20,10,10,payment,69.91
51,6,45,payment,72.68
66,65,1,debt,216.1
84,12,72,debt,231.53
85,83,2,debt,338.86
22,5,17,debt,84.21
74,50,24,payment,242.16
152,126,26,payment,496.8
76,9,67,existence,133.29
125,104,21,payment,422.96
11,1,10,payment,30.33
1,1,0,existence,3
38,22,16,debt,119.2
133,42,91,debt,376.49
53,38,15,existence,113.63
62,56,6,payment,177.08
115,41,74,payment,325.25
152,105,47,existence,386.65
3,1,2,debt,27.29
8,7,1,debt,30.5
146,9,137,payment,255.1
80,57,23,existence,183.42
129,96,33,existence,327.69
74,33,41,debt,181.82
141,124,17,payment,509.17
17,5,12,existence,27.3
51,3,48,existence,64.16
140,2,138,debt,348.85
28,23,5,debt,69.75
16,9,7,payment,48.65
43,37,6,existence,140.11
51,26,25,debt,165.08
136,123,13,payment,303.32
135,83,52,debt,392.44
140,51,89,existence,309.4
1,1,0,existence,3.48
89,83,6,payment,258.03
124,85,39,existence,287.57
74,66,8,existence,186.3
56,2,54,payment,84.22
79,79,0,payment,219.02
83,40,43,existence,154.59
117,12,105,payment,297.13
45,13,32,payment,93.8
15,7,8,debt,38.89
95,14,81,debt,178.02
123,30,93,existence,293.96
87,14,73,existence,168.41
46,42,4,existence,138.55
60,28,32,debt,125.22
117,107,10,payment,386.41
69,32,37,payment,188.33
38,18,20,payment,98.58
150,33,117,debt,420.71
12,5,7,debt,31.71
141,124,17,existence,444.07
65,55,10,payment,192.83
147,18,129,payment,343.04
71,52,19,existence,200.9
119,20,99,debt,260.44
31,11,20,existence,56.9
27,23,4,debt,79.73
71,62,9,existence,136.24
23,3,20,payment,68.66
139,7,132,debt,239.57
15,3,12,existence,41.04
113,70,43,payment,257.98
150,102,48,existence,481.38
89,89,0,payment,223.21
44,41,3,payment,116.36
61,53,8,existence,139
52,50,2,existence,174.53
106,43,63,debt,286.91
63,44,19,payment,170.62
23,13,10,existence,71.43
86,71,15,debt,255.91
71,10,61,debt,116.23
106,106,0,debt,303.74
97,41,56,debt,272.79
50,4,46,payment,111.1
12,9,3,payment,47.33
79,1,78,payment,209.52
79,7,72,existence,158.81
91,58,33,debt,256.26
153,150,3,debt,366.12
129,31,98,debt,266.13
18,16,2,existence,59.88
136,88,48,existence,372.01
101,2,99,debt,186.92
152,27,125,existence,234.64
56,4,52,debt,105.48
143,37,106,payment,407.09
39,18,21,payment,72.39
63,52,11,payment,205.1
143,131,12,payment,511.66
29,3,26,payment,82.7
75,32,43,debt,148
14,8,6,debt,55.27
110,12,98,existence,224.51
39,37,2,payment,126.51
101,8,93,debt,166.91
145,26,119,payment,374.78
12,2,10,payment,35.15
8,3,5,payment,24.72
94,20,74,debt,237.15
156,123,33,payment,372.48
117,113,4,existence,382.88
2,2,0,debt,28.87
92,61,31,payment,272.4
32,22,10,debt,109.33
98,39,59,payment,164.59
104,5,99,payment,270.92
136,28,108,existence,329.74
119,22,97,debt,255.73
100,56,44,debt,279.54
143,45,98,debt,390.41
86,80,6,existence,220.73
22,15,7,payment,52.71
84,55,29,existence,226.74
153,147,6,existence,555.88
23,11,12,existence,35.46
85,75,10,existence,217.2
37,18,19,existence,83.03
32,23,9,payment,102.64
15,6,9,debt,58.2
83,55,28,debt,246.49
94,67,27,debt,284.5
86,15,71,debt,144.43
151,10,141,payment,334.98
91,86,5,debt,244.43
101,86,15,debt,346.49
42,21,21,payment,140.08
98,95,3,payment,282.69
151,39,112,debt,254.83
144,113,31,payment,386.31
19,13,6,existence,63.23
104,38,66,payment,285.81
139,129,10,payment,306
33,18,15,debt,123.77
89,9,80,existence,186.06
68,53,15,existence,209.63
62,41,21,debt,176.15
57,6,51,payment,142.93
94,89,5,debt,259.2
32,2,30,debt,89.78
155,7,148,payment,291.26
112,21,91,existence,270.54
87,27,60,payment,183.57
38,16,22,debt,113.41
129,35,94,debt,268.41
114,87,27,existence,371.65
142,39,103,existence,254.46
71,50,21,existence,142.61
130,127,3,existence,350.66
32,9,23,debt,113.9
67,38,29,payment,186.19
157,142,15,debt,429.73
52,28,24,existence,115.87
153,148,5,payment,422.26
157,148,9,existence,600.46
71,27,44,debt,126.38
45,35,10,existence,107.78
101,6,95,existence,152.27
141,62,79,debt,263.13
60,10,50,debt,146.6
54,24,30,existence,91.55
28,1,27,debt,63.91
17,2,15,payment,54.27
11,11,0,payment,38.81
49,13,36,existence,77.09
74,14,60,existence,164.99
5,5,0,debt,32.31
78,54,24,payment,200.03
19,14,5,debt,78.55
123,114,9,payment,263.25
52,21,31,payment,104.74
63,43,20,payment,179.25
116,60,56,payment,304.79
63,38,25,debt,190.31
56,7,49,existence,86.75
5,1,4,debt,40.41
120,53,67,payment,285.25
81,4,77,debt,135.65
139,67,72,payment,340.98
126,95,31,existence,290.94
40,9,31,existence,89.84
41,26,15,existence,85.45
31,16,15,debt,86.44
95,76,19,debt,338.15
8,7,1,existence,25.24
79,16,63,debt,184.2
14,5,9,debt,35.33
92,29,63,debt,275.31
112,111,1,debt,407.28
60,16,44,payment,124.84
123,19,104,existence,229.53
154,10,144,debt,211.08
7,6,1,existence,15.87
12,8,4,existence,30.92
23,14,9,existence,53.74
17,5,12,debt,42.43
125,121,4,debt,411.15
97,54,43,existence,206.74
72,68,4,payment,227
47,17,30,existence,109.02
10,10,0,existence,36.44
116,66,50,payment,223.92
101,3,98,debt,271.12
120,38,82,debt,249.84
67,59,8,existence,161.49
45,12,33,existence,95.99
48,12,36,debt,116.43
51,24,27,debt,140.43
9,5,4,existence,28.28
125,87,38,debt,319
38,36,2,payment,87.16
74,62,12,debt,226.73
91,12,79,existence,130.09
155,148,7,payment,509.49
6,2,4,existence,16.15
133,62,71,payment,330.55
1,1,0,existence,2.74
155,39,116,existence,239.39
28,17,11,existence,64.08
132,72,60,payment,267.47
138,53,85,existence,293.33
1,1,0,payment,8.63
111,42,69,existence,239.81
126,78,48,existence,264.03
58,42,16,debt,137.56
139,108,31,existence,350.09
84,13,71,payment,155.39
96,7,89,payment,190.17
147,118,29,debt,421.31
33,2,31,payment,91.5
94,6,88,payment,186.43
37,28,9,debt,124.58
88,8,80,existence,154.06
84,14,70,payment,197.44
85,31,54,debt,208.22
43,25,18,debt,152.98
61,28,33,debt,196.89
122,44,78,payment,315.36
46,28,18,existence,130.92
103,69,34,payment,280.44
131,128,3,payment,471.21
65,29,36,existence,151.24
42,38,4,existence,130.53
143,45,98,debt,227.73
91,22,69,existence,177.86
98,30,68,debt,168.24
95,51,44,existence,282.34
23,15,8,payment,50.82
120,10,110,existence,308.6
64,24,40,payment,187.54
141,6,135,existence,300.69
73,23,50,existence,216.03
21,6,15,debt,60.78
10,6,4,existence,29.34
14,14,0,payment,54.83
5,5,0,debt,40.87
53,5,48,payment,119.33
154,80,74,payment,398.46
63,26,37,debt,165.94
1,1,0,existence,2.76
136,22,114,payment,345.76
134,27,107,debt,224.88
60,17,43,payment,100.06
103,1,102,payment,141.04
38,24,14,existence,83.9
2,2,0,payment,20.48
17,9,8,payment,51.13
28,19,9,payment,86.46
75,47,28,payment,254.06
157,149,8,debt,536.42
49,5,44,payment,110.08
64,32,32,existence,109.91
91,82,9,payment,319.09
50,29,21,existence,138.5
93,81,12,existence,205.45
8,8,0,existence,27.37
21,3,18,payment,61.12
99,86,13,payment,302.41
54,1,53,payment,83.16
113,24,89,payment,283.51
55,11,44,existence,118.01
154,26,128,existence,247.96
57,16,41,existence,134.39
146,41,105,payment,413.66
133,55,78,existence,280.72
89,33,56,debt,228.9
19,1,18,payment,41.46
71,70,1,payment,264.6
140,39,101,debt,336.47
83,28,55,existence,137.44
137,108,29,debt,369.95
83,47,36,payment,180.66
146,48,98,debt,231.5
66,59,7,payment,257.23
64,46,18,payment,194.32
41,6,35,existence,63.26
129,121,8,debt,445.91
68,54,14,debt,240.59
122,81,41,debt,379.4
94,20,74,debt,257.83
156,45,111,existence,333.97
29,27,2,payment,101.54
47,17,30,existence,99.97
96,86,10,debt,272.47
141,45,96,existence,334.53
27,3,24,payment,60.56
130,62,68,debt,390.06
109,37,72,existence,217.65
63,56,7,existence,150.28
102,99,3,payment,316.52
69,20,49,debt,190.71
63,56,7,debt,170.99
8,1,7,existence,20.67
8,7,1,debt,39.64
21,1,20,existence,45.44
84,77,7,payment,259
72,4,68,existence,165.96
41,41,0,existence,125.78
33,27,6,existence,91.72
154,67,87,existence,287.81
5,2,3,existence,9.89
55,26,29,payment,164.35
7,7,0,debt,43.64
77,52,25,debt,171.85
40,22,18,debt,117.27
129,29,100,payment,297.48
65,9,56,debt,168.35
133,125,8,payment,337.68
6,5,1,payment,35.32
88,66,22,existence,252.92
101,7,94,existence,124.41
111,31,80,existence,244.08
111,5,106,payment,286.97
103,45,58,payment,253.05
134,72,62,payment,367.29
39,36,3,existence,97.08
83,25,58,debt,239.94
148,82,66,existence,381.92
20,3,17,debt,65.92
3,1,2,existence,7.5
105,60,45,payment,279.6
48,40,8,debt,133.71
77,14,63,debt,160.78
134,48,86,debt,236.37
104,71,33,existence,298.3
96,20,76,payment,194.58
52,33,19,existence,154.74
90,24,66,payment,139.65
134,23,111,debt,252.09
16,16,0,existence,37.39
126,9,117,existence,289.85
128,112,16,debt,411.58
144,138,6,existence,338.23
76,43,33,existence,159.74
1,1,0,existence,2.27
93,89,4,debt,348.19
149,67,82,payment,383.14
127,40,87,existence,204
127,107,20,debt,398.98
156,23,133,existence,307.08
131,72,59,existence,306.69
123,72,51,existence,355.49
107,72,35,payment,243.63
17,17,0,debt,76.93
53,36,17,debt,167.5
8,5,3,debt,37.36
28,12,16,debt,82.68
30,16,14,existence,58.21
88,59,29,debt,311.01
41,30,11,debt,119.96
61,53,8,existence,214.94
99,68,31,existence,281.46
109,78,31,payment,307.87
27,13,14,existence,53.33
119,32,87,payment,264.84
116,98,18,payment,387.12
44,1,43,payment,111.4
106,43,63,debt,259.68
27,11,16,payment,72.21
109,64,45,existence,242.76
120,112,8,debt,342.84
133,104,29,payment,364.74
113,81,32,payment,255.17
133,48,85,existence,338.41
130,11,119,debt,357.28
99,35,64,payment,286.9
125,45,80,existence,254.96
43,2,41,existence,97.27
51,41,10,existence,149.3
77,40,37,payment,220.89
45,24,21,existence,106.82
108,60,48,debt,244.65
73,66,7,existence,206.64
1,1,0,debt,27.79
32,11,21,existence,64.07
61,34,27,existence,136.87
28,13,15,payment,97.93
60,60,0,debt,166.67
20,3,17,payment,41.24
81,6,75,payment,163.55
90,19,71,existence,220.37
124,48,76,debt,397.07
66,66,0,debt,162.41
52,11,41,debt,117.4
38,25,13,existence,101.55
34,11,23,debt,91.97
140,70,70,payment,442.59
10,10,0,payment,30.54
48,22,26,existence,118.5
11,2,9,debt,27.56
25,11,14,payment,59.81
78,25,53,existence,174.48
85,36,49,debt,168.85
35,4,31,debt,112.49
60,44,16,existence,182.13
140,77,63,existence,274.02
105,90,15,payment,303.93
39,23,16,debt,98.35
73,36,37,existence,159.47
65,38,27,debt,158.28
98,80,18,payment,343.43
82,33,49,debt,174.88
12,11,1,debt,47.64
15,15,0,existence,41.38
28,22,6,payment,98.41
13,7,6,debt,51.96
96,71,25,payment,249.8
74,42,32,existence,136.26
37,24,13,existence,82.66
154,132,22,payment,502.95
103,88,15,debt,315.69
25,23,2,debt,103.9
19,9,10,debt,58.74
44,43,1,debt,161.53
92,81,11,payment,315.4
97,5,92,payment,206.12
111,29,82,debt,191.95
49,28,21,existence,118.37
89,79,10,existence,169.16
16,12,4,debt,68.37
79,23,56,existence,205.23
111,28,83,existence,233.31
145,31,114,debt,326.4
113,53,60,existence,296.07
119,65,54,existence,288.09
61,25,36,payment,164.27
2,1,1,debt,31.67
38,6,32,existence,95.4
23,8,15,payment,64.93
70,24,46,existence,158.05
73,3,70,payment,103.12
106,32,74,existence,262.11
22,17,5,debt,62.35
65,8,57,debt,152.17
72,6,66,existence,142.15
106,97,9,payment,285.96
69,9,60,debt,105.3
64,42,22,debt,160.03
43,41,2,payment,151.6
31,10,21,debt,97.61
92,53,39,existence,288.38
34,10,24,debt,66.11
56,6,50,debt,145.7
1,1,0,debt,15.91
157,12,145,payment,226.83
18,14,4,debt,76.67
6,4,2,debt,27.03
59,41,18,existence,141.69
99,71,28,debt,231.42
139,108,31,debt,430.08
27,5,22,existence,61.68
59,10,49,debt,163.82
80,46,34,debt,165.37
111,48,63,debt,336.59
138,22,116,existence,358.41
88,66,22,payment,182.1
104,93,11,existence,324.92
86,5,81,debt,217.43
89,77,12,payment,260.71
152,69,83,debt,292.43
27,6,21,existence,69.73
5,3,2,payment,17.37
156,152,4,payment,514.32
7,5,2,existence,13.9
29,7,22,debt,99.23
91,35,56,payment,143.45
21,17,4,debt,75.25
99,44,55,debt,264.18
66,14,52,debt,119.76
2,2,0,debt,34.06
76,39,37,debt,185.49
44,15,29,debt,90.77
135,68,67,existence,417.26
78,37,41,debt,272.14
155,119,36,existence,351.19
35,34,1,payment,97.9
27,25,2,debt,89.37
117,70,47,debt,266.92
117,98,19,debt,429.59
42,38,4,existence,106.43
151,142,9,payment,545.91
26,7,19,existence,41.77
56,45,11,existence,192.75
140,26,114,payment,307.88
64,11,53,payment,94.39
115,30,85,existence,222.57
88,81,7,payment,241.97
49,18,31,payment,154.59
150,94,56,payment,427
142,77,65,debt,266.3
118,65,53,debt,354.37
67,66,1,payment,187.56
26,21,5,payment,103.15
120,19,101,payment,272.84
104,83,21,payment,326.51
9,8,1,payment,41.45
15,9,6,existence,38.25
137,107,30,payment,335.4
89,57,32,existence,267.17
18,3,15,debt,57.54
68,40,28,payment,185.58
150,13,137,payment,246.38
27,18,9,payment,86.9
49,27,22,existence,143.08
76,15,61,existence,128.64
28,5,23,payment,75.73
6,3,3,payment,30.09
138,4,134,debt,319.82
70,42,28,debt,184.25
114,44,70,payment,243.87
52,40,12,debt,146.97
142,21,121,existence,237.93
156,151,5,existence,351.93
49,46,3,existence,150.73
93,6,87,debt,176.96
26,22,4,payment,82.36
118,29,89,debt,279.36
122,48,74,debt,309.14
111,42,69,payment,322.25
28,8,20,existence,70.81
116,110,6,debt,298.64
139,127,12,debt,389.37
32,11,21,payment,78.8
35,23,12,debt,96.41
17,16,1,existence,41.7
20,14,6,debt,83.67
93,73,20,debt,317.91
60,21,39,payment,102.7
66,63,3,payment,164.46
36,13,23,payment,75.57
75,15,60,existence,122.95
95,38,57,existence,220.5
81,35,46,payment,195.58
101,93,8,payment,225.1
10,1,9,existence,25.77
30,2,28,debt,70.2
100,75,25,payment,213.86
29,24,5,debt,99.95
119,36,83,debt,259.27
45,9,36,existence,67.28
119,108,11,existence,354.93
119,56,63,debt,341.04
154,24,130,existence,269.54
103,63,40,debt,230.92
96,45,51,existence,247.17
72,14,58,payment,123.58
65,60,5,existence,208.23
61,45,16,payment,194.02
108,21,87,existence,280.21
34,27,7,payment,78.63
10,3,7,existence,22.87
35,32,3,debt,118.11
3,2,1,debt,23.12
120,114,6,payment,383.7
109,59,50,payment,322.04
18,15,3,payment,79.29
116,40,76,existence,230.24
130,107,23,debt,301.08
136,39,97,existence,255.36
9,7,2,existence,20.48
82,23,59,payment,187.99
79,20,59,existence,122.89
142,94,48,existence,418.84
58,40,18,payment,130.51
125,113,12,payment,428.31
57,23,34,existence,154.82
99,5,94,debt,232.14
71,32,39,debt,223.35
43,13,30,existence,94.81
156,156,0,debt,497.19
86,47,39,payment,197.16
58,49,9,payment,149.72
2,1,1,payment,21.25
78,52,26,existence,179.95
100,80,20,debt,263.54
2,1,1,debt,17.36
128,24,104,existence,337.45
153,31,122,existence,222.67
140,77,63,existence,250.41
43,41,2,existence,98.19
60,51,9,debt,179.7
19,17,2,payment,68.44
61,51,10,debt,208.09
81,48,33,debt,213.57
116,116,0,payment,385.86
67,41,26,debt,200.04
5,5,0,existence,18.48
90,65,25,existence,209.41
152,44,108,existence,312.64
2,1,1,payment,12.41
15,1,14,payment,37.02
35,34,1,payment,79.42
153,82,71,debt,341.34
37,22,15,existence,105.87
145,66,79,payment,375.43
47,28,19,debt,155.59
2,2,0,payment,22.26
134,79,55,existence,432.4
150,114,36,existence,464.65
34,21,13,existence,70.6
55,2,53,existence,104.82
93,1,92,payment,134.69
148,134,14,existence,437.26
7,2,5,debt,29
94,79,15,payment,312.95
103,89,14,debt,282.3
67,57,10,existence,172.4
154,107,47,payment,381.89
19,1,18,debt,66.23
30,30,0,debt,89.07
7,4,3,debt,27.03
101,70,31,existence,231.3
108,107,1,payment,255.98
8,2,6,existence,12.92
14,9,5,existence,40.05
89,65,24,existence,173.13
47,6,41,payment,129.32
115,109,6,debt,372.05
30,6,24,payment,63
145,121,24,existence,500.52
101,45,56,debt,176.07
58,8,50,payment,109.18
147,103,44,debt,459.19
65,55,10,existence,144.42
44,17,27,debt,108.06
57,41,16,payment,157.06
35,20,15,payment,115.63
63,29,34,payment,176.74
45,1,44,debt,135.3
122,56,66,payment,296.48
117,93,24,debt,303.5
157,135,22,payment,459.09
110,109,1,existence,287.96
37,19,18,existence,87.56
38,38,0,existence,138.4
100,54,46,existence,269.24
113,54,59,payment,264.06
116,14,102,debt,240.41
49,47,2,payment,158.9
39,39,0,existence,130.64
71,17,54,debt,209.93
42,9,33,existence,93.18
149,129,20,payment,472.94
64,9,55,debt,120.19
24,9,15,payment,45.96
144,21,123,debt,365.36
144,8,136,debt,212.52
29,16,13,payment,94.37
124,47,77,existence,237.8
8,7,1,debt,40.09
54,25,29,payment,97.22
119,54,65,payment,249.36
156,29,127,debt,263.54
69,44,25,existence,130.51
139,110,29,payment,415.1
42,10,32,existence,61.76
116,32,84,existence,162.31
32,21,11,existence,87.61
136,100,36,debt,287.17
96,62,34,existence,224.26
81,67,14,existence,230.3
3,1,2,debt,25.03
89,3,86,debt,196.48
79,40,39,existence,212.19
3,3,0,existence,6.25
124,104,20,existence,299.56
86,58,28,debt,281.41
125,81,44,debt,393
67,11,56,existence,89.45
68,38,30,existence,175.59
151,26,125,payment,323.26
153,142,11,existence,481.65
114,6,108,existence,207.53
114,82,32,debt,339.64
144,58,86,payment,314.9
100,92,8,debt,326.99
102,97,5,existence,206.29
4,1,3,payment,18.29
118,74,44,existence,257.22
23,4,19,debt,64.54
60,15,45,debt,129.26
63,42,21,payment,194.66
154,49,105,existence,402.04
9,9,0,existence,31.68
37,10,27,existence,97.87
64,18,46,payment,166.65
37,37,0,payment,144.93
110,10,100,payment,218.58
115,23,92,debt,235.48
45,28,17,debt,83.73
97,10,87,debt,219.12
87,34,53,payment,218.8
135,18,117,debt,236.54
93,81,12,payment,327.78
25,21,4,debt,62.03
108,68,40,payment,312.8
48,21,27,payment,142.75
39,21,18,payment,91.82
135,74,61,debt,335.21
56,53,3,debt,164.13
123,102,21,debt,393.22
133,44,89,existence,352.25
114,21,93,existence,240.48
13,12,1,debt,41.02
102,16,86,payment,180.37
150,104,46,debt,361.78
39,15,24,existence,76.19
97,8,89,payment,181.5
85,37,48,existence,202.48
36,2,34,existence,63.58
11,6,5,existence,34.82
77,77,0,payment,260.33
145,74,71,existence,269.35
80,78,2,payment,303.98
133,113,20,existence,341.39
145,133,12,existence,480.16
119,55,64,existence,271.29
124,16,108,existence,234.25
67,25,42,existence,177.62
152,131,21,debt,532.67
141,105,36,debt,414.34
51,29,22,debt,154.65
124,1,123,existence,233.7
31,12,19,debt,71.39
148,67,81,debt,401.21
153,99,54,debt,350.28
32,20,12,payment,109.33
38,19,19,payment,109.33
30,23,7,payment,65.98
4,4,0,debt,21.56
156,21,135,payment,280
43,11,32,debt,128.4
8,1,7,debt,42.84
148,106,42,existence,507.29
155,11,144,existence,262.71
3,1,2,existence,5.1
7,4,3,debt,27.84
41,9,32,debt,105.18
47,47,0,payment,177.78
33,28,5,existence,84.15
125,44,81,debt,288.35
9,4,5,debt,36.51
88,68,20,existence,191.18
58,25,33,debt,130.69
60,49,11,existence,180.64
140,76,64,existence,439.8
90,12,78,debt,151.22
110,13,97,existence,264.92
143,11,132,debt,284.96
138,40,98,payment,383.18
74,39,35,debt,217.67
98,91,7,debt,219.17
76,71,5,existence,181.48
141,97,44,payment,261.76
135,55,80,debt,350.1
25,24,1,existence,53.88
127,44,83,existence,337.81
44,24,20,payment,113.91
50,31,19,debt,116.02
104,77,27,payment,336.89
44,2,42,payment,70.58
66,63,3,debt,237.03
3,3,0,debt,36.75
155,145,10,existence,398.16
3,3,0,existence,7.59
43,19,24,debt,99.32
109,101,8,debt,357.49
70,32,38,payment,144.44
55,40,15,payment,190
80,47,33,payment,250.03
50,41,9,debt,200.63
4,4,0,payment,29.21
23,9,14,payment,64.78
89,32,57,payment,212.79
16,10,6,payment,54.23
65,59,6,payment,252.84
80,25,55,existence,185.74
6,4,2,existence,12.55
59,20,39,payment,141.58
73,58,15,payment,237.38
119,108,11,payment,303.64
116,61,55,debt,227.05
103,62,41,payment,251.49
15,3,12,debt,55.31
121,111,10,debt,430.41
24,5,19,payment,54.77
28,18,10,payment,96.64
12,11,1,payment,35.44
33,13,20,existence,64.81
116,5,111,payment,162.7
128,7,121,existence,169.26
52,47,5,existence,181.72
64,10,54,debt,121.89
7,5,2,payment,38.98
54,40,14,payment,170.45
139,3,136,existence,241.95
116,37,79,debt,248.97
109,96,13,debt,300.69
132,67,65,debt,318.45
81,60,21,existence,241.34
73,33,40,payment,185.36
152,20,132,existence,327.36
54,45,9,debt,184
146,82,64,payment,387.9
30,16,14,existence,78.19
138,48,90,payment,303.69
19,3,16,debt,63.88
48,29,19,existence,94.73
62,12,50,debt,181.96
154,107,47,existence,459.8
157,146,11,existence,392.51
19,18,1,payment,71.57
117,109,8,debt,246.87
82,21,61,existence,131.06
130,85,45,debt,366.88
14,7,7,debt,42.57
61,59,2,existence,159.43
138,7,131,debt,347.03
16,3,13,existence,35.11
157,35,122,payment,413.61
37,10,27,existence,61.15
120,57,63,payment,301.75
92,38,54,debt,180.66
150,27,123,existence,331.07
12,11,1,existence,42.21
47,20,27,payment,155.6
30,3,27,payment,51.52
117,112,5,existence,344.61
146,14,132,existence,310.1
81,12,69,debt,221.21
154,149,5,debt,571.85
109,28,81,payment,308.35
57,46,11,payment,127.35
137,96,41,payment,415.02
101,56,45,existence,258.8
12,11,1,debt,59.65
87,80,7,debt,217.21
130,116,14,existence,419.54
131,56,75,existence,321.51
68,53,15,existence,230.86
101,22,79,debt,195.12
88,2,86,existence,122.18
65,47,18,payment,228.07
147,134,13,existence,538.68
118,89,29,payment,286.48
85,59,26,debt,212.55
138,117,21,payment,393.45
62,48,14,existence,207.15
108,23,85,debt,260.28
103,83,20,payment,275.98
108,75,33,payment,349.19
43,24,19,payment,110.86
43,19,24,payment,108.31
94,48,46,payment,230.19
107,98,9,debt,275.38
59,20,39,payment,118.71
130,49,81,debt,398.71
54,15,39,existence,138.27
130,30,100,debt,309.66
93,42,51,payment,239.43
156,67,89,debt,399.11
140,22,118,existence,291.55
116,31,85,payment,221.2
57,49,8,payment,135.59
17,15,2,debt,76.93
75,19,56,payment,189.3
87,84,3,payment,323.04
12,11,1,existence,36.39
58,43,15,debt,174.53
34,9,25,payment,76.89
65,16,49,payment,104.84
137,71,66,debt,353.31
12,2,10,payment,37.6
52,7,45,existence,114.67
43,43,0,existence,108.76
153,13,140,existence,228.38
66,57,9,payment,215.03
119,95,24,existence,331.5
27,4,23,existence,68.29
88,41,47,payment,189.44
2,1,1,payment,16.06
74,68,6,debt,251.22
117,81,36,payment,229.22
59,54,5,debt,179.84
18,5,13,payment,50.24
133,83,50,existence,327.02
35,8,27,existence,46.65
102,3,99,payment,171.7
154,17,137,debt,351.62
148,142,6,existence,311.54
28,2,26,debt,53.85
80,1,79,debt,206.47
45,12,33,payment,94.67
79,47,32,payment,175.17
57,20,37,existence,117.82
38,26,12,debt,138.06
60,33,27,payment,200.07
86,74,12,payment,258.6
113,108,5,existence,283.07
35,26,9,existence,96.33
65,25,40,existence,178.23
49,41,8,existence,162.89
92,51,41,payment,257.59
15,2,13,debt,64.65
20,16,4,existence,48.7
93,16,77,existence,230.29
82,52,30,debt,253.29
55,54,1,debt,165.38
121,32,89,debt,271.35
63,18,45,existence,102.08
94,50,44,existence,239.24
70,9,61,debt,133.14
6,3,3,payment,25.63
25,13,12,payment,82.81
78,36,42,payment,168.45
108,56,52,payment,263.81
28,26,2,existence,79.95
127,12,115,existence,262.77
24,22,2,payment,71.77
18,3,15,payment,57.99
126,93,33,payment,366
12,7,5,existence,33.34
59,47,12,payment,229.99
154,67,87,existence,295.57
55,40,15,debt,153.99
24,6,18,debt,54.97
136,87,49,existence,273.85
43,18,25,debt,130.04
38,19,19,payment,96.06
111,109,2,existence,277.36
84,52,32,existence,231.15
146,34,112,existence,250.98
26,18,8,debt,71.74
63,54,9,payment,171.23
88,80,8,debt,225.93
27,16,11,debt,77.73
141,14,127,debt,247.23
129,4,125,debt,191.34
75,66,9,existence,205.13
78,22,56,existence,155.24
61,51,10,debt,197.96
108,22,86,debt,230.73
6,1,5,payment,25.32
24,9,15,existence,68.86
10,8,2,payment,37.82
22,7,15,existence,38.7
109,101,8,existence,340.48
138,5,133,existence,243.98
44,13,31,payment,136.62
87,75,12,payment,219.87
24,19,5,existence,63.25
72,62,10,debt,218.26
4,3,1,payment,26.15
96,33,63,debt,256.28
141,19,122,existence,197.03
107,64,43,payment,268.49
127,119,8,existence,363.25
33,29,4,payment,115.49
58,15,43,debt,125.62
72,61,11,existence,210.6
155,92,63,payment,392.34
92,26,66,existence,211.43
35,20,15,existence,89.06
119,83,36,debt,341.52
11,10,1,existence,28.93
65,43,22,payment,166.02
101,70,31,debt,245.5
33,2,31,existence,60.19
63,49,14,existence,143.61
12,9,3,payment,36.29
24,9,15,payment,67.97
116,116,0,debt,401.29
110,75,35,payment,230.45
137,3,134,debt,217.2
151,28,123,existence,310.84
154,2,152,debt,222.28
76,20,56,existence,135.73
148,130,18,payment,408.1
136,17,119,payment,273.77
108,93,15,debt,292.45
69,33,36,existence,189.36
134,36,98,debt,371.23
11,9,2,debt,47.81
72,66,6,payment,275.21
147,78,69,payment,385.92
71,53,18,existence,209.8
129,69,60,debt,245.98
113,93,20,payment,299.21
39,2,37,payment,66.58
107,44,63,debt,196.53
28,14,14,debt,71.23
131,9,122,debt,232.44
114,49,65,existence,296.96
103,59,44,payment,183.6
100,21,79,existence,168.58
100,95,5,existence,240.29
138,137,1,payment,518.3
117,51,66,existence,242.61
105,30,75,existence,256.27
108,69,39,existence,276.08
12,3,9,debt,43.56
81,38,43,payment,240.53
84,34,50,payment,239.09
18,1,17,debt,64.59
127,80,47,existence,384.23
19,18,1,payment,82.87
27,8,19,debt,88.81
63,16,47,debt,159.09
91,38,53,existence,166.84
65,45,20,debt,193.27
77,56,21,debt,234.37
147,70,77,existence,369.58
6,1,5,payment,26.47
66,58,8,existence,246.16
92,44,48,existence,148.96
85,17,68,payment,227.49
102,31,71,existence,207.92
90,2,88,payment,201.36
154,98,56,debt,369.5
70,51,19,debt,224.46
111,32,79,payment,290.3
54,9,45,payment,85.82
3,3,0,existence,9.76
1,1,0,payment,10.12
96,18,78,payment,211.83
115,63,52,existence,351.9
9,7,2,existence,19.44
122,67,55,debt,283.9
24,22,2,existence,75.76
120,53,67,debt,282.15
73,29,44,payment,193.4
21,8,13,payment,47.72
99,34,65,debt,247.56
146,99,47,existence,462.42
89,55,34,debt,195.21
74,58,16,payment,218.9
11,5,6,existence,30.52
44,12,32,debt,114.02
21,15,6,debt,78.74
80,52,28,debt,256.82
150,96,54,payment,438.83
11,11,0,payment,46.92
155,17,138,payment,322.36
145,72,73,debt,400.3
4,4,0,debt,31.3
63,56,7,debt,205.91
63,58,5,debt,230.95
11,9,2,payment,30.86
82,80,2,payment,221.42
52,6,46,existence,82.61
93,55,38,debt,285.55
133,91,42,payment,323.75
7,5,2,debt,27.66
107,3,104,debt,140.47
124,100,24,debt,362.4
114,9,105,debt,242.88
111,91,20,debt,289.81
70,53,17,existence,148.41
85,29,56,payment,176.49
50,36,14,debt,142.98
75,74,1,payment,231.49
61,60,1,debt,134.59
84,38,46,debt,263.42
153,85,68,payment,442.8
97,26,71,existence,140.69
23,19,4,existence,59.76
58,29,29,payment,162.98
62,54,8,debt,209.66
144,91,53,debt,367.3
122,88,34,debt,417.92
19,9,10,payment,66.86
101,21,80,existence,252.57
104,92,12,debt,322.66
30,12,18,payment,60.24
104,91,13,payment,371.83
52,49,3,payment,168.75
44,44,0,debt,126.84
14,3,11,payment,48.4
122,67,55,payment,373.96
29,18,11,debt,73.42
124,100,24,payment,296.77
112,45,67,existence,259.38
104,46,58,payment,267.75
67,14,53,payment,119.76
46,42,4,payment,157.73
141,82,59,payment,434.72
54,26,28,payment,119.1
110,65,45,payment,359.83
155,44,111,existence,308.36
57,12,45,debt,130.56
142,42,100,existence,220.97
154,41,113,payment,295.97
58,31,27,payment,168.53
80,45,35,payment,209.71
155,37,118,existence,244.57
136,101,35,payment,292.17
146,10,136,payment,328.95
99,57,42,existence,248.77
157,99,58,payment,365.22
88,70,18,existence,237.87
43,9,34,payment,86.78
136,18,118,existence,280.78
31,21,10,debt,117.9
129,79,50,payment,269.92
92,10,82,existence,213.16
156,2,154,existence,253.97
131,28,103,payment,305.14
61,51,10,payment,152.87
55,32,23,payment,124.28
48,47,1,existence,97.06
157,139,18,payment,505.92
60,11,49,existence,139.88
16,4,12,debt,37.96
104,74,30,payment,294.31
71,4,67,debt,189.16
128,114,14,debt,427.97
28,8,20,debt,86.18
72,64,8,payment,255.99
43,6,37,debt,83.13
54,2,52,debt,90.5
131,48,83,existence,210.5
86,3,83,payment,191.03
121,22,99,debt,270.88
55,25,30,existence,146
21,4,17,existence,33.69
22,12,10,debt,81.91
144,33,111,debt,292.65
68,65,3,debt,228.13
83,30,53,debt,209.18
133,8,125,payment,218.55
19,1,18,debt,68.4
66,63,3,debt,224.22
100,11,89,existence,184.01
49,2,47,debt,119.06
11,4,7,existence,20.37
48,22,26,payment,153.36
104,50,54,payment,276.26
60,47,13,existence,140.19
86,5,81,payment,145.08
88,36,52,existence,204.14
119,112,7,payment,424.16
121,110,11,payment,412.2
72,25,47,payment,137.51
128,65,63,debt,374.15
114,59,55,payment,338.72
1,1,0,debt,24.25
39,32,7,debt,115.39
85,72,13,existence,227.82
155,67,88,existence,249.48
69,2,67,existence,114.66
128,40,88,debt,190.96
53,36,17,payment,176.13
60,42,18,existence,151.85
147,105,42,payment,321.74
49,27,22,payment,139.6
1,1,0,existence,3.28
88,45,43,debt,212.26
89,7,82,payment,168.22
125,80,45,debt,341.22
104,24,80,debt,308.55
42,28,14,payment,123.09
89,77,12,payment,231.36
84,40,44,payment,241.56
123,70,53,debt,247.97
151,87,64,existence,457.18
3,3,0,debt,28.74
156,115,41,debt,531.11
132,60,72,payment,224.49
147,17,130,payment,319.39
96,79,17,existence,213.19
104,93,11,debt,253.57
5,3,2,existence,11.14
4,2,2,debt,32.06
42,19,23,existence,122.59
6,5,1,payment,20.41
130,33,97,payment,224.39
126,19,107,existence,183.98
34,18,16,debt,113.14
109,39,70,existence,292.53
80,18,62,payment,198.44
113,19,94,payment,270.03
5,3,2,existence,11.5
123,17,106,payment,313.8
37,2,35,payment,92.15
10,2,8,payment,32.62
76,22,54,payment,187.92
96,96,0,existence,291.14
152,139,13,existence,487.12
84,71,13,debt,222.79
94,49,45,payment,257.69
35,15,20,payment,87.76
64,42,22,debt,163.77
77,29,48,existence,168.85
53,25,28,existence,104.93
65,9,56,payment,135.74
53,48,5,payment,192.21
58,13,45,existence,139.99
36,32,4,payment,124.73
47,5,42,debt,95.54
10,4,6,debt,45.28
135,60,75,payment,358.2
149,82,67,existence,370.31
67,20,47,debt,142.62
53,10,43,debt,114.88
125,75,50,debt,299.28
97,24,73,payment,240.97
121,4,117,debt,164.1
30,5,25,payment,86.81
44,21,23,debt,101.68
72,54,18,payment,210.9
22,6,16,payment,52.59
62,25,37,existence,125.94
54,43,11,payment,138.56
97,19,78,payment,249.89
32,32,0,payment,119.06
119,61,58,debt,351.08
129,3,126,payment,225.96
97,22,75,existence,260.56
60,3,57,payment,112.46
149,67,82,existence,323.58
8,3,5,payment,30.07
88,65,23,debt,238.88
134,38,96,existence,312.67
110,55,55,payment,246.4
4,3,1,payment,17.44
71,15,56,payment,142.14
29,21,8,existence,64.35
67,44,23,payment,140.94
104,60,44,existence,181.76
120,64,56,existence,361.75
35,9,26,debt,76.18
97,64,33,existence,242.03
101,95,6,debt,406.29
6,2,4,payment,19.72
30,11,19,debt,107.97
137,50,87,payment,340.46
71,45,26,payment,175.04
155,40,115,debt,429.96
133,112,21,payment,353.18
89,8,81,debt,158.44
113,71,42,payment,290.97
68,50,18,debt,171.07
17,1,16,debt,59.21
10,1,9,existence,19.87
36,25,11,debt,122.52
42,25,17,payment,84.36
132,34,98,existence,211.94
35,4,31,payment,82.99
29,15,14,existence,59.25
108,64,44,existence,231.73
58,31,27,existence,110.83
128,33,95,payment,309.41
78,30,48,existence,154.66
99,54,45,existence,186.24
156,142,14,existence,444.14
142,55,87,payment,262.28
94,29,65,payment,187.03
118,89,29,debt,342.98
152,108,44,debt,421.17
153,43,110,payment,251.74
26,9,17,debt,71.33
124,119,5,payment,362.65
135,23,112,debt,322.58
122,106,16,existence,384.26
139,87,52,existence,335.41
97,27,70,debt,164.5
50,4,46,existence,63.73
50,30,20,payment,152.98
12,1,11,payment,46.68
87,1,86,payment,232.01
25,25,0,existence,70.23
100,47,53,payment,190.05
28,26,2,existence,81.84
31,18,13,debt,94.7
92,43,49,existence,241.21
120,73,47,payment,247.01
70,21,49,debt,162.21
43,7,36,debt,104.53
57,39,18,existence,134.73
42,40,2,existence,114.91
114,74,40,debt,272.26
13,8,5,existence,34.79
115,77,38,payment,355.94
34,17,17,debt,87.85
28,15,13,payment,82.53
26,14,12,debt,86.02
37,8,29,debt,61.8
97,16,81,payment,262.34
110,23,87,existence,188.83
73,13,60,debt,121.37
60,37,23,debt,152.86
38,6,32,payment,81.9
7,3,4,debt,44.93
87,46,41,existence,215.79
58,12,46,payment,173.26
90,24,66,payment,155.85
144,82,62,debt,311.2
108,8,100,existence,210.31
139,71,68,existence,243.12
139,63,76,debt,291.07
149,138,11,existence,338.18
119,105,14,payment,307.15
71,58,13,existence,238.38
86,13,73,existence,178.3
84,11,73,existence,145.01
137,119,18,existence,434.3
21,8,13,payment,52.4
62,9,53,debt,168.9
137,1,136,debt,174.69
139,124,15,debt,479.31
43,20,23,existence,85.32
135,18,117,payment,236.43
114,75,39,existence,352.98
66,24,42,debt,172.94
29,17,12,payment,84.15
42,42,0,payment,130.2
109,33,76,payment,266.18
41,8,33,debt,95.4
62,37,25,debt,146.76
144,96,48,debt,292.51
64,19,45,existence,124.23
59,2,57,debt,127.92
144,138,6,payment,463.97
113,53,60,existence,284.72
20,13,7,debt,51.74
14,6,8,payment,52.71
87,53,34,payment,243.83
19,2,17,debt,46.96
104,82,22,existence,321.73
141,113,28,existence,296.16
124,68,56,debt,246.83
24,12,12,debt,78.47
124,15,109,debt,222.46
73,57,16,existence,249.3
104,70,34,existence,278.86
155,77,78,existence,315.51
80,45,35,existence,163.84
127,116,11,existence,413.88
6,3,3,debt,24.44
109,34,75,existence,238.32
120,36,84,debt,277.59
47,41,6,existence,131.82
131,99,32,debt,352.3
35,16,19,debt,98.51
19,16,3,debt,65.83
107,45,62,existence,229.22
133,67,66,debt,291.87
84,44,40,payment,245.37
147,129,18,existence,452.57
115,15,100,debt,193.78
35,20,15,payment,99.23
4,3,1,debt,18.98
50,30,20,existence,103.27
73,9,64,debt,194.97
99,76,23,existence,316.68
157,97,60,debt,430
41,40,1,debt,119.56
143,138,5,payment,489.89
5,5,0,debt,46.61
138,66,72,debt,431.08
147,67,80,existence,281.83
142,98,44,existence,294.17
40,21,19,existence,78.44
152,83,69,payment,304.5
111,68,43,existence,196.11
115,59,56,debt,258.67
97,11,86,existence,167.44
108,66,42,existence,234.53
30,16,14,debt,94.18
155,74,81,debt,372.44
74,23,51,payment,179.99
91,67,24,debt,281.82
95,29,66,debt,200.93
27,13,14,debt,70.23
67,66,1,payment,256.4
78,58,20,debt,193.93
118,7,111,existence,233.81
124,39,85,debt,261.04
95,52,43,payment,320.64
54,10,44,payment,152.78
13,7,6,debt,55.51
39,6,33,payment,104.74
89,60,29,debt,267.99
133,13,120,debt,350.41
18,1,17,existence,26
5,1,4,existence,12.15
97,60,37,payment,228.62
43,4,39,payment,67.63
17,15,2,payment,77.6
118,111,7,debt,227.99
127,29,98,payment,199.96
96,74,22,payment,195.26
79,67,12,payment,200.66
83,77,6,existence,200.65
97,48,49,debt,233.82
56,34,22,debt,201.06
6,3,3,payment,29.11
29,28,1,existence,98.32
5,2,3,payment,20.58
65,65,0,payment,224.24
88,36,52,existence,197.22
87,54,33,debt,275.13
30,10,20,debt,89.9
6,1,5,existence,8.9
1,1,0,payment,9.47
105,38,67,debt,225.17
134,43,91,existence,272.74
154,31,123,existence,305.84
115,60,55,existence,208.28
67,37,30,existence,117.37
46,45,1,debt,169.83
57,21,36,payment,139.65
132,36,96,existence,284.58
85,34,51,existence,227.04
153,22,131,payment,281.47
10,5,5,payment,33.24
110,92,18,existence,265.13
125,32,93,debt,274.47
52,13,39,debt,131.29
58,28,30,payment,167.43
28,5,23,existence,60.66
33,1,32,debt,78.74
23,4,19,existence,57.09
138,40,98,debt,393.7
20,8,12,debt,65.83
31,16,15,existence,78.55
56,53,3,debt,202.52
133,59,74,existence,203.07
127,123,4,debt,283.03
13,12,1,payment,52.97
64,6,58,existence,145.56
109,75,34,payment,290.49
153,40,113,existence,384.42
111,21,90,existence,268.47
91,81,10,payment,333.61
57,41,16,existence,141.89
67,6,61,payment,180.94
66,56,10,payment,186.41
7,4,3,debt,42.46
38,25,13,debt,103.07
6,6,0,payment,30.29
42,23,19,debt,107.64
137,65,72,debt,299.46
13,9,4,debt,54.43
29,2,27,existence,37.87
34,25,9,existence,107.87
148,83,65,existence,465.7
96,90,6,debt,319.97
53,4,49,payment,119.95
119,7,112,debt,272.63
87,85,2,existence,224.25
20,3,17,existence,33.04
72,21,51,existence,124.38
135,83,52,debt,319.34
115,61,54,existence,268.15
135,102,33,existence,387.38
93,5,88,debt,144.9
89,20,69,debt,222.7
147,60,87,existence,291.46
55,20,35,existence,124.48
20,17,3,debt,66.22
92,63,29,debt,326.32
30,1,29,debt,90.48
85,13,72,payment,230.65
84,53,31,debt,190.48
14,10,4,existence,39.65
103,99,4,existence,227.63
142,125,17,debt,329.67
88,28,60,existence,162.21
22,9,13,existence,55.58
106,17,89,debt,183.55
12,11,1,payment,44.38
93,38,55,debt,278.93
63,34,29,payment,125.48
46,44,2,debt,169.88
44,36,8,debt,173.31
125,74,51,existence,388.23
57,16,41,debt,166.99
119,74,45,payment,204.14
32,29,3,debt,92.3
104,18,86,payment,234.88
91,75,16,existence,260.34
3,2,1,debt,26.08
6,2,4,payment,20.63
49,22,27,existence,146.49
47,32,15,existence,138.5
110,89,21,debt,358.99
6,5,1,debt,33.62
106,100,6,payment,299.02
63,2,61,existence,82.62
107,38,69,debt,253.02
20,9,11,payment,52.85
32,8,24,payment,75.55
119,63,56,existence,234.19
103,49,54,existence,263.44
39,16,23,existence,95.56
43,41,2,existence,144.59
94,19,75,existence,176.63
73,31,42,debt,172.12
98,76,22,payment,245.27
86,60,26,existence,220.75
10,4,6,debt,48.65
107,24,83,payment,188.05
137,50,87,payment,306.96
141,108,33,existence,407.43
60,11,49,payment,168.48
37,3,34,existence,75.23
66,45,21,debt,143.74
64,38,26,payment,213.34
41,4,37,existence,54.7
49,18,31,debt,123.28
15,10,5,debt,66.38
41,36,5,existence,140.05
117,40,77,debt,347.96
16,2,14,payment,49.55
113,102,11,debt,320.54
65,61,4,payment,207.07
130,22,108,debt,325.71
135,97,38,existence,314.34
58,3,55,existence,83.89
1,1,0,existence,2.88
61,35,26,payment,182.43
131,11,120,existence,189.31
109,74,35,payment,269.12
4,1,3,debt,23.22
110,5,105,existence,152.98
55,22,33,payment,107.49
58,28,30,debt,156.41
134,131,3,existence,305.92
77,23,54,payment,166.86
35,30,5,debt,136.61
73,39,34,payment,203.23
13,4,9,debt,46.79
48,39,9,existence,112.53
40,8,32,payment,114.95
129,27,102,payment,291.75
125,24,101,existence,172.65
138,102,36,payment,365.06
114,79,35,existence,331.63
84,42,42,existence,201.56
150,77,73,payment,386.35
63,14,49,debt,134.87
117,49,68,debt,216.01
32,20,12,payment,93.48
153,21,132,debt,397.97
45,26,19,existence,112.39
77,64,13,debt,242.02
59,34,25,debt,129.63
11,1,10,debt,48.63
134,11,123,payment,250.31
65,21,44,existence,183.96
52,16,36,debt,114.67
33,8,25,existence,59.72
97,92,5,debt,271.94
47,38,9,debt,135.38
130,121,9,payment,436.2
45,32,13,debt,171.2
80,77,3,payment,219.95
142,121,21,debt,412.37
149,85,64,existence,355.21
61,23,38,existence,131.08
143,60,83,existence,374.36
90,4,86,debt,124.3
153,94,59,debt,453.85
109,4,105,debt,205.59
137,52,85,debt,347.13
87,22,65,payment,219.47
137,59,78,debt,414.22
119,23,96,debt,319.82
56,17,39,debt,152.04
94,20,74,existence,201.61
57,50,7,existence,107.2
23,20,3,existence,73.62
113,34,79,payment,274.86
78,22,56,debt,216.77
103,38,65,existence,177.65
8,5,3,existence,19.1
150,149,1,debt,514.57
142,129,13,payment,421.87
109,5,104,existence,133.61
96,22,74,debt,282.61
151,14,137,debt,306.36
81,35,46,payment,223.27
49,3,46,existence,94.36
129,10,119,payment,340.99
111,36,75,payment,277
59,42,17,existence,153.7
59,23,36,existence,128.76
144,9,135,existence,264.07
82,63,19,payment,233.58
2,2,0,existence,7.04
6,3,3,payment,25.53
76,66,10,payment,210.78
29,28,1,payment,110.8
148,106,42,existence,277.79
129,84,45,payment,446.91
30,4,26,debt,80.36
32,19,13,payment,97.7
45,7,38,existence,82.34
74,25,49,payment,150.44
42,18,24,payment,111.79
143,3,140,payment,288.34
56,27,29,payment,130.36
100,79,21,existence,213.95
156,97,59,payment,379.28
127,5,122,debt,291.05
132,10,122,existence,231.54
96,42,54,existence,215.1
131,81,50,payment,367.1
122,28,94,payment,266.42
96,51,45,payment,209.17
114,31,83,payment,208.18
95,90,5,payment,269.75
80,67,13,debt,223.31
44,21,23,existence,78.69
4,1,3,existence,8.23
14,11,3,debt,65.62
48,2,46,existence,102.25
146,13,133,payment,226.86
65,43,22,existence,175.47
47,14,33,existence,124.6
149,71,78,existence,456.18
73,65,8,debt,198.84
144,96,48,payment,346.42
2,1,1,payment,12.61
89,46,43,payment,277.47
123,75,48,payment,358.21
9,7,2,existence,21.23
9,4,5,debt,49.07
69,17,52,payment,197.47
104,75,29,debt,356.2
19,16,3,debt,61.51
41,3,38,existence,77.49
31,8,23,debt,84
150,70,80,payment,372.89
126,2,124,existence,274.65
22,20,2,payment,86.66
95,75,20,debt,270.79
109,5,104,debt,211.68
133,65,68,existence,373.59
59,8,51,debt,107.39
65,51,14,debt,150.36
118,7,111,debt,225.12
130,22,108,debt,325.49
76,61,15,debt,258.41
40,31,9,existence,90.62
123,49,74,payment,340.29
72,24,48,payment,158.75
143,126,17,existence,454.79
14,11,3,debt,59.04
73,28,45,existence,189.17
130,81,49,debt,412.15
10,7,3,debt,52.84
149,29,120,payment,239.08
110,62,48,debt,327.33
66,30,36,payment,219.96
32,1,31,payment,49.13
23,9,14,debt,61.83
62,19,43,debt,193.86
61,45,16,existence,198.16
7,3,4,existence,17.36
97,90,7,existence,270.22
26,26,0,debt,113.89
40,33,7,payment,131
144,8,136,existence,273.33
23,22,1,payment,85.9
43,16,27,existence,100.2
83,65,18,payment,201.89
11,6,5,debt,53.5
49,37,12,debt,134.18
146,49,97,existence,248.88
93,2,91,payment,193.77
36,24,12,payment,110.16
156,148,8,payment,317.54
97,55,42,payment,259.14
111,85,26,existence,347.33
101,17,84,debt,259.47
155,53,102,debt,355.43
6,2,4,existence,11.7
59,43,16,payment,142.84
29,26,3,payment,101.93
125,113,12,payment,400.97
44,16,28,existence,83.39
53,33,20,payment,178.34
11,1,10,debt,39.28
106,81,25,debt,278.12
126,90,36,existence,243.91
24,22,2,debt,92.46
146,1,145,existence,173.18
48,40,8,existence,109.84
60,10,50,debt,122.85
26,10,16,debt,75.58
138,44,94,existence,240.63
132,90,42,existence,378.09
42,41,1,existence,135.83
7,6,1,existence,24.72
36,3,33,existence,88.09
110,3,107,existence,173.49
89,62,27,payment,240.34
149,4,145,debt,383.05
58,6,52,existence,138.8
150,133,17,payment,429.33
110,83,27,payment,325.49
38,38,0,existence,101.78
141,64,77,payment,398.45
85,14,71,payment,175.7
66,14,52,debt,179.28
88,57,31,existence,216.65
88,22,66,payment,204.26
91,84,7,existence,292.67
91,88,3,debt,207.89
21,12,9,existence,65.77
112,71,41,existence,276.69
149,127,22,payment,450.82
35,3,32,existence,54.55
112,82,30,existence,256.02
118,25,93,payment,327.89
84,9,75,existence,108.81
86,71,15,payment,263.98
136,18,118,debt,209.98
155,122,33,payment,448.66
138,97,41,payment,385.34
52,38,14,debt,134.44
127,127,0,debt,416.83
94,10,84,debt,257.21
27,11,16,existence,57.99
111,68,43,debt,307.76
143,66,77,payment,266.97
84,51,33,debt,292.18
36,5,31,payment,67.2
126,100,26,existence,369.28
83,65,18,debt,271.4
39,6,33,existence,94.76
79,79,0,debt,235.78
25,16,9,payment,73.01
29,8,21,debt,100.49
149,124,25,debt,481.12
20,17,3,payment,70.23
16,9,7,debt,61.38
118,97,21,debt,283.28
3,3,0,payment,17.25
109,25,84,payment,264.89
76,62,14,existence,222.2
146,30,116,existence,232.87
103,99,4,payment,342.32
156,31,125,existence,384.84
86,64,22,existence,178.96
3,1,2,existence,5.61
60,7,53,payment,124.12
81,33,48,existence,156.04
50,31,19,debt,123.25
100,84,16,existence,233.02
83,57,26,payment,215.97
49,47,2,payment,175.63
57,21,36,debt,158.51
123,12,111,debt,198.28
45,21,24,debt,140.58
17,16,1,payment,75.3
111,17,94,debt,228.63
57,2,55,payment,106.45
79,49,30,existence,215.83
87,74,13,debt,181.16
16,3,13,existence,22.54
115,95,20,debt,312.65
80,28,52,debt,155.73
81,70,11,debt,314.15
143,131,12,payment,437.16
43,40,3,existence,95.55
16,4,12,payment,39.47
103,60,43,existence,286.19
55,18,37,debt,145.29
38,32,6,existence,101.01
99,59,40,debt,206.04
54,39,15,existence,109
110,93,17,payment,269.59
157,137,20,existence,490.75
50,44,6,debt,130.97
130,10,120,payment,309.9
61,5,56,existence,148.23
100,68,32,existence,254.91
112,10,102,debt,188.87
109,66,43,existence,179.23
15,12,3,debt,61.84
60,13,47,existence,130.37
18,4,14,debt,75.4
68,29,39,payment,198.86
28,4,24,existence,59.44
90,33,57,debt,180.91
127,42,85,payment,246.91
70,6,64,existence,111.38
121,98,23,payment,378.89
56,36,20,existence,158.01
88,63,25,existence,216.64
140,114,26,debt,326.13
29,5,24,debt,75.52
80,68,12,existence,253.14
82,29,53,payment,195.28
39,24,15,payment,104.15
97,67,30,existence,307.2
90,40,50,debt,205.81
23,11,12,existence,60.28
26,24,2,existence,84.01
33,24,9,existence,63.41
142,91,51,existence,347.2
86,68,18,debt,222.03
81,47,34,existence,162.82
150,96,54,debt,419.23
77,77,0,payment,206.99
134,68,66,debt,357.06
74,73,1,payment,197.44
110,103,7,payment,399.36
133,97,36,existence,338.49
154,86,68,debt,313.32
104,93,11,debt,349.69
49,8,41,payment,146.71
127,83,44,payment,339.42
2,2,0,debt,19.57
154,5,149,payment,395.48
38,31,7,existence,111.78
21,17,4,existence,61.85
4,3,1,existence,11.25
85,23,62,debt,152.29
116,31,85,existence,248.09
23,13,10,payment,58.35
113,26,87,existence,293.76
110,39,71,existence,238.39
149,64,85,payment,400.93
37,14,23,debt,101.85
48,7,41,payment,107.83
50,35,15,existence,99.9
137,42,95,existence,360.64
44,8,36,payment,109.66
36,9,27,debt,112.58
124,79,45,debt,261.49
106,39,67,debt,275.11
136,50,86,existence,344.12
137,136,1,debt,435.18
20,14,6,payment,58.15
91,86,5,existence,312.52
22,21,1,payment,75.03
132,15,117,payment,218.74
119,42,77,payment,292.37
121,8,113,debt,287.46
65,1,64,debt,128.94
72,11,61,existence,168.19
103,64,39,payment,244.37
152,94,58,existence,311.21
20,16,4,payment,63.75
26,23,3,debt,102.17
15,2,13,existence,34.85
32,3,29,existence,47.12
98,25,73,existence,214.83
125,32,93,payment,236.89
107,55,52,payment,260.84
57,35,22,debt,188.19
3,2,1,payment,23.31
33,15,18,debt,67.8
70,62,8,debt,224.16
109,100,9,payment,422.75
57,10,47,payment,134.68
53,8,45,debt,103.5
9,1,8,payment,26.95
124,113,11,payment,378.4
137,5,132,existence,200.93
156,71,85,debt,349.72
112,86,26,debt,336.55
118,2,116,debt,276.99
147,100,47,payment,397.89
6,5,1,existence,19.31
66,61,5,debt,202.72
21,2,19,existence,32.01
30,26,4,payment,75.98
72,2,70,payment,108.6
50,43,7,debt,189.56
38,12,26,payment,102.19
30,15,15,payment,103.52
108,19,89,payment,207.59
117,8,109,payment,275.75
63,26,37,debt,131.57
142,116,26,payment,465.86
133,3,130,existence,302.14
66,20,46,debt,178.97
105,49,56,debt,278.1
115,16,99,payment,222.39
144,36,108,debt,231.23
110,109,1,existence,244.55
2,1,1,debt,32.93
105,103,2,debt,284.23
90,88,2,debt,242.88
145,114,31,existence,398.88
137,113,24,payment,365.33
109,43,66,payment,318.06
128,26,102,debt,254.06
114,13,101,payment,195.2
145,140,5,debt,484.59
98,47,51,debt,302.57
58,31,27,payment,185.5
125,92,33,existence,301.49
4,4,0,debt,28.7
152,84,68,existence,328.85
27,13,14,debt,93.27
121,61,60,payment,372.41
154,51,103,existence,243.11
139,64,75,payment,384.89
71,36,35,existence,139.56
132,55,77,debt,407.79
3,3,0,payment,23.61
48,20,28,debt,90.44
34,29,5,debt,112.26
47,44,3,existence,139.37
56,10,46,debt,119.66
17,1,16,existence,42.98
10,6,4,payment,38.28
33,3,30,debt,77.48
147,98,49,debt,460.98
14,4,10,payment,50.1
23,2,21,payment,48.74
38,20,18,existence,83.56
26,19,7,payment,79.51
108,53,55,debt,224.71
32,12,20,payment,90.55
129,18,111,existence,241.32
20,12,8,payment,65.47
59,4,55,debt,106.04
101,58,43,debt,286.03
78,38,40,existence,220.5
81,59,22,payment,216.64
127,47,80,existence,364.36
56,2,54,existence,121.08
62,57,5,debt,213.3
122,40,82,payment,334.57
151,141,10,payment,444.69
70,32,38,debt,186.74
2,2,0,debt,30.47
8,7,1,payment,40.71
119,31,88,existence,218.54
120,62,58,existence,227.95
73,11,62,payment,109.18
126,22,104,payment,307.96
69,13,56,debt,126.49
115,102,13,debt,348.24
115,91,24,payment,237.94
69,8,61,payment,127.17
84,80,4,payment,231.78
24,8,16,existence,45.4
23,4,19,debt,81.92
145,78,67,debt,244.56
146,34,112,payment,341.65
44,7,37,debt,120.44
41,21,20,debt,122.08
2,1,1,payment,12.26
39,37,2,payment,104.24
116,29,87,payment,246.1
64,16,48,existence,130.11
149,90,59,existence,355.97
54,20,34,payment,135.01
46,9,37,payment,87.33
8,7,1,debt,53.29
83,10,73,existence,157.93
105,12,93,debt,240.06
74,3,71,payment,132.24
124,115,9,existence,359.85
42,20,22,payment,110.88
39,9,30,debt,98.63
14,5,9,payment,35.92
34,9,25,debt,110.66
116,86,30,existence,251.01
20,16,4,payment,57.41
147,84,63,payment,437.81
44,26,18,debt,122.02
22,15,7,payment,83.71
4,4,0,existence,9.18
128,41,87,debt,329.57
122,7,115,existence,161.36
33,12,21,debt,110.35
139,113,26,debt,392.67
85,41,44,debt,155.64
62,46,16,payment,220.24
101,88,13,debt,277.35
77,29,48,debt,199.83
157,34,123,payment,255.62
83,32,51,debt,169.65
71,50,21,existence,182.23
78,75,3,existence,233.36
157,147,10,payment,505.7
101,66,35,existence,268.85
132,101,31,existence,317.41
57,55,2,debt,119.29
120,38,82,debt,342.69
154,106,48,existence,362.78
58,46,12,payment,148.9
102,52,50,debt,246.8
64,57,7,existence,219.85
150,85,65,payment,314.77
147,71,76,existence,366.37
130,32,98,payment,295.53
91,25,66,payment,177.56
46,18,28,payment,93.88
12,4,8,debt,42.61
119,46,73,debt,307.93
153,149,4,existence,462.21
103,3,100,debt,203.86
135,27,108,existence,339.53
51,13,38,payment,140.97
65,37,28,payment,150.59
59,8,51,payment,105.52
96,64,32,payment,225.02
72,46,26,payment,172.79
41,13,28,existence,92.33
129,80,49,payment,311.11
63,24,39,payment,111.94
89,43,46,debt,273.25
8,1,7,debt,27.24
11,6,5,existence,23.14
50,19,31,existence,84.71
80,55,25,debt,239.05
46,43,3,existence,131.82
145,90,55,payment,321.77
17,6,11,existence,28.51
109,104,5,existence,243.13
28,7,21,existence,55.95
126,102,24,payment,297.67
34,20,14,payment,78.88
113,9,104,debt,275.48
1,1,0,existence,2.6
45,30,15,debt,160.81
62,7,55,existence,84.26
72,41,31,existence,163.26
108,4,104,debt,233.12
87,20,67,debt,162.79
102,83,19,debt,205.23
110,45,65,payment,335.3
42,34,8,existence,104.02
143,85,58,debt,433.16
134,122,12,payment,461.69
124,122,2,existence,409.7
90,8,82,payment,163.95
69,37,32,debt,187.57
139,83,56,existence,370.27
142,68,74,payment,258.4
67,46,21,existence,169.62
123,45,78,payment,217.88
153,58,95,existence,267.62
129,40,89,debt,246.61
88,52,36,payment,220.89
85,77,8,payment,293.47
26,2,24,payment,72.68
145,145,0,debt,528.2
54,50,4,debt,172.79
41,35,6,payment,110.95
118,21,97,payment,318.32
135,39,96,existence,289.78
38,24,14,debt,121.47
5,1,4,existence,12.32
15,2,13,existence,20.75
106,35,71,debt,182.97
85,54,31,existence,262.5
22,5,17,existence,29.71
143,55,88,existence,393.71
65,2,63,existence,124.27
154,1,153,existence,309.81
26,9,17,payment,57.65
146,59,87,debt,310.32
134,106,28,debt,419
79,52,27,payment,229
50,18,32,existence,107.08
9,5,4,debt,46.67
6,5,1,existence,20.43
106,3,103,debt,283.42
121,32,89,debt,253.99
41,2,39,payment,104.91
53,26,27,payment,116.33
36,23,13,existence,71.01
87,54,33,debt,254.98
42,10,32,payment,68.39
84,73,11,existence,240.91
63,55,8,existence,186.71
65,30,35,debt,192.89
109,46,63,payment,293.1
99,82,17,existence,307.88
121,66,55,existence,336.43
136,83,53,existence,257.57
156,128,28,payment,442.94
70,9,61,debt,167.1
82,1,81,debt,130.94
105,18,87,debt,267.08
153,143,10,debt,551.02
90,57,33,existence,202.44
120,104,16,payment,379.87
64,3,61,existence,144.45
60,22,38,payment,137.83
155,42,113,payment,334.86
23,19,4,existence,58.75
121,114,7,payment,306.2
43,11,32,payment,97.54
122,45,77,payment,263.72
17,14,3,existence,40.32
43,10,33,existence,117.91
130,108,22,existence,378.45
58,16,42,debt,151.46
140,68,72,debt,243.33
151,136,15,debt,479.89
82,58,24,payment,273.45
74,69,5,payment,187.88
110,66,44,payment,312.65
95,17,78,existence,227.93
52,13,39,payment,122
1,1,0,payment,15.42
127,103,24,existence,368.48
83,81,2,payment,288.81
123,25,98,debt,277.26
38,24,14,payment,118.61
14,2,12,existence,18.04
138,84,54,existence,382.76
143,36,107,debt,250.66
121,115,6,existence,273.29
87,85,2,debt,318.53
28,4,24,debt,80.52
94,90,4,payment,234.2
157,90,67,existence,421.45
78,25,53,payment,139.57
123,9,114,debt,203.98
114,110,4,payment,237.34
123,27,96,payment,215.22
129,25,104,debt,314.27
154,130,24,debt,420
58,47,11,debt,164.36
62,33,29,debt,188.27
115,76,39,debt,299.02
149,84,65,debt,448.27
11,9,2,payment,36.6
132,81,51,existence,307.98
39,15,24,existence,86.81
135,99,36,existence,308.67
69,53,16,debt,162.28
90,26,64,existence,197.54
3,3,0,debt,21.54
7,7,0,debt,47.86
70,31,39,existence,183.72
58,40,18,debt,160.72
138,119,19,payment,404.8
81,78,3,existence,253.34
29,22,7,payment,100.45
121,94,27,debt,336.06
131,85,46,existence,334.78
41,23,18,debt,123.48
18,4,14,existence,33.41
137,73,64,payment,336.96
89,31,58,existence,240.94
92,34,58,debt,218.11
133,102,31,payment,484.88
114,54,60,payment,284.54
107,13,94,payment,177.62
16,8,8,debt,49.37
45,12,33,payment,120.02
3,3,0,debt,28.61
148,73,75,payment,308.72
25,15,10,payment,66.99
98,55,43,payment,188.17
49,33,16,payment,106.45
62,42,20,existence,192.37
110,60,50,existence,249.6
122,20,102,debt,257.44
149,119,30,payment,334.67
103,9,94,existence,169.55
79,52,27,payment,167.95
128,126,2,payment,319.89
15,6,9,payment,48.21
82,53,29,existence,172.21
34,4,30,debt,87.98
94,6,88,debt,144.6
109,47,62,existence,300.21
83,72,11,payment,299.79
77,2,75,payment,116.82
55,19,36,debt,110.12
116,67,49,debt,334.88
21,3,18,existence,47.86
18,4,14,existence,31.36
12,12,0,existence,37.14
68,52,16,payment,205.02
51,46,5,payment,195.78
89,73,16,debt,254.35
43,37,6,existence,119.01
83,48,35,debt,295.04
131,98,33,existence,275.46
133,103,30,debt,356.91
147,131,16,existence,452.53
52,18,34,payment,120.16
76,25,51,debt,171.02
111,27,84,existence,221.45
19,13,6,debt,54.34
82,30,52,payment,244.04
4,4,0,payment,29.09
53,17,36,existence,103.47
60,38,22,existence,109.37
152,44,108,existence,261.29
89,55,34,payment,220.77
116,88,28,payment,348.4
20,10,10,debt,77.83
7,4,3,existence,21.54
79,64,15,existence,267.1
89,73,16,debt,252.09
61,38,23,existence,109.18
